6 0.853982 0.952030 0.855457 0.953874 0.856931 0.953874 0.858408 0.955720 0.861356 0.955720 0.862831 0.957564 0.864307 0.957564 0.865782 0.959410 0.867256 0.959410 0.871681 0.964945 0.873156 0.964945 0.879056 0.972325 0.879056 0.974169 0.882006 0.977861 0.882006 0.979705 0.884955 0.983394 0.884955 0.985240 0.886430 0.987084 0.886430 0.990774 0.887906 0.992620 0.887906 0.994466 0.889381 0.996310 0.787611 0.985240 0.790560 0.981551 0.790560 0.979705 0.803836 0.963100 0.805310 0.963100 0.806785 0.961254 0.808259 0.961254 0.809734 0.959410 0.811210 0.959410 0.812684 0.957564 0.814159 0.957564 0.817110 0.953874 0.818584 0.953874 0.820059 0.952030
7 0.719764 0.494465 0.725663 0.501844 0.727138 0.501844 0.727138 0.503690 0.730088 0.507380 0.731563 0.507380 0.731563 0.509226 0.735988 0.514760 0.735988 0.516605 0.737463 0.518449 0.737463 0.520295 0.738937 0.522141 0.738937 0.523985 0.740413 0.525831 0.740413 0.527675 0.741888 0.529521 0.741888 0.531365 0.743362 0.533210 0.743362 0.536900 0.744839 0.538746 0.744839 0.544280 0.746313 0.546126 0.746313 0.551661 0.747788 0.553505 0.747788 0.586715 0.746313 0.588561 0.746313 0.592251 0.744839 0.594095 0.744839 0.595941 0.740413 0.601476 0.740413 0.603320 0.731563 0.614392 0.730088 0.614392 0.727138 0.618082 0.725663 0.618082 0.722714 0.621771 0.721240 0.621771 0.719764 0.623617 0.715340 0.623617 0.713864 0.625461 0.712389 0.625461 0.710915 0.627307 0.707964 0.627307 0.705015 0.630997 0.703541 0.630997 0.702064 0.632841 0.700590 0.632841 0.699116 0.634687 0.696165 0.634687 0.694690 0.636531 0.681416 0.636531 0.679940 0.634687 0.676991 0.634687 0.675517 0.632841 0.671091 0.632841 0.665192 0.625461 0.665192 0.590405 0.675517 0.577490 0.676991 0.577490 0.682891 0.570110 0.684365 0.570110 0.685842 0.568266 0.687316 0.568266 0.691739 0.562731 0.691739 0.535054 0.690265 0.533210 0.690265 0.529521 0.685842 0.523985 0.685842 0.522141 0.682891 0.518449 0.682891 0.516605 0.681416 0.514760 0.681416 0.512916 0.679940 0.511070 0.679940 0.509226 0.678466 0.507380 0.678466 0.500000 0.679940 0.498155 0.679940 0.494465
5 0.053097 0.761993 0.061947 0.773063 0.061947 0.774908 0.063422 0.776752 0.063422 0.778598 0.064896 0.780442 0.064896 0.806273 0.063422 0.808119 0.063422 0.809963 0.060473 0.813652 0.060473 0.815498 0.056048 0.821034 0.056048 0.822878 0.054571 0.824724 0.054571 0.826568 0.051622 0.830257 0.045723 0.830257 0.044248 0.828413 0.042772 0.828413 0.041297 0.830257 0.035398 0.830257 0.033923 0.832103 0.032449 0.832103 0.030974 0.833949 0.029498 0.833949 0.028024 0.835793 0.028024 0.837639 0.026549 0.839483 0.026549 0.854244 0.025073 0.856088 0.026549 0.857934 0.025073 0.859780 0.025073 0.861623 0.016224 0.872693 0.001476 0.761993
4 0.317109 0.103321 0.318584 0.105165 0.318584 0.107011 0.323009 0.112547 0.323009 0.114391 0.325960 0.118080 0.325960 0.119926 0.327434 0.121770 0.327434 0.123616 0.328909 0.125462 0.328909 0.129152 0.330383 0.130996 0.330383 0.164206 0.328909 0.166052 0.328909 0.167898 0.327434 0.169741 0.327434 0.171587 0.325960 0.173431 0.325960 0.175277 0.323009 0.178967 0.323009 0.180811 0.318584 0.186347 0.318584 0.188192 0.305310 0.204797 0.305310 0.206641 0.302361 0.210333 0.300884 0.210333 0.299410 0.212177 0.297936 0.212177 0.294985 0.215867 0.293510 0.215867 0.290560 0.219557 0.289085 0.219557 0.287611 0.221402 0.255161 0.221402 0.253687 0.219557 0.250738 0.219557 0.249263 0.217713 0.247787 0.217713 0.246313 0.215867 0.241887 0.215867 0.240413 0.214023 0.238939 0.214023 0.237464 0.212177 0.234513 0.212177 0.233039 0.210333 0.231562 0.210333 0.228614 0.206641 0.227139 0.206641 0.225663 0.204797 0.224188 0.204797 0.219763 0.199262 0.219763 0.197418 0.216814 0.193726 0.216814 0.178967 0.221239 0.173431 0.224188 0.173431 0.225663 0.171587 0.228614 0.171587 0.231562 0.167898 0.234513 0.167898 0.235988 0.166052 0.237464 0.166052 0.238939 0.164206 0.240413 0.164206 0.241887 0.166052 0.243364 0.166052 0.244838 0.167898 0.249263 0.167898 0.250738 0.169741 0.252212 0.169741 0.253687 0.171587 0.265486 0.171587 0.266963 0.169741 0.272862 0.169741 0.275811 0.166052 0.277286 0.166052 0.281711 0.160516 0.281711 0.149447 0.280236 0.147601 0.280236 0.145757 0.278760 0.143911 0.278760 0.142067 0.277286 0.140221 0.277286 0.129152 0.275811 0.127306 0.275811 0.118080 0.277286 0.116237 0.277286 0.114391 0.278760 0.112547 0.278760 0.110701 0.284660 0.103321
11 0.508851 0.254613 0.511799 0.258302 0.513274 0.258302 0.517699 0.263838 0.519174 0.263838 0.520648 0.265682 0.520648 0.267528 0.523599 0.271218 0.523599 0.315499 0.519174 0.321033 0.519174 0.322879 0.517699 0.324723 0.517699 0.326568 0.516225 0.328414 0.516225 0.330258 0.500000 0.350553 0.498526 0.350553 0.497049 0.352399 0.495575 0.352399 0.494100 0.354243 0.491149 0.354243 0.489675 0.356089 0.488201 0.356089 0.486726 0.357933 0.457228 0.357933 0.454277 0.354243 0.451328 0.354243 0.449853 0.352399 0.448377 0.352399 0.445428 0.348709 0.443954 0.348709 0.441003 0.345019 0.439528 0.345019 0.429204 0.332104 0.429204 0.330258 0.426255 0.326568 0.426255 0.302584 0.432152 0.295202 0.433629 0.295202 0.435103 0.293358 0.445428 0.293358 0.446903 0.295202 0.449853 0.295202 0.451328 0.297048 0.452802 0.297048 0.454277 0.298892 0.457228 0.298892 0.458702 0.300738 0.470501 0.300738 0.476401 0.293358 0.476401 0.291512 0.477876 0.289668 0.477876 0.287823 0.479352 0.285979 0.479352 0.282287 0.480826 0.280443 0.480826 0.274907 0.482301 0.273063 0.482301 0.267528 0.483775 0.265682 0.483775 0.263838 0.485252 0.261992 0.485252 0.260148 0.486726 0.258302 0.488201 0.258302 0.491149 0.254613
10 0.414455 0.337638 0.414455 0.339484 0.415930 0.341328 0.417404 0.341328 0.423304 0.348709 0.424778 0.348709 0.432152 0.357933 0.432152 0.359778 0.435103 0.363468 0.435103 0.365314 0.439528 0.370848 0.439528 0.374540 0.441003 0.376384 0.441003 0.378229 0.442477 0.380073 0.442477 0.381919 0.443954 0.383763 0.443954 0.385609 0.445428 0.387455 0.445428 0.396678 0.446903 0.398524 0.446903 0.400368 0.448377 0.402214 0.446903 0.404060 0.446903 0.407750 0.448377 0.409594 0.446903 0.411439 0.446903 0.415129 0.448377 0.416973 0.448377 0.418819 0.446903 0.420665 0.448377 0.422509 0.448377 0.426199 0.446903 0.428045 0.446903 0.433580 0.445428 0.435424 0.445428 0.440960 0.442477 0.444650 0.442477 0.446495 0.441003 0.448339 0.441003 0.450185 0.439528 0.452029 0.439528 0.453875 0.436578 0.457565 0.405605 0.457565 0.405605 0.455719 0.404130 0.453875 0.404130 0.452029 0.402654 0.450185 0.402654 0.446495 0.401179 0.444650 0.401179 0.435424 0.399705 0.433580 0.399705 0.424355 0.398231 0.422509 0.398231 0.418819 0.396754 0.416973 0.396754 0.413283 0.389380 0.404060 0.387906 0.404060 0.384957 0.400368 0.383480 0.400368 0.380531 0.396678 0.376106 0.396678 0.374632 0.394834 0.373155 0.394834 0.371681 0.396678 0.370206 0.396678 0.368732 0.394834 0.367258 0.394834 0.365781 0.396678 0.364307 0.396678 0.362832 0.394834 0.358407 0.394834 0.353982 0.389299 0.353982 0.387455 0.352507 0.385609 0.352507 0.381919 0.351033 0.380073 0.351033 0.363468 0.352507 0.361624 0.352507 0.357933 0.355458 0.354243 0.355458 0.352399 0.361358 0.345019 0.361358 0.343173 0.362832 0.341328 0.364307 0.341328 0.367258 0.337638
0 0.302361 0.472324 0.303835 0.474170 0.306784 0.474170 0.309735 0.477860 0.314158 0.477860 0.315635 0.479706 0.317109 0.479706 0.318584 0.481549 0.320058 0.481549 0.324483 0.487085 0.325960 0.487085 0.331859 0.494465 0.333334 0.494465 0.334808 0.496311 0.334808 0.498155 0.336283 0.500000 0.336283 0.501844 0.337757 0.503690 0.337757 0.553505 0.334808 0.553505 0.333334 0.555351 0.333334 0.557195 0.328909 0.562731 0.328909 0.564577 0.323009 0.571956 0.320058 0.571956 0.318584 0.573800 0.311209 0.573800 0.309735 0.571956 0.309735 0.570110 0.308261 0.568266 0.308261 0.566421 0.306784 0.564577 0.305310 0.564577 0.300884 0.559041 0.299410 0.559041 0.293510 0.551661 0.290560 0.551661 0.286136 0.557195 0.286136 0.560885 0.284660 0.562731 0.284660 0.584871 0.286136 0.586715 0.286136 0.601476 0.284660 0.603320 0.284660 0.610702 0.283185 0.612546 0.283185 0.616236 0.281711 0.618082 0.281711 0.619925 0.275811 0.627307 0.274337 0.627307 0.271386 0.630997 0.269912 0.630997 0.268437 0.632841 0.266963 0.632841 0.265486 0.634687 0.264012 0.632841 0.261061 0.632841 0.259587 0.634687 0.258112 0.632841 0.255161 0.632841 0.253687 0.630997 0.252212 0.630997 0.250738 0.629151 0.249263 0.629151 0.244838 0.623617 0.243364 0.623617 0.237464 0.616236 0.237464 0.614392 0.231562 0.607010 0.231562 0.605166 0.230088 0.603320 0.230088 0.601476 0.228614 0.599631 0.228614 0.535054 0.231562 0.531365 0.231562 0.527675 0.233039 0.525831 0.233039 0.523985 0.234513 0.522141 0.234513 0.518449 0.237464 0.514760 0.237464 0.512916 0.238939 0.511070 0.238939 0.509226 0.241887 0.505536 0.241887 0.503690 0.243364 0.501844 0.244838 0.501844 0.246313 0.500000 0.246313 0.498155 0.249263 0.494465 0.250738 0.494465 0.252212 0.492621 0.252212 0.490775 0.253687 0.488929 0.255161 0.488929 0.256638 0.487085 0.258112 0.487085 0.259587 0.485239 0.261061 0.485239 0.262537 0.483395 0.264012 0.483395 0.265486 0.481549 0.266963 0.481549 0.268437 0.479706 0.269912 0.479706 0.271386 0.477860 0.274337 0.477860 0.275811 0.476014 0.277286 0.476014 0.278760 0.474170 0.284660 0.474170 0.286136 0.472324
8 0.676991 0.068265 0.682891 0.075645 0.684365 0.075645 0.685842 0.077491 0.687316 0.077491 0.688791 0.079337 0.688791 0.081181 0.693216 0.086716 0.694690 0.086716 0.694690 0.088560 0.700590 0.095942 0.700590 0.097786 0.702064 0.099631 0.702064 0.105165 0.705015 0.108857 0.705015 0.110701 0.706490 0.112547 0.706490 0.116237 0.707964 0.118080 0.707964 0.154982 0.706490 0.156826 0.706490 0.160516 0.703541 0.164206 0.703541 0.166052 0.702064 0.167898 0.702064 0.171587 0.699116 0.175277 0.699116 0.177121 0.691739 0.186347 0.690265 0.186347 0.688791 0.188192 0.687316 0.188192 0.682891 0.193726 0.681416 0.193726 0.675517 0.201108 0.650442 0.201108 0.647493 0.197418 0.643067 0.197418 0.641593 0.195572 0.640118 0.195572 0.635693 0.190036 0.635693 0.186347 0.634219 0.184503 0.634219 0.180811 0.632742 0.178967 0.632742 0.177121 0.631268 0.175277 0.631268 0.164206 0.638642 0.154982 0.640118 0.154982 0.644544 0.149447 0.646018 0.149447 0.647493 0.147601 0.647493 0.145757 0.650442 0.142067 0.650442 0.140221 0.651918 0.138377 0.651918 0.134686 0.653392 0.132842 0.653392 0.125462 0.640118 0.108857 0.640118 0.107011 0.638642 0.105165 0.638642 0.103321 0.637168 0.101475 0.637168 0.097786 0.635693 0.095942 0.635693 0.094096 0.634219 0.092252 0.634219 0.090406 0.632742 0.088560 0.632742 0.086716 0.631268 0.084870 0.631268 0.075645 0.632742 0.073801 0.632742 0.068265
7 0.323009 0.909595 0.325960 0.913284 0.328909 0.913284 0.330383 0.915128 0.331859 0.915128 0.336283 0.920664 0.337757 0.920664 0.337757 0.922510 0.339234 0.924354 0.340708 0.924354 0.345133 0.929890 0.345133 0.931733 0.346608 0.933579 0.346608 0.935425 0.349557 0.939115 0.349557 0.940959 0.352507 0.944649 0.352507 0.948339 0.353982 0.950184 0.353982 0.952030 0.355458 0.953874 0.355458 0.979705 0.353982 0.981551 0.353982 0.983394 0.351033 0.987084 0.351033 0.988930 0.349557 0.990774 0.348082 0.990774 0.345133 0.994466 0.339234 0.994466 0.337757 0.996310 0.330383 0.996310 0.324483 0.988930 0.324483 0.987084 0.321534 0.983394 0.321534 0.979705 0.317109 0.974169 0.315635 0.974169 0.314158 0.972325 0.312684 0.972325 0.311209 0.970479 0.309735 0.970479 0.308261 0.968635 0.306784 0.968635 0.305310 0.966789 0.290560 0.966789 0.289085 0.968635 0.287611 0.968635 0.286136 0.970479 0.286136 0.972325 0.284660 0.974169 0.284660 0.976015 0.283185 0.977861 0.283185 0.979705 0.281711 0.981551 0.281711 0.983394 0.278760 0.987084 0.278760 0.988930 0.272862 0.996310 0.262537 0.996310 0.261061 0.994466 0.259587 0.994466 0.258112 0.992620 0.256638 0.992620 0.252212 0.987084 0.252212 0.953874 0.253687 0.952030 0.253687 0.950184 0.255161 0.948339 0.255161 0.944649 0.256638 0.942805 0.256638 0.940959 0.258112 0.939115 0.258112 0.937269 0.259587 0.935425 0.259587 0.933579 0.264012 0.928044 0.265486 0.928044 0.274337 0.916974 0.275811 0.916974 0.277286 0.915128 0.278760 0.915128 0.280236 0.913284 0.283185 0.913284 0.284660 0.911439 0.287611 0.911439 0.289085 0.909595
12 0.019175 0.309963 0.020649 0.311807 0.022124 0.311807 0.025073 0.315499 0.026549 0.315499 0.028024 0.317343 0.029498 0.317343 0.033923 0.322879 0.035398 0.322879 0.035398 0.324723 0.038349 0.328414 0.038349 0.381919 0.036872 0.383763 0.036872 0.391145 0.035398 0.392989 0.035398 0.394834 0.033923 0.396678 0.033923 0.398524 0.032449 0.400368 0.032449 0.402214 0.029498 0.405904 0.029498 0.407750 0.025073 0.413283 0.025073 0.415129 0.019175 0.422509 0.017699 0.422509 0.016224 0.424355 0.014750 0.424355 0.008850 0.431734 0.007374 0.431734 0.005899 0.433580 0.004425 0.433580 0.002950 0.435424 0.001476 0.435424 0.001476 0.313653 0.004425 0.313653 0.005899 0.311807 0.007374 0.311807 0.008850 0.309963
12 0.123893 0.001845 0.120944 0.005535 0.120944 0.007381 0.116519 0.012915 0.115045 0.012915 0.112094 0.016604 0.110619 0.016604 0.109145 0.018450 0.107671 0.018450 0.106194 0.020296 0.079646 0.020296 0.079646 0.018450 0.078172 0.016604 0.076696 0.016604 0.075221 0.014760 0.073747 0.014760 0.072272 0.012915 0.070796 0.012915 0.069322 0.011071 0.067847 0.011071 0.067847 0.009225 0.064896 0.005535
9 0.582596 0.950184 0.584070 0.952030 0.585545 0.952030 0.587021 0.953874 0.589970 0.953874 0.592921 0.957564 0.594395 0.957564 0.597346 0.961254 0.598821 0.961254 0.600295 0.963100 0.601769 0.963100 0.603246 0.964945 0.604720 0.964945 0.606195 0.966789 0.607669 0.966789 0.610620 0.970479 0.612094 0.970479 0.613569 0.972325 0.622419 0.972325 0.623894 0.970479 0.629794 0.970479 0.631268 0.968635 0.640118 0.968635 0.641593 0.970479 0.644544 0.970479 0.646018 0.972325 0.647493 0.972325 0.650442 0.976015 0.651918 0.976015 0.654867 0.979705 0.654867 0.981551 0.657818 0.985240 0.659292 0.985240 0.660766 0.987084 0.662243 0.987084 0.663717 0.988930 0.665192 0.988930 0.666666 0.990774 0.669617 0.990774 0.671091 0.992620 0.563422 0.957564 0.566371 0.953874 0.567848 0.953874 0.569322 0.952030 0.572271 0.952030 0.573745 0.950184
11 0.185841 0.583026 0.188790 0.586715 0.193215 0.586715 0.194690 0.588561 0.196164 0.588561 0.199115 0.592251 0.200589 0.592251 0.206489 0.599631 0.206489 0.601476 0.210914 0.607010 0.210914 0.608856 0.215340 0.614392 0.215340 0.618082 0.216814 0.619925 0.216814 0.625461 0.218289 0.627307 0.218289 0.653136 0.216814 0.653136 0.212389 0.658671 0.210914 0.658671 0.209440 0.660517 0.207966 0.658671 0.205015 0.658671 0.203540 0.656827 0.202064 0.656827 0.200589 0.654981 0.199115 0.654981 0.197641 0.653136 0.193215 0.653136 0.191741 0.654981 0.184367 0.654981 0.182890 0.656827 0.178467 0.656827 0.176991 0.658671 0.175516 0.658671 0.174042 0.660517 0.172565 0.660517 0.168142 0.666051 0.166666 0.666051 0.165191 0.667897 0.159292 0.667897 0.157817 0.669743 0.156343 0.669743 0.154868 0.671586 0.154868 0.673432 0.150443 0.678966 0.150443 0.680812 0.147492 0.684502 0.147492 0.686348 0.144543 0.690037 0.143067 0.690037 0.138644 0.695571 0.137169 0.695571 0.134218 0.699263 0.132744 0.699263 0.131269 0.701107 0.129793 0.701107 0.128319 0.702953 0.126844 0.702953 0.125368 0.704797 0.120944 0.704797 0.119470 0.702953 0.115045 0.702953 0.113568 0.701107 0.112094 0.701107 0.110619 0.699263 0.110619 0.642066 0.112094 0.640222 0.112094 0.636531 0.113568 0.634687 0.113568 0.632841 0.115045 0.630997 0.115045 0.629151 0.116519 0.627307 0.116519 0.625461 0.119470 0.621771 0.119470 0.619925 0.122419 0.616236 0.123893 0.616236 0.125368 0.614392 0.125368 0.612546 0.126844 0.610702 0.128319 0.610702 0.134218 0.603320 0.135693 0.603320 0.137169 0.601476 0.137169 0.599631 0.140118 0.595941 0.141592 0.595941 0.146018 0.590405 0.147492 0.590405 0.150443 0.586715 0.153392 0.586715 0.154868 0.584871 0.157817 0.584871 0.159292 0.583026
10 0.153392 0.795203 0.154868 0.797047 0.159292 0.797047 0.160766 0.798893 0.163717 0.798893 0.165191 0.800739 0.166666 0.800739 0.168142 0.802583 0.169617 0.802583 0.174042 0.808119 0.175516 0.808119 0.184367 0.819188 0.184367 0.846864 0.181416 0.850554 0.179941 0.850554 0.178467 0.852398 0.159292 0.852398 0.157817 0.850554 0.156343 0.850554 0.154868 0.848708 0.150443 0.848708 0.148968 0.846864 0.146018 0.846864 0.144543 0.848708 0.143067 0.848708 0.140118 0.852398 0.140118 0.863469 0.141592 0.865313 0.141592 0.869003 0.140118 0.870849 0.140118 0.872693 0.141592 0.874539 0.141592 0.891144 0.140118 0.892990 0.140118 0.896679 0.129793 0.909595 0.128319 0.909595 0.125368 0.913284 0.110619 0.913284 0.104720 0.905905 0.104720 0.904059 0.097346 0.894834 0.097346 0.892990 0.094395 0.889298 0.094395 0.887454 0.092920 0.885608 0.092920 0.881918 0.089971 0.878229 0.089971 0.833949 0.092920 0.830257 0.092920 0.828413 0.094395 0.826568 0.094395 0.824724 0.095869 0.822878 0.095869 0.821034 0.098820 0.817344 0.098820 0.815498 0.103245 0.809963 0.104720 0.809963 0.112094 0.800739 0.113568 0.800739 0.115045 0.798893 0.116519 0.798893 0.117994 0.797047 0.120944 0.797047 0.122419 0.795203
3 0.535398 0.001845 0.529499 0.001845 0.528024 0.003689 0.508851 0.003689 0.507374 0.001845 0.502951 0.001845
6 0.980825 0.525831 0.982301 0.527675 0.983776 0.527675 0.986725 0.531365 0.988201 0.531365 0.991150 0.535054 0.992626 0.535054 0.995575 0.653136 0.995575 0.654981 0.988201 0.664207 0.986725 0.664207 0.985250 0.666051 0.985250 0.667897 0.946903 0.667897 0.946903 0.666051 0.945427 0.664207 0.943952 0.664207 0.942478 0.662361 0.942478 0.660517 0.941003 0.658671 0.941003 0.656827 0.939529 0.654981 0.939529 0.645756 0.941003 0.643912 0.941003 0.640222 0.948378 0.630997 0.949852 0.630997 0.952803 0.627307 0.954277 0.627307 0.958703 0.621771 0.958703 0.619925 0.961651 0.616236 0.961651 0.612546 0.963128 0.610702 0.963128 0.608856 0.966077 0.605166 0.966077 0.601476 0.967551 0.599631 0.967551 0.597787 0.966077 0.595941 0.967551 0.594095 0.967551 0.584871 0.961651 0.577490 0.960177 0.577490 0.958703 0.575646 0.957228 0.575646 0.955752 0.573800 0.954277 0.573800 0.951326 0.570110 0.948378 0.570110 0.946903 0.568266 0.943952 0.568266 0.941003 0.564577 0.939529 0.564577 0.938053 0.562731 0.936578 0.562731 0.932153 0.557195 0.930678 0.557195 0.930678 0.555351 0.929204 0.553505 0.929204 0.551661 0.927728 0.549815 0.927728 0.547970 0.926253 0.546126 0.926253 0.531365 0.929204 0.527675 0.929204 0.525831
7 0.707964 0.370848 0.709439 0.372694 0.715340 0.372694 0.718289 0.376384 0.719764 0.376384 0.724189 0.381919 0.725663 0.381919 0.727138 0.383763 0.727138 0.385609 0.728614 0.387455 0.730088 0.387455 0.730088 0.389299 0.733039 0.392989 0.733039 0.394834 0.734514 0.396678 0.734514 0.398524 0.738937 0.404060 0.738937 0.452029 0.734514 0.457565 0.734514 0.459409 0.724189 0.472324 0.722714 0.472324 0.716815 0.479706 0.715340 0.479706 0.712389 0.483395 0.710915 0.483395 0.707964 0.487085 0.706490 0.487085 0.705015 0.488929 0.702064 0.488929 0.700590 0.490775 0.696165 0.490775 0.694690 0.492621 0.691739 0.492621 0.690265 0.494465 0.668141 0.494465 0.666666 0.492621 0.663717 0.492621 0.662243 0.490775 0.656343 0.490775 0.654867 0.488929 0.651918 0.488929 0.648967 0.485239 0.647493 0.485239 0.646018 0.483395 0.644544 0.483395 0.634219 0.470480 0.634219 0.429888 0.635693 0.428045 0.637168 0.428045 0.638642 0.426199 0.650442 0.426199 0.651918 0.428045 0.657818 0.428045 0.659292 0.429888 0.669617 0.429888 0.671091 0.428045 0.672566 0.428045 0.675517 0.424355 0.676991 0.424355 0.678466 0.422509 0.679940 0.422509 0.684365 0.416973 0.684365 0.402214 0.685842 0.400368 0.685842 0.392989 0.687316 0.391145 0.687316 0.387455 0.691739 0.381919 0.691739 0.380073 0.693216 0.378229 0.694690 0.378229 0.699116 0.372694 0.700590 0.372694 0.702064 0.370848
0 0.628319 0.009225 0.629794 0.011071 0.631268 0.011071 0.634219 0.014760 0.635693 0.014760 0.637168 0.016604 0.638642 0.016604 0.648967 0.029520 0.648967 0.031365 0.651918 0.035055 0.651918 0.036901 0.654867 0.040591 0.654867 0.042435 0.656343 0.044281 0.656343 0.046125 0.657818 0.047970 0.657818 0.049816 0.659292 0.051660 0.659292 0.053506 0.660766 0.055350 0.660766 0.059040 0.662243 0.060886 0.662243 0.114391 0.659292 0.118080 0.659292 0.119926 0.656343 0.123616 0.656343 0.125462 0.646018 0.138377 0.644544 0.138377 0.638642 0.145757 0.615043 0.145757 0.615043 0.143911 0.612094 0.140221 0.610620 0.140221 0.610620 0.138377 0.609144 0.136531 0.609144 0.127306 0.610620 0.125462 0.610620 0.123616 0.613569 0.119926 0.613569 0.118080 0.616520 0.114391 0.616520 0.107011 0.617994 0.105165 0.616520 0.103321 0.616520 0.099631 0.615043 0.097786 0.615043 0.090406 0.613569 0.088560 0.613569 0.086716 0.612094 0.084870 0.612094 0.083026 0.604720 0.073801 0.603246 0.073801 0.601769 0.071955 0.600295 0.071955 0.597346 0.068265 0.595870 0.068265 0.594395 0.066421 0.592921 0.066421 0.591446 0.064576 0.589970 0.064576 0.588496 0.062730 0.587021 0.062730 0.587021 0.020296 0.588496 0.020296 0.592921 0.014760 0.594395 0.014760 0.598821 0.009225
8 0.441003 0.761993 0.442477 0.763837 0.445428 0.763837 0.451328 0.771217 0.452802 0.771217 0.457228 0.776752 0.457228 0.778598 0.460177 0.782288 0.460177 0.784132 0.463127 0.787824 0.463127 0.789668 0.464602 0.791514 0.464602 0.793357 0.466076 0.795203 0.466076 0.854244 0.464602 0.856088 0.464602 0.857934 0.463127 0.859780 0.463127 0.861623 0.461651 0.863469 0.461651 0.865313 0.460177 0.867159 0.460177 0.869003 0.454277 0.876385 0.454277 0.878229 0.449853 0.883764 0.449853 0.885608 0.441003 0.896679 0.439528 0.896679 0.436578 0.900369 0.435103 0.900369 0.432152 0.904059 0.430678 0.904059 0.429204 0.905905 0.426255 0.905905 0.424778 0.907749 0.421829 0.907749 0.420355 0.909595 0.415930 0.909595 0.414455 0.911439 0.402654 0.911439 0.401179 0.909595 0.396754 0.909595 0.393805 0.905905 0.390856 0.905905 0.387906 0.902213 0.386431 0.902213 0.382006 0.896679 0.380531 0.896679 0.379055 0.894834 0.379055 0.848708 0.380531 0.848708 0.382006 0.846864 0.384957 0.846864 0.386431 0.845018 0.396754 0.845018 0.398231 0.846864 0.410030 0.846864 0.412979 0.843173 0.414455 0.843173 0.417404 0.839483 0.418879 0.839483 0.420355 0.837639 0.421829 0.837639 0.423304 0.835793 0.423304 0.833949 0.429204 0.826568 0.429204 0.824724 0.430678 0.822878 0.429204 0.821034 0.429204 0.811808 0.427729 0.809963 0.427729 0.806273 0.426255 0.804429 0.426255 0.800739 0.424778 0.798893 0.424778 0.797047 0.423304 0.795203 0.423304 0.793357 0.420355 0.789668 0.420355 0.785978 0.418879 0.784132 0.418879 0.771217 0.421829 0.767527 0.421829 0.765683 0.424778 0.761993
1 0.483775 0.011071 0.482301 0.011071 0.477876 0.016604 0.476401 0.016604 0.474927 0.018450 0.461651 0.018450 0.460177 0.016604 0.457228 0.016604 0.455751 0.014760 0.452802 0.014760 0.451328 0.012915 0.445428 0.012915 0.443954 0.014760 0.438052 0.014760 0.436578 0.016604 0.433629 0.016604 0.430678 0.020296 0.429204 0.020296 0.427729 0.022140 0.426255 0.022140 0.421829 0.027676 0.421829 0.029520 0.415930 0.036901 0.414455 0.036901 0.412979 0.038745 0.411504 0.038745 0.410030 0.040591 0.407079 0.040591 0.404130 0.044281 0.401179 0.044281 0.399705 0.046125 0.390856 0.046125 0.387906 0.042435
9 0.560472 0.701107 0.561948 0.702953 0.566371 0.702953 0.567848 0.704797 0.572271 0.704797 0.575222 0.708486 0.578171 0.708486 0.581121 0.712176 0.582596 0.712176 0.587021 0.717712 0.588496 0.717712 0.597346 0.728783 0.597346 0.730627 0.600295 0.734317 0.600295 0.736163 0.603246 0.739853 0.603246 0.769373 0.601769 0.771217 0.601769 0.773063 0.600295 0.774908 0.600295 0.776752 0.597346 0.780442 0.595870 0.780442 0.594395 0.782288 0.591446 0.782288 0.589970 0.784132 0.582596 0.784132 0.581121 0.782288 0.578171 0.782288 0.575222 0.778598 0.573745 0.778598 0.572271 0.776752 0.570796 0.776752 0.566371 0.771217 0.564897 0.771217 0.561948 0.767527 0.560472 0.767527 0.558997 0.765683 0.558997 0.763837 0.557523 0.761993 0.557523 0.760147 0.556046 0.758303 0.554572 0.758303 0.550147 0.752768 0.541298 0.752768 0.539823 0.754612 0.536873 0.754612 0.532449 0.760147 0.532449 0.771217 0.533924 0.773063 0.533924 0.780442 0.532449 0.782288 0.532449 0.787824 0.529499 0.791514 0.528024 0.791514 0.525073 0.795203 0.523599 0.795203 0.522124 0.797047 0.516225 0.797047 0.514748 0.798893 0.510325 0.798893 0.508851 0.797047 0.502951 0.797047 0.500000 0.793357 0.498526 0.793357 0.491149 0.784132 0.491149 0.782288 0.489675 0.780442 0.489675 0.776752 0.486726 0.773063 0.486726 0.738007 0.488201 0.736163 0.488201 0.732473 0.491149 0.728783 0.491149 0.726937 0.492626 0.725091 0.492626 0.723247 0.494100 0.721402 0.495575 0.721402 0.497049 0.719558 0.497049 0.717712 0.498526 0.715868 0.500000 0.715868 0.505900 0.708486 0.507374 0.708486 0.508851 0.706642 0.510325 0.706642 0.513274 0.702953 0.514748 0.702953 0.516225 0.701107
5 0.607669 0.571956 0.610620 0.575646 0.616520 0.575646 0.619469 0.579336 0.620943 0.579336 0.623894 0.583026 0.625368 0.583026 0.634219 0.594095 0.634219 0.632841 0.632742 0.632841 0.631268 0.634687 0.631268 0.636531 0.629794 0.638376 0.628319 0.638376 0.623894 0.643912 0.620943 0.643912 0.619469 0.645756 0.615043 0.645756 0.613569 0.643912 0.610620 0.643912 0.609144 0.642066 0.592921 0.642066 0.591446 0.643912 0.585545 0.643912 0.584070 0.645756 0.582596 0.645756 0.581121 0.647602 0.581121 0.653136 0.579645 0.654981 0.579645 0.656827 0.581121 0.658671 0.581121 0.660517 0.582596 0.662361 0.582596 0.664207 0.584070 0.666051 0.584070 0.667897 0.585545 0.669743 0.585545 0.691881 0.584070 0.693727 0.584070 0.697417 0.582596 0.699263 0.582596 0.702953 0.576696 0.710332 0.575222 0.710332 0.573745 0.712176 0.572271 0.712176 0.570796 0.714022 0.561948 0.714022 0.558997 0.710332 0.557523 0.710332 0.553097 0.704797 0.551623 0.704797 0.551623 0.702953 0.547198 0.697417 0.547198 0.695571 0.544249 0.691881 0.544249 0.690037 0.542772 0.688192 0.542772 0.686348 0.541298 0.684502 0.541298 0.682658 0.539823 0.680812 0.539823 0.677122 0.538349 0.675276 0.538349 0.673432 0.536873 0.671586 0.536873 0.629151 0.538349 0.627307 0.538349 0.625461 0.539823 0.623617 0.539823 0.621771 0.541298 0.619925 0.541298 0.618082 0.542772 0.616236 0.542772 0.614392 0.545723 0.610702 0.545723 0.607010 0.550147 0.601476 0.550147 0.599631 0.551623 0.597787 0.551623 0.595941 0.553097 0.594095 0.554572 0.594095 0.563422 0.583026 0.566371 0.583026 0.569322 0.579336 0.570796 0.579336 0.572271 0.577490 0.575222 0.577490 0.576696 0.575646 0.579645 0.575646 0.581121 0.573800 0.582596 0.573800 0.584070 0.571956
4 0.296461 0.843173 0.297936 0.845018 0.300884 0.845018 0.302361 0.846864 0.306784 0.846864 0.308261 0.848708 0.309735 0.848708 0.311209 0.850554 0.314158 0.850554 0.317109 0.854244 0.318584 0.854244 0.321534 0.857934 0.323009 0.857934 0.334808 0.872693 0.334808 0.874539 0.337757 0.878229 0.337757 0.880074 0.339234 0.881918 0.339234 0.883764 0.342182 0.887454 0.342182 0.924354 0.339234 0.928044 0.339234 0.929890 0.333334 0.937269 0.333334 0.939115 0.325960 0.948339 0.324483 0.948339 0.323009 0.950184 0.317109 0.950184 0.315635 0.948339 0.311209 0.948339 0.308261 0.944649 0.306784 0.944649 0.305310 0.942805 0.303835 0.942805 0.300884 0.939115 0.299410 0.939115 0.299410 0.937269 0.294985 0.931733 0.294985 0.928044 0.293510 0.926200 0.293510 0.916974 0.289085 0.911439 0.287611 0.911439 0.286136 0.909595 0.283185 0.909595 0.281711 0.907749 0.277286 0.907749 0.275811 0.909595 0.262537 0.909595 0.261061 0.911439 0.259587 0.911439 0.258112 0.913284 0.224188 0.913284 0.222714 0.911439 0.221239 0.911439 0.219763 0.909595 0.219763 0.887454 0.222714 0.883764 0.222714 0.881918 0.224188 0.880074 0.224188 0.878229 0.228614 0.872693 0.228614 0.870849 0.231562 0.867159 0.231562 0.865313 0.234513 0.861623 0.235988 0.861623 0.240413 0.856088 0.241887 0.856088 0.244838 0.852398 0.246313 0.852398 0.249263 0.848708 0.250738 0.848708 0.253687 0.845018 0.258112 0.845018 0.259587 0.843173
6 0.467551 0.920664 0.469027 0.922510 0.471976 0.922510 0.473452 0.924354 0.474927 0.924354 0.477876 0.928044 0.479352 0.928044 0.486726 0.937269 0.486726 0.939115 0.494100 0.948339 0.497049 0.948339 0.498526 0.950184 0.500000 0.948339 0.529499 0.948339 0.530973 0.950184 0.536873 0.950184 0.539823 0.953874 0.541298 0.953874 0.542772 0.955720 0.542772 0.990774 0.539823 0.994466 0.539823 0.996310 0.460177 0.994466 0.458702 0.994466 0.455751 0.990774 0.455751 0.988930 0.451328 0.983394 0.451328 0.979705 0.449853 0.977861 0.449853 0.976015 0.448377 0.974169 0.448377 0.970479 0.446903 0.968635 0.446903 0.933579 0.454277 0.924354 0.455751 0.924354 0.457228 0.922510 0.458702 0.922510 0.460177 0.920664
12 0.156343 0.206641 0.157817 0.208487 0.157817 0.210333 0.159292 0.212177 0.159292 0.214023 0.160766 0.215867 0.160766 0.217713 0.165191 0.223246 0.165191 0.225092 0.172565 0.234318 0.174042 0.234318 0.175516 0.236162 0.178467 0.236162 0.179941 0.234318 0.181416 0.234318 0.182890 0.232472 0.184367 0.232472 0.185841 0.230628 0.194690 0.230628 0.196164 0.232472 0.199115 0.232472 0.200589 0.234318 0.202064 0.234318 0.206489 0.239851 0.206489 0.263838 0.203540 0.267528 0.203540 0.269374 0.199115 0.274907 0.197641 0.274907 0.193215 0.280443 0.191741 0.280443 0.188790 0.284133 0.146018 0.284133 0.144543 0.282287 0.141592 0.282287 0.138644 0.278597 0.137169 0.278597 0.135693 0.276753 0.134218 0.276753 0.131269 0.273063 0.129793 0.273063 0.122419 0.263838 0.122419 0.261992 0.117994 0.256458 0.117994 0.254613 0.116519 0.252767 0.116519 0.247233 0.115045 0.245387 0.115045 0.214023 0.117994 0.210333 0.117994 0.208487 0.119470 0.206641
0 0.998524 0.160516 0.998524 0.154982 0.997050 0.153136 0.997050 0.151292 0.991150 0.143911 0.991150 0.142067 0.989676 0.140221 0.988201 0.140221 0.985250 0.136531 0.985250 0.134686 0.983776 0.132842 0.983776 0.130996 0.980825 0.127306 0.980825 0.123616 0.982301 0.121770 0.982301 0.116237 0.980825 0.114391 0.980825 0.110701 0.982301 0.108857 0.982301 0.103321 0.983776 0.101475 0.983776 0.099631
2 0.132744 0.540590 0.137169 0.546126 0.137169 0.547970 0.141592 0.553505 0.141592 0.555351 0.143067 0.557195 0.143067 0.560885 0.144543 0.562731 0.144543 0.603320 0.143067 0.605166 0.143067 0.608856 0.141592 0.610702 0.141592 0.612546 0.140118 0.614392 0.140118 0.616236 0.138644 0.618082 0.138644 0.619925 0.137169 0.621771 0.137169 0.623617 0.131269 0.630997 0.131269 0.632841 0.128319 0.636531 0.126844 0.636531 0.119470 0.645756 0.117994 0.645756 0.113568 0.651292 0.084070 0.651292 0.082595 0.649446 0.081121 0.649446 0.079646 0.647602 0.078172 0.647602 0.075221 0.643912 0.073747 0.643912 0.072272 0.642066 0.070796 0.642066 0.067847 0.638376 0.066371 0.638376 0.060473 0.630997 0.060473 0.629151 0.056048 0.623617 0.054571 0.623617 0.053097 0.621771 0.053097 0.619925 0.050148 0.616236 0.050148 0.614392 0.048674 0.612546 0.048674 0.610702 0.047197 0.608856 0.047197 0.583026 0.050148 0.579336 0.050148 0.577490 0.051622 0.577490 0.054571 0.573800 0.063422 0.573800 0.064896 0.575646 0.066371 0.575646 0.069322 0.579336 0.070796 0.579336 0.072272 0.581182 0.073747 0.581182 0.075221 0.583026 0.078172 0.583026 0.079646 0.584871 0.084070 0.584871 0.085546 0.586715 0.087021 0.586715 0.088495 0.588561 0.095869 0.588561 0.097346 0.586715 0.098820 0.586715 0.101769 0.583026 0.101769 0.581182 0.103245 0.579336 0.103245 0.575646 0.104720 0.573800 0.104720 0.547970 0.106194 0.546126 0.106194 0.544280 0.109145 0.540590
11 0.387906 0.691881 0.398231 0.704797 0.399705 0.704797 0.401179 0.706642 0.404130 0.706642 0.405605 0.708486 0.411504 0.708486 0.412979 0.706642 0.418879 0.706642 0.420355 0.704797 0.421829 0.704797 0.423304 0.702953 0.424778 0.702953 0.426255 0.701107 0.429204 0.701107 0.438052 0.712176 0.438052 0.714022 0.439528 0.715868 0.439528 0.719558 0.441003 0.721402 0.441003 0.725091 0.446903 0.732473 0.446903 0.738007 0.448377 0.739853 0.448377 0.741698 0.449853 0.743542 0.449853 0.749078 0.452802 0.752768 0.452802 0.773063 0.451328 0.774908 0.451328 0.776752 0.449853 0.778598 0.449853 0.782288 0.448377 0.784132 0.448377 0.787824 0.446903 0.789668 0.446903 0.791514 0.445428 0.793357 0.445428 0.797047 0.443954 0.798893 0.443954 0.800739 0.442477 0.802583 0.442477 0.804429 0.439528 0.808119 0.439528 0.809963 0.390856 0.809963 0.384957 0.802583 0.384957 0.800739 0.383480 0.798893 0.383480 0.797047 0.382006 0.795203 0.382006 0.782288 0.383480 0.780442 0.383480 0.773063 0.384957 0.771217 0.384957 0.760147 0.382006 0.756458 0.382006 0.754612 0.379055 0.750922 0.379055 0.749078 0.377581 0.747232 0.377581 0.745388 0.374632 0.741698 0.373155 0.741698 0.371681 0.739853 0.368732 0.739853 0.367258 0.738007 0.364307 0.738007 0.362832 0.736163 0.361358 0.736163 0.358407 0.732473 0.356933 0.732473 0.355458 0.730627 0.352507 0.730627 0.349557 0.726937 0.349557 0.725091 0.346608 0.721402 0.346608 0.719558 0.345133 0.717712 0.345133 0.710332 0.346608 0.708486 0.346608 0.706642 0.349557 0.702953 0.349557 0.701107 0.355458 0.693727 0.355458 0.691881
0 0.007374 0.662361 0.008850 0.664207 0.010324 0.664207 0.011799 0.666051 0.013275 0.666051 0.014750 0.667897 0.016224 0.667897 0.017699 0.669743 0.019175 0.669743 0.020649 0.671586 0.022124 0.671586 0.025073 0.675276 0.025073 0.677122 0.030974 0.684502 0.030974 0.712176 0.029498 0.712176 0.028024 0.714022 0.014750 0.714022 0.013275 0.712176 0.011799 0.712176 0.010324 0.710332 0.008850 0.710332 0.005899 0.706642 0.004425 0.706642 0.001476 0.702953
8 0.635693 0.618082 0.637168 0.619925 0.638642 0.619925 0.641593 0.623617 0.643067 0.623617 0.648967 0.630997 0.650442 0.630997 0.650442 0.632841 0.656343 0.640222 0.656343 0.642066 0.659292 0.645756 0.659292 0.702953 0.657818 0.704797 0.657818 0.706642 0.656343 0.708486 0.656343 0.712176 0.654867 0.714022 0.654867 0.715868 0.651918 0.719558 0.651918 0.721402 0.646018 0.728783 0.646018 0.730627 0.640118 0.738007 0.638642 0.738007 0.637168 0.739853 0.634219 0.739853 0.632742 0.741698 0.631268 0.741698 0.628319 0.745388 0.626845 0.745388 0.625368 0.747232 0.622419 0.747232 0.620943 0.749078 0.619469 0.749078 0.617994 0.750922 0.600295 0.750922 0.598821 0.749078 0.597346 0.749078 0.592921 0.743542 0.592921 0.741698 0.591446 0.739853 0.591446 0.738007 0.589970 0.736163 0.589970 0.723247 0.591446 0.721402 0.591446 0.719558 0.594395 0.715868 0.594395 0.714022 0.598821 0.708486 0.600295 0.708486 0.606195 0.701107 0.606195 0.699263 0.607669 0.699263 0.609144 0.697417 0.609144 0.695571 0.612094 0.691881 0.612094 0.690037 0.613569 0.688192 0.613569 0.686348 0.615043 0.684502 0.615043 0.675276 0.613569 0.673432 0.613569 0.667897 0.612094 0.666051 0.612094 0.664207 0.604720 0.654981 0.603246 0.654981 0.601769 0.653136 0.598821 0.653136 0.597346 0.651292 0.595870 0.651292 0.589970 0.643912 0.589970 0.638376 0.588496 0.636531 0.588496 0.627307 0.589970 0.625461 0.589970 0.621771 0.592921 0.618082
3 0.793511 0.763837 0.794985 0.765683 0.796460 0.765683 0.799411 0.769373 0.800885 0.769373 0.809734 0.780442 0.809734 0.782288 0.814159 0.787824 0.814159 0.789668 0.815633 0.791514 0.815633 0.795203 0.818584 0.798893 0.818584 0.828413 0.815633 0.832103 0.815633 0.839483 0.817110 0.841329 0.817110 0.852398 0.814159 0.856088 0.814159 0.857934 0.812684 0.859780 0.812684 0.861623 0.811210 0.863469 0.811210 0.865313 0.809734 0.867159 0.809734 0.869003 0.808259 0.870849 0.808259 0.872693 0.806785 0.874539 0.805310 0.874539 0.794985 0.887454 0.794985 0.889298 0.787611 0.898523 0.755162 0.898523 0.755162 0.896679 0.752213 0.892990 0.750737 0.892990 0.747788 0.889298 0.746313 0.889298 0.744839 0.887454 0.743362 0.887454 0.740413 0.883764 0.728614 0.883764 0.727138 0.881918 0.725663 0.881918 0.722714 0.878229 0.722714 0.876385 0.718289 0.870849 0.718289 0.826568 0.725663 0.817344 0.725663 0.815498 0.728614 0.811808 0.730088 0.811808 0.731563 0.809963 0.733039 0.809963 0.734514 0.808119 0.737463 0.808119 0.753687 0.787824 0.755162 0.787824 0.756636 0.785978 0.756636 0.784132 0.758113 0.782288 0.758113 0.778598 0.759587 0.776752 0.759587 0.773063 0.766961 0.763837
0 0.994101 0.774908 0.992626 0.774908 0.988201 0.780442 0.985250 0.780442 0.983776 0.782288 0.974927 0.782288 0.973451 0.780442 0.970502 0.780442 0.970502 0.726937 0.989676 0.702953 0.991150 0.702953 0.992626 0.701107 0.994101 0.701107 0.998524 0.695571
11 0.929204 0.394834 0.930678 0.396678 0.932153 0.396678 0.938053 0.404060 0.939529 0.404060 0.941003 0.405904 0.942478 0.405904 0.949852 0.415129 0.949852 0.416973 0.952803 0.420665 0.952803 0.422509 0.955752 0.426199 0.955752 0.428045 0.957228 0.429888 0.957228 0.433580 0.958703 0.435424 0.958703 0.437270 0.960177 0.439114 0.960177 0.440960 0.961651 0.442804 0.961651 0.498155 0.960177 0.500000 0.960177 0.501844 0.958703 0.503690 0.958703 0.509226 0.957228 0.511070 0.957228 0.514760 0.955752 0.516605 0.955752 0.518449 0.952803 0.522141 0.951326 0.522141 0.948378 0.525831 0.948378 0.527675 0.946903 0.529521 0.945427 0.529521 0.939529 0.536900 0.938053 0.536900 0.935104 0.540590 0.933629 0.540590 0.932153 0.542436 0.901180 0.542436 0.901180 0.540590 0.899705 0.538746 0.898231 0.538746 0.890855 0.529521 0.890855 0.527675 0.886430 0.522141 0.886430 0.503690 0.887906 0.501844 0.887906 0.500000 0.889381 0.498155 0.889381 0.496311 0.890855 0.494465 0.890855 0.490775 0.893806 0.487085 0.898231 0.487085 0.899705 0.485239 0.902654 0.485239 0.904131 0.483395 0.905605 0.483395 0.910030 0.477860 0.910030 0.476014 0.911505 0.474170 0.911505 0.470480 0.912979 0.468634 0.912979 0.463100 0.914454 0.461255 0.914454 0.453875 0.912979 0.452029 0.912979 0.448339 0.910030 0.444650 0.910030 0.442804 0.908554 0.440960 0.908554 0.439114 0.907080 0.437270 0.907080 0.435424 0.902654 0.429888 0.901180 0.429888 0.899705 0.428045 0.899705 0.426199 0.898231 0.424355 0.898231 0.422509 0.896755 0.420665 0.896755 0.411439 0.898231 0.409594 0.898231 0.404060 0.905605 0.394834
