11 0.264844 0.906250 0.263281 0.908203 0.262500 0.908203 0.261719 0.909180 0.260937 0.909180 0.260156 0.910156 0.259375 0.910156 0.257812 0.912109 0.257812 0.913086 0.257031 0.914062 0.257031 0.916992 0.256250 0.917969 0.256250 0.922852 0.252344 0.927734 0.251563 0.927734 0.250781 0.928711 0.249219 0.928711 0.249219 0.956055 0.250781 0.958008 0.250781 0.960938 0.251563 0.961914 0.251563 0.962891 0.252344 0.963867 0.252344 0.964844 0.253125 0.965820 0.253125 0.966797 0.259375 0.974609 0.259375 0.975586 0.260937 0.977539 0.260937 0.978516 0.264062 0.982422 0.264844 0.982422 0.265625 0.983398 0.266406 0.983398 0.267188 0.984375 0.267969 0.984375 0.268750 0.985352 0.272656 0.985352 0.273438 0.986328 0.278906 0.986328 0.279687 0.985352 0.279687 0.984375 0.283594 0.979492 0.285938 0.979492 0.286719 0.980469 0.289062 0.980469 0.289844 0.979492 0.290625 0.979492 0.291406 0.978516 0.291406 0.977539 0.292187 0.976562 0.292187 0.974609 0.292969 0.973633 0.292969 0.970703 0.293750 0.969727 0.293750 0.951172 0.294531 0.950195 0.294531 0.949219 0.295312 0.948242 0.295312 0.927734 0.293750 0.925781 0.293750 0.924805 0.292969 0.923828 0.292969 0.922852 0.292187 0.921875 0.292187 0.920898 0.289062 0.916992 0.289062 0.916016 0.283594 0.909180 0.282813 0.909180 0.282031 0.908203 0.281250 0.908203 0.279687 0.906250
5 0.240625 0.325195 0.240625 0.328125 0.239844 0.329102 0.239844 0.332031 0.239063 0.333008 0.239063 0.334961 0.239844 0.335938 0.239844 0.338867 0.240625 0.339844 0.240625 0.342773 0.241406 0.343750 0.241406 0.345703 0.242188 0.346680 0.242188 0.348633 0.242969 0.349609 0.242969 0.352539 0.243750 0.353516 0.243750 0.354492 0.245312 0.356445 0.245312 0.357422 0.246875 0.359375 0.246875 0.360352 0.247656 0.361328 0.247656 0.362305 0.253125 0.369141 0.253906 0.369141 0.254688 0.370117 0.255469 0.370117 0.256250 0.371094 0.257031 0.371094 0.257812 0.372070 0.260156 0.372070 0.260937 0.373047 0.283594 0.373047 0.284375 0.372070 0.285156 0.372070 0.285938 0.371094 0.286719 0.371094 0.288281 0.369141 0.289062 0.369141 0.290625 0.367188 0.291406 0.367188 0.292187 0.366211 0.292969 0.366211 0.295312 0.363281 0.296094 0.363281 0.296094 0.362305 0.296875 0.361328 0.297656 0.361328 0.298438 0.360352 0.298438 0.359375 0.300781 0.356445 0.300781 0.333008 0.300000 0.333008 0.299219 0.332031 0.298438 0.332031 0.297656 0.331055 0.292187 0.331055 0.291406 0.332031 0.290625 0.332031 0.289844 0.333008 0.289062 0.333008 0.288281 0.333984 0.287500 0.333984 0.283594 0.338867 0.282813 0.338867 0.282031 0.339844 0.281250 0.339844 0.280469 0.340820 0.278906 0.340820 0.278125 0.341797 0.269531 0.341797 0.268750 0.340820 0.266406 0.340820 0.265625 0.339844 0.264844 0.339844 0.262500 0.336914 0.262500 0.335938 0.260937 0.333984 0.260937 0.332031 0.260156 0.331055 0.260156 0.330078 0.259375 0.329102 0.259375 0.327148 0.258594 0.326172 0.258594 0.325195
7 0.740625 0.116211 0.739844 0.117188 0.739844 0.127930 0.740625 0.128906 0.741406 0.128906 0.744531 0.132812 0.745313 0.132812 0.746094 0.133789 0.746094 0.134766 0.750000 0.139648 0.750000 0.144531 0.750781 0.145508 0.750781 0.150391 0.746875 0.155273 0.746094 0.155273 0.745313 0.156250 0.744531 0.156250 0.741406 0.160156 0.741406 0.161133 0.740625 0.162109 0.740625 0.164062 0.739844 0.165039 0.739844 0.166016 0.740625 0.166992 0.740625 0.168945 0.741406 0.169922 0.741406 0.171875 0.742969 0.173828 0.742969 0.174805 0.743750 0.174805 0.746875 0.178711 0.760156 0.178711 0.760156 0.177734 0.761719 0.175781 0.762500 0.175781 0.763281 0.174805 0.763281 0.173828 0.767188 0.168945 0.767188 0.167969 0.767969 0.166992 0.767969 0.166016 0.769531 0.164062 0.769531 0.140625 0.767969 0.138672 0.767969 0.137695 0.767188 0.136719 0.767188 0.134766 0.766406 0.133789 0.766406 0.132812 0.764844 0.130859 0.764844 0.129883 0.762500 0.126953 0.761719 0.126953 0.760938 0.125977 0.760938 0.125000 0.758594 0.122070 0.757812 0.122070 0.757031 0.121094 0.756250 0.121094 0.754687 0.119141 0.753125 0.119141 0.751563 0.117188 0.750781 0.117188 0.750000 0.116211
11 0.589844 0.581055 0.589063 0.582031 0.588281 0.582031 0.587500 0.583008 0.586719 0.583008 0.585156 0.584961 0.583594 0.584961 0.580469 0.588867 0.579688 0.588867 0.578906 0.589844 0.578125 0.589844 0.571094 0.598633 0.571094 0.599609 0.569531 0.601562 0.569531 0.602539 0.567969 0.604492 0.567969 0.605469 0.567187 0.606445 0.567187 0.609375 0.566406 0.610352 0.566406 0.611328 0.565625 0.612305 0.565625 0.614258 0.564844 0.615234 0.564844 0.650391 0.566406 0.652344 0.566406 0.654297 0.567187 0.655273 0.567187 0.656250 0.567969 0.657227 0.567969 0.659180 0.571875 0.664062 0.572656 0.664062 0.574219 0.666016 0.574219 0.666992 0.575781 0.668945 0.576562 0.668945 0.578906 0.671875 0.580469 0.671875 0.582031 0.673828 0.582812 0.673828 0.583594 0.674805 0.602344 0.674805 0.603125 0.673828 0.603906 0.673828 0.605469 0.671875 0.606250 0.671875 0.607031 0.670898 0.607812 0.670898 0.607812 0.669922 0.610156 0.666992 0.610156 0.666016 0.610938 0.665039 0.610938 0.656250 0.610156 0.655273 0.610156 0.653320 0.609375 0.652344 0.609375 0.651367 0.606250 0.647461 0.606250 0.646484 0.605469 0.646484 0.603906 0.644531 0.603125 0.644531 0.600000 0.640625 0.600000 0.639648 0.598437 0.637695 0.598437 0.636719 0.597656 0.635742 0.597656 0.632812 0.596094 0.630859 0.596094 0.629883 0.595313 0.628906 0.595313 0.626953 0.596094 0.625977 0.596094 0.620117 0.596875 0.619141 0.596875 0.618164 0.597656 0.617188 0.597656 0.614258 0.598437 0.613281 0.598437 0.611328 0.599219 0.610352 0.599219 0.608398 0.600000 0.607422 0.600000 0.603516 0.600781 0.602539 0.600781 0.589844 0.600000 0.588867 0.600000 0.586914 0.600781 0.585938 0.600000 0.584961 0.600000 0.583984 0.598437 0.582031 0.598437 0.581055
7 0.046875 0.916992 0.046875 0.917969 0.046094 0.918945 0.046094 0.922852 0.046875 0.923828 0.046875 0.924805 0.047656 0.925781 0.047656 0.926758 0.050781 0.930664 0.050781 0.931641 0.051562 0.932617 0.051562 0.934570 0.052344 0.935547 0.052344 0.936523 0.053125 0.937500 0.053125 0.939453 0.053906 0.940430 0.053906 0.941406 0.053125 0.942383 0.053125 0.945312 0.052344 0.946289 0.052344 0.947266 0.051562 0.948242 0.051562 0.949219 0.050781 0.950195 0.050781 0.951172 0.047656 0.955078 0.046875 0.955078 0.046094 0.956055 0.044531 0.956055 0.043750 0.957031 0.041406 0.957031 0.040625 0.958008 0.037500 0.958008 0.037500 0.976562 0.038281 0.976562 0.039062 0.977539 0.041406 0.977539 0.042188 0.978516 0.044531 0.978516 0.045312 0.979492 0.046875 0.979492 0.047656 0.980469 0.057031 0.980469 0.057813 0.979492 0.058594 0.979492 0.059375 0.978516 0.060156 0.978516 0.063281 0.974609 0.064062 0.974609 0.066406 0.971680 0.067187 0.971680 0.069531 0.968750 0.069531 0.967773 0.071875 0.964844 0.071875 0.963867 0.073438 0.961914 0.073438 0.959961 0.074219 0.958984 0.074219 0.931641 0.073438 0.930664 0.073438 0.929688 0.069531 0.924805 0.069531 0.923828 0.067187 0.920898 0.066406 0.920898 0.063281 0.916992
10 0.431250 0.758789 0.429688 0.760742 0.428906 0.760742 0.428125 0.761719 0.427344 0.761719 0.424219 0.765625 0.423438 0.765625 0.420312 0.769531 0.419531 0.769531 0.416406 0.773438 0.416406 0.774414 0.415625 0.775391 0.415625 0.776367 0.414062 0.778320 0.414062 0.779297 0.413281 0.780273 0.413281 0.781250 0.412500 0.782227 0.412500 0.783203 0.411719 0.784180 0.411719 0.796875 0.415625 0.801758 0.416406 0.801758 0.417187 0.802734 0.423438 0.802734 0.425000 0.800781 0.426563 0.800781 0.428906 0.797852 0.428906 0.796875 0.430469 0.794922 0.430469 0.793945 0.435937 0.787109 0.436719 0.787109 0.438281 0.785156 0.441406 0.785156 0.442188 0.784180 0.442969 0.785156 0.444531 0.785156 0.445312 0.786133 0.445312 0.789062 0.446094 0.790039 0.446094 0.793945 0.446875 0.794922 0.446875 0.798828 0.447656 0.799805 0.447656 0.801758 0.450000 0.804688 0.450000 0.805664 0.450781 0.806641 0.451562 0.806641 0.452344 0.807617 0.453125 0.807617 0.454688 0.809570 0.456250 0.809570 0.457031 0.810547 0.459375 0.810547 0.460156 0.811523 0.462500 0.811523 0.463281 0.810547 0.464844 0.810547 0.465625 0.809570 0.466406 0.809570 0.466406 0.780273 0.465625 0.780273 0.464844 0.779297 0.464844 0.778320 0.464062 0.777344 0.464062 0.776367 0.462500 0.774414 0.462500 0.773438 0.461719 0.772461 0.461719 0.771484 0.459375 0.768555 0.459375 0.767578 0.458594 0.766602 0.457813 0.766602 0.454688 0.762695 0.453906 0.762695 0.452344 0.760742 0.451562 0.760742 0.450000 0.758789
4 0.335156 0.163086 0.334375 0.164062 0.332813 0.164062 0.332031 0.165039 0.330469 0.165039 0.329688 0.166016 0.328125 0.166016 0.327344 0.166992 0.326562 0.166992 0.325781 0.167969 0.325000 0.167969 0.323437 0.169922 0.322656 0.169922 0.319531 0.173828 0.319531 0.174805 0.317188 0.177734 0.317188 0.178711 0.314844 0.181641 0.314844 0.203125 0.316406 0.205078 0.316406 0.206055 0.318750 0.208984 0.329688 0.208984 0.331250 0.207031 0.332031 0.207031 0.332031 0.206055 0.332813 0.205078 0.332813 0.204102 0.333594 0.203125 0.333594 0.202148 0.334375 0.201172 0.334375 0.196289 0.335156 0.195312 0.335156 0.191406 0.339062 0.186523 0.343750 0.186523 0.344531 0.187500 0.346875 0.187500 0.347656 0.188477 0.359375 0.188477 0.360156 0.187500 0.360938 0.187500 0.362500 0.185547 0.362500 0.174805 0.358594 0.169922 0.357812 0.169922 0.356250 0.167969 0.355469 0.167969 0.354687 0.166992 0.353906 0.166992 0.353125 0.166016 0.352344 0.166016 0.351562 0.165039 0.350781 0.165039 0.350000 0.164062 0.349219 0.164062 0.348438 0.163086
8 0.760156 0.883789 0.759375 0.884766 0.758594 0.884766 0.757812 0.885742 0.757031 0.885742 0.753906 0.889648 0.753906 0.916016 0.755469 0.917969 0.755469 0.918945 0.764062 0.929688 0.764844 0.929688 0.765625 0.930664 0.767188 0.930664 0.768750 0.932617 0.771094 0.932617 0.772656 0.934570 0.794531 0.934570 0.795312 0.933594 0.796875 0.933594 0.797656 0.932617 0.800000 0.932617 0.801562 0.930664 0.802344 0.930664 0.803125 0.929688 0.803906 0.929688 0.806250 0.926758 0.807031 0.926758 0.809375 0.923828 0.809375 0.922852 0.810156 0.921875 0.810937 0.921875 0.811719 0.920898 0.811719 0.919922 0.812500 0.918945 0.812500 0.917969 0.814844 0.915039 0.814844 0.913086 0.815625 0.912109 0.815625 0.911133 0.816406 0.910156 0.816406 0.894531 0.814844 0.892578 0.814063 0.892578 0.812500 0.890625 0.809375 0.890625 0.808594 0.889648 0.807813 0.889648 0.807031 0.890625 0.803906 0.890625 0.802344 0.892578 0.800781 0.892578 0.800000 0.893555 0.799219 0.893555 0.796875 0.896484 0.796875 0.897461 0.796094 0.898438 0.796094 0.899414 0.792969 0.903320 0.789844 0.903320 0.789062 0.904297 0.788281 0.903320 0.785937 0.903320 0.785156 0.902344 0.784375 0.902344 0.783594 0.901367 0.782813 0.901367 0.782031 0.900391 0.780469 0.900391 0.779687 0.899414 0.778906 0.899414 0.778125 0.898438 0.778125 0.897461 0.777344 0.896484 0.777344 0.895508 0.776563 0.894531 0.776563 0.891602 0.775000 0.889648 0.775000 0.888672 0.772656 0.885742 0.771875 0.885742 0.771094 0.884766 0.769531 0.884766 0.768750 0.883789
1 0.835938 0.812500 0.832812 0.816406 0.832031 0.816406 0.831250 0.817383 0.830469 0.817383 0.826562 0.822266 0.826562 0.823242 0.825781 0.824219 0.825781 0.828125 0.826562 0.829102 0.827344 0.829102 0.828125 0.830078 0.832031 0.830078 0.834375 0.833008 0.834375 0.833984 0.835156 0.834961 0.835156 0.835938 0.836719 0.837891 0.836719 0.838867 0.838281 0.840820 0.838281 0.841797 0.839063 0.842773 0.839063 0.843750 0.838281 0.844727 0.838281 0.845703 0.839063 0.846680 0.837500 0.848633 0.837500 0.849609 0.836719 0.850586 0.836719 0.851562 0.835938 0.852539 0.835938 0.853516 0.833594 0.856445 0.832812 0.856445 0.822656 0.869141 0.822656 0.870117 0.821875 0.871094 0.821875 0.872070 0.821094 0.873047 0.821094 0.876953 0.821875 0.877930 0.821875 0.879883 0.823438 0.881836 0.823438 0.882812 0.824219 0.883789 0.825000 0.883789 0.825781 0.884766 0.827344 0.884766 0.828125 0.885742 0.829688 0.885742 0.830469 0.886719 0.832031 0.886719 0.832812 0.887695 0.838281 0.887695 0.839063 0.886719 0.840625 0.886719 0.841406 0.885742 0.842969 0.885742 0.843750 0.884766 0.845313 0.884766 0.846094 0.883789 0.846875 0.883789 0.847656 0.882812 0.848437 0.882812 0.849219 0.881836 0.850781 0.881836 0.851562 0.880859 0.852344 0.880859 0.854688 0.877930 0.855469 0.877930 0.860938 0.871094 0.860938 0.869141 0.862500 0.867188 0.862500 0.866211 0.863281 0.865234 0.863281 0.863281 0.865625 0.860352 0.865625 0.830078 0.864062 0.828125 0.864062 0.827148 0.863281 0.826172 0.863281 0.825195 0.862500 0.824219 0.862500 0.823242 0.857031 0.816406 0.856250 0.816406 0.854688 0.814453 0.853125 0.814453 0.852344 0.813477 0.852344 0.812500
0 0.598437 0.639648 0.597656 0.640625 0.596875 0.640625 0.595313 0.642578 0.594531 0.642578 0.592187 0.645508 0.591406 0.645508 0.589844 0.647461 0.589844 0.648438 0.586719 0.652344 0.586719 0.653320 0.585156 0.655273 0.585156 0.656250 0.583594 0.658203 0.583594 0.660156 0.582812 0.661133 0.582812 0.662109 0.582031 0.663086 0.582031 0.664062 0.581250 0.665039 0.581250 0.666016 0.580469 0.666992 0.580469 0.667969 0.579688 0.668945 0.579688 0.670898 0.578906 0.671875 0.578906 0.679688 0.579688 0.680664 0.579688 0.682617 0.578906 0.683594 0.579688 0.684570 0.579688 0.686523 0.580469 0.687500 0.580469 0.689453 0.581250 0.690430 0.581250 0.691406 0.582031 0.692383 0.582031 0.695312 0.583594 0.697266 0.583594 0.699219 0.585156 0.701172 0.585156 0.702148 0.585938 0.703125 0.605469 0.703125 0.605469 0.702148 0.607031 0.700195 0.607031 0.699219 0.607812 0.698242 0.607812 0.696289 0.608594 0.695312 0.608594 0.682617 0.609375 0.681641 0.609375 0.679688 0.613281 0.674805 0.614062 0.674805 0.614844 0.673828 0.615625 0.673828 0.616406 0.672852 0.617188 0.672852 0.617969 0.671875 0.618750 0.671875 0.619531 0.670898 0.621094 0.670898 0.621875 0.669922 0.622656 0.669922 0.625000 0.666992 0.625000 0.659180 0.625781 0.658203 0.625781 0.651367 0.626563 0.650391 0.626563 0.647461 0.627344 0.646484 0.627344 0.644531 0.628125 0.643555 0.628125 0.639648
3 0.193750 0.263672 0.192969 0.264648 0.192188 0.264648 0.191406 0.265625 0.190625 0.265625 0.189062 0.267578 0.189062 0.281250 0.189844 0.281250 0.192188 0.284180 0.193750 0.284180 0.194531 0.285156 0.196094 0.285156 0.196875 0.286133 0.199219 0.286133 0.200000 0.287109 0.201563 0.287109 0.202344 0.288086 0.203125 0.288086 0.204687 0.290039 0.204687 0.292969 0.205469 0.293945 0.205469 0.299805 0.206250 0.300781 0.206250 0.303711 0.207031 0.304688 0.207031 0.306641 0.207813 0.307617 0.207813 0.309570 0.210156 0.312500 0.210156 0.313477 0.220312 0.313477 0.221875 0.311523 0.222656 0.311523 0.223438 0.310547 0.223438 0.309570 0.224219 0.308594 0.224219 0.307617 0.225000 0.306641 0.225000 0.305664 0.225781 0.304688 0.225781 0.285156 0.224219 0.283203 0.224219 0.282227 0.223438 0.281250 0.223438 0.279297 0.222656 0.278320 0.222656 0.277344 0.221875 0.276367 0.221875 0.275391 0.215625 0.267578 0.214844 0.267578 0.214062 0.266602 0.213281 0.266602 0.212500 0.265625 0.211719 0.265625 0.210938 0.264648 0.210156 0.264648 0.209375 0.263672
3 0.717187 0.452148 0.715625 0.454102 0.714063 0.454102 0.713281 0.455078 0.711719 0.455078 0.710938 0.456055 0.710156 0.456055 0.709375 0.457031 0.708594 0.457031 0.706250 0.459961 0.706250 0.460938 0.704688 0.462891 0.704688 0.463867 0.703906 0.464844 0.703906 0.488281 0.706250 0.491211 0.706250 0.492188 0.724219 0.492188 0.725781 0.490234 0.726562 0.490234 0.727344 0.489258 0.728125 0.489258 0.729688 0.487305 0.730469 0.487305 0.731250 0.486328 0.732031 0.486328 0.737500 0.479492 0.737500 0.478516 0.738281 0.477539 0.739062 0.477539 0.739844 0.476562 0.740625 0.476562 0.741406 0.475586 0.742969 0.475586 0.743750 0.474609 0.746875 0.474609 0.747656 0.473633 0.750781 0.473633 0.751563 0.472656 0.752344 0.472656 0.753906 0.470703 0.754687 0.470703 0.756250 0.468750 0.756250 0.460938 0.755469 0.459961 0.755469 0.458984 0.753906 0.457031 0.753125 0.457031 0.750781 0.454102 0.749219 0.454102 0.748437 0.453125 0.747656 0.453125 0.746875 0.452148
11 0.096875 0.854492 0.095312 0.856445 0.092969 0.856445 0.092188 0.857422 0.090625 0.857422 0.089844 0.858398 0.089063 0.858398 0.088281 0.859375 0.087500 0.859375 0.086719 0.860352 0.085938 0.860352 0.085156 0.861328 0.084375 0.861328 0.082031 0.864258 0.081250 0.864258 0.080469 0.865234 0.079687 0.865234 0.076563 0.869141 0.076563 0.870117 0.075781 0.871094 0.075781 0.873047 0.074219 0.875000 0.073438 0.875000 0.072656 0.875977 0.072656 0.881836 0.073438 0.881836 0.079687 0.889648 0.079687 0.890625 0.081250 0.892578 0.082031 0.892578 0.082812 0.893555 0.083594 0.893555 0.088281 0.899414 0.089063 0.899414 0.090625 0.901367 0.090625 0.902344 0.092969 0.905273 0.093750 0.905273 0.094531 0.906250 0.095312 0.906250 0.103906 0.916992 0.103906 0.917969 0.108594 0.923828 0.128125 0.923828 0.130469 0.920898 0.131250 0.920898 0.134375 0.916992 0.135156 0.916992 0.135937 0.916016 0.135937 0.915039 0.137500 0.913086 0.137500 0.912109 0.138281 0.911133 0.138281 0.910156 0.139063 0.909180 0.139063 0.904297 0.139844 0.903320 0.139844 0.886719 0.139063 0.885742 0.139063 0.883789 0.138281 0.882812 0.138281 0.880859 0.137500 0.879883 0.137500 0.877930 0.136719 0.876953 0.136719 0.875977 0.135937 0.875000 0.135937 0.874023 0.135156 0.873047 0.135156 0.872070 0.131250 0.867188 0.130469 0.867188 0.127344 0.863281 0.126562 0.863281 0.125000 0.861328 0.124219 0.861328 0.123438 0.860352 0.122656 0.860352 0.121094 0.858398 0.120313 0.858398 0.119531 0.857422 0.117969 0.857422 0.117188 0.856445 0.116406 0.856445 0.114844 0.854492
12 0.352344 0.501953 0.350781 0.503906 0.350000 0.503906 0.348438 0.505859 0.347656 0.505859 0.342187 0.512695 0.342187 0.513672 0.340625 0.515625 0.340625 0.516602 0.339062 0.518555 0.339062 0.519531 0.338281 0.520508 0.338281 0.521484 0.337500 0.522461 0.337500 0.523438 0.336719 0.524414 0.336719 0.525391 0.335938 0.526367 0.335938 0.527344 0.335156 0.528320 0.335156 0.554688 0.336719 0.556641 0.336719 0.558594 0.338281 0.560547 0.338281 0.561523 0.342969 0.567383 0.342969 0.568359 0.343750 0.568359 0.346875 0.572266 0.347656 0.572266 0.349219 0.574219 0.350000 0.574219 0.351562 0.576172 0.353125 0.576172 0.353906 0.577148 0.354687 0.577148 0.355469 0.578125 0.356250 0.578125 0.357812 0.580078 0.373437 0.580078 0.375000 0.578125 0.375781 0.578125 0.377344 0.576172 0.378125 0.576172 0.379688 0.574219 0.380469 0.574219 0.382031 0.572266 0.382031 0.571289 0.383594 0.569336 0.383594 0.552734 0.379688 0.547852 0.378906 0.547852 0.378125 0.546875 0.374219 0.546875 0.373437 0.545898 0.371094 0.545898 0.370312 0.546875 0.367969 0.546875 0.367188 0.545898 0.363281 0.545898 0.362500 0.544922 0.361719 0.544922 0.359375 0.541992 0.359375 0.541016 0.360938 0.539062 0.360938 0.538086 0.364063 0.534180 0.364063 0.532227 0.364844 0.531250 0.364844 0.530273 0.365625 0.529297 0.365625 0.527344 0.366406 0.526367 0.366406 0.523438 0.367188 0.522461 0.367188 0.516602 0.367969 0.515625 0.367969 0.509766 0.367188 0.508789 0.367188 0.506836 0.366406 0.505859 0.366406 0.504883 0.364844 0.502930 0.364844 0.501953
11 0.866406 0.083008 0.865625 0.083984 0.864062 0.083984 0.863281 0.084961 0.861719 0.084961 0.860938 0.085938 0.859375 0.085938 0.858594 0.086914 0.857812 0.086914 0.857031 0.087891 0.855469 0.087891 0.854688 0.088867 0.853906 0.088867 0.852344 0.090820 0.850781 0.090820 0.849219 0.092773 0.848437 0.092773 0.847656 0.093750 0.846875 0.093750 0.846094 0.094727 0.844531 0.094727 0.842187 0.097656 0.840625 0.097656 0.837500 0.101562 0.837500 0.102539 0.834375 0.106445 0.834375 0.107422 0.832812 0.109375 0.832812 0.110352 0.832031 0.111328 0.832031 0.112305 0.831250 0.113281 0.830469 0.113281 0.830469 0.144531 0.831250 0.145508 0.831250 0.146484 0.832031 0.147461 0.832031 0.149414 0.833594 0.151367 0.833594 0.152344 0.834375 0.153320 0.834375 0.154297 0.839844 0.161133 0.840625 0.161133 0.842187 0.163086 0.842969 0.163086 0.843750 0.164062 0.844531 0.164062 0.845313 0.165039 0.848437 0.165039 0.849219 0.166016 0.850781 0.166016 0.851562 0.166992 0.852344 0.166992 0.853125 0.167969 0.853906 0.166992 0.859375 0.166992 0.860156 0.166016 0.861719 0.166016 0.862500 0.165039 0.865625 0.165039 0.866406 0.164062 0.867188 0.164062 0.868750 0.162109 0.870313 0.162109 0.872656 0.159180 0.873437 0.159180 0.875000 0.157227 0.875000 0.156250 0.876563 0.154297 0.876563 0.151367 0.877344 0.150391 0.877344 0.149414 0.878125 0.148438 0.878125 0.144531 0.878906 0.143555 0.878906 0.138672 0.879687 0.137695 0.879687 0.136719 0.881250 0.134766 0.882812 0.134766 0.883594 0.133789 0.885156 0.133789 0.885938 0.134766 0.887500 0.134766 0.888281 0.133789 0.892969 0.133789 0.893750 0.132812 0.895312 0.132812 0.896094 0.131836 0.896875 0.131836 0.899219 0.128906 0.899219 0.098633 0.898438 0.098633 0.895312 0.094727 0.894531 0.094727 0.890625 0.089844 0.889844 0.089844 0.888281 0.087891 0.886719 0.087891 0.885938 0.086914 0.885156 0.086914 0.884375 0.085938 0.881250 0.085938 0.880469 0.084961 0.879687 0.084961 0.878906 0.083984 0.877344 0.083984 0.876563 0.083008 0.874219 0.083008 0.873437 0.083984 0.872656 0.083984 0.871875 0.083008
3 0.404687 0.496094 0.403125 0.498047 0.403125 0.499023 0.400781 0.501953 0.400781 0.502930 0.400000 0.503906 0.400000 0.506836 0.400781 0.507812 0.400781 0.514648 0.401562 0.515625 0.401562 0.517578 0.403125 0.519531 0.403125 0.521484 0.402344 0.522461 0.402344 0.524414 0.401562 0.525391 0.401562 0.527344 0.400781 0.528320 0.400781 0.529297 0.400000 0.530273 0.400000 0.532227 0.399219 0.533203 0.399219 0.534180 0.396094 0.538086 0.392969 0.538086 0.392188 0.537109 0.388281 0.537109 0.387500 0.538086 0.385937 0.538086 0.385156 0.539062 0.384375 0.539062 0.382812 0.541016 0.382031 0.541016 0.378906 0.544922 0.378906 0.545898 0.378125 0.546875 0.378125 0.547852 0.377344 0.548828 0.377344 0.550781 0.376563 0.551758 0.376563 0.554688 0.382812 0.562500 0.383594 0.562500 0.384375 0.563477 0.385156 0.563477 0.385937 0.564453 0.386719 0.564453 0.387500 0.565430 0.388281 0.565430 0.389062 0.566406 0.389844 0.566406 0.390625 0.567383 0.412500 0.567383 0.414062 0.565430 0.415625 0.565430 0.417187 0.563477 0.417969 0.563477 0.425000 0.554688 0.425000 0.553711 0.429688 0.547852 0.429688 0.546875 0.430469 0.545898 0.430469 0.544922 0.431250 0.543945 0.431250 0.542969 0.432031 0.541992 0.432031 0.540039 0.433594 0.538086 0.433594 0.512695 0.432812 0.511719 0.432812 0.510742 0.432031 0.509766 0.432031 0.508789 0.430469 0.506836 0.430469 0.505859 0.429688 0.504883 0.429688 0.503906 0.427344 0.500977 0.427344 0.500000 0.426563 0.500000 0.425781 0.499023 0.425000 0.499023 0.424219 0.498047 0.423438 0.498047 0.422656 0.497070 0.421094 0.497070 0.420312 0.496094
6 0.785156 0.808594 0.782813 0.811523 0.782813 0.812500 0.782031 0.813477 0.782031 0.814453 0.781250 0.815430 0.781250 0.816406 0.780469 0.817383 0.780469 0.820312 0.779687 0.821289 0.780469 0.822266 0.780469 0.824219 0.781250 0.825195 0.781250 0.827148 0.782813 0.829102 0.782813 0.830078 0.784375 0.832031 0.784375 0.833008 0.788281 0.837891 0.788281 0.838867 0.789062 0.839844 0.789062 0.840820 0.790625 0.842773 0.790625 0.848633 0.789844 0.849609 0.789844 0.853516 0.789062 0.854492 0.789062 0.855469 0.784375 0.861328 0.783594 0.861328 0.782813 0.862305 0.781250 0.862305 0.780469 0.863281 0.778906 0.863281 0.774219 0.869141 0.774219 0.873047 0.775000 0.874023 0.774219 0.875000 0.774219 0.875977 0.775000 0.876953 0.775000 0.878906 0.775781 0.879883 0.775781 0.880859 0.777344 0.882812 0.777344 0.883789 0.778906 0.885742 0.779687 0.885742 0.780469 0.886719 0.781250 0.886719 0.782031 0.887695 0.801562 0.887695 0.803125 0.885742 0.803906 0.885742 0.808594 0.879883 0.809375 0.879883 0.809375 0.878906 0.811719 0.875977 0.811719 0.875000 0.814063 0.872070 0.814063 0.871094 0.815625 0.869141 0.815625 0.868164 0.816406 0.867188 0.816406 0.865234 0.817187 0.864258 0.817187 0.837891 0.816406 0.836914 0.816406 0.835938 0.815625 0.834961 0.815625 0.833008 0.814063 0.831055 0.814063 0.830078 0.813281 0.829102 0.813281 0.828125 0.811719 0.826172 0.811719 0.825195 0.810156 0.823242 0.810156 0.822266 0.804688 0.815430 0.803906 0.815430 0.800000 0.810547 0.799219 0.810547 0.797656 0.808594
7 0.101562 0.604492 0.100000 0.606445 0.099219 0.606445 0.098437 0.607422 0.097656 0.607422 0.097656 0.608398 0.095312 0.611328 0.094531 0.611328 0.094531 0.612305 0.092969 0.614258 0.092969 0.615234 0.092188 0.616211 0.092188 0.617188 0.091406 0.618164 0.091406 0.619141 0.090625 0.620117 0.090625 0.621094 0.089844 0.622070 0.089844 0.624023 0.089063 0.625000 0.089063 0.626953 0.088281 0.627930 0.088281 0.652344 0.089844 0.654297 0.089844 0.656250 0.090625 0.657227 0.090625 0.658203 0.091406 0.659180 0.091406 0.660156 0.092188 0.661133 0.092188 0.662109 0.099219 0.670898 0.113281 0.670898 0.114844 0.668945 0.115625 0.668945 0.117969 0.666016 0.118750 0.666016 0.118750 0.665039 0.120313 0.663086 0.120313 0.661133 0.121094 0.660156 0.121094 0.656250 0.120313 0.655273 0.120313 0.654297 0.118750 0.652344 0.118750 0.651367 0.111719 0.642578 0.111719 0.641602 0.110156 0.639648 0.110156 0.638672 0.109375 0.637695 0.109375 0.636719 0.108594 0.635742 0.108594 0.629883 0.110937 0.626953 0.110937 0.625977 0.112500 0.624023 0.112500 0.622070 0.113281 0.621094 0.113281 0.619141 0.114062 0.618164 0.114062 0.617188 0.114844 0.616211 0.114844 0.615234 0.115625 0.614258 0.115625 0.613281 0.114844 0.612305 0.114844 0.609375 0.110937 0.604492
0 0.617969 0.434570 0.617188 0.435547 0.614844 0.435547 0.614062 0.436523 0.611719 0.436523 0.607812 0.441406 0.607812 0.442383 0.606250 0.444336 0.606250 0.471680 0.607812 0.473633 0.607812 0.475586 0.608594 0.476562 0.608594 0.477539 0.609375 0.478516 0.609375 0.479492 0.614062 0.485352 0.614844 0.485352 0.619531 0.491211 0.620313 0.491211 0.621875 0.493164 0.622656 0.493164 0.623437 0.494141 0.625000 0.494141 0.625781 0.495117 0.626563 0.495117 0.627344 0.496094 0.629687 0.496094 0.630469 0.497070 0.634375 0.497070 0.635156 0.498047 0.639062 0.498047 0.639844 0.497070 0.641406 0.497070 0.642188 0.496094 0.643750 0.496094 0.644531 0.495117 0.645312 0.495117 0.646094 0.494141 0.647656 0.494141 0.649219 0.492188 0.650000 0.492188 0.650781 0.491211 0.652344 0.491211 0.652344 0.468750 0.647656 0.468750 0.646875 0.469727 0.644531 0.469727 0.643750 0.470703 0.641406 0.470703 0.640625 0.471680 0.638281 0.471680 0.634375 0.466797 0.634375 0.465820 0.633594 0.464844 0.632812 0.464844 0.632031 0.463867 0.632031 0.462891 0.630469 0.460938 0.630469 0.459961 0.628906 0.458008 0.628906 0.455078 0.628125 0.454102 0.628125 0.451172 0.627344 0.450195 0.627344 0.449219 0.628125 0.448242 0.628125 0.447266 0.627344 0.446289 0.627344 0.443359 0.626563 0.442383 0.626563 0.440430 0.624219 0.437500 0.623437 0.437500 0.622656 0.436523 0.621875 0.436523 0.621094 0.435547 0.619531 0.435547 0.618750 0.434570
0 0.491406 0.038086 0.490625 0.039062 0.489844 0.039062 0.488281 0.041016 0.488281 0.041992 0.486719 0.043945 0.486719 0.053711 0.487500 0.053711 0.489844 0.056641 0.490625 0.056641 0.491406 0.057617 0.496094 0.057617 0.496875 0.058594 0.498437 0.058594 0.499219 0.059570 0.500000 0.059570 0.503125 0.063477 0.503125 0.064453 0.503906 0.065430 0.503906 0.067383 0.504687 0.068359 0.504687 0.072266 0.503906 0.073242 0.503906 0.074219 0.503125 0.075195 0.503125 0.076172 0.500000 0.080078 0.500000 0.081055 0.499219 0.082031 0.499219 0.086914 0.500000 0.087891 0.500000 0.088867 0.502344 0.091797 0.514844 0.091797 0.519531 0.085938 0.519531 0.084961 0.521094 0.083008 0.521094 0.082031 0.521875 0.081055 0.521875 0.079102 0.522656 0.078125 0.522656 0.076172 0.523438 0.075195 0.523438 0.074219 0.524219 0.073242 0.524219 0.050781 0.523438 0.049805 0.523438 0.048828 0.522656 0.047852 0.522656 0.046875 0.521875 0.045898 0.521875 0.044922 0.518750 0.041016 0.517969 0.041016 0.517188 0.040039 0.516406 0.040039 0.514844 0.038086
4 0.277344 0.071289 0.275000 0.074219 0.274219 0.074219 0.270313 0.079102 0.270313 0.088867 0.276562 0.096680 0.277344 0.096680 0.278125 0.097656 0.278906 0.097656 0.279687 0.098633 0.282031 0.098633 0.282813 0.099609 0.283594 0.099609 0.284375 0.100586 0.285156 0.100586 0.286719 0.102539 0.287500 0.102539 0.289844 0.105469 0.289844 0.106445 0.290625 0.107422 0.290625 0.112305 0.289844 0.113281 0.289844 0.114258 0.283594 0.122070 0.283594 0.123047 0.282031 0.125000 0.282031 0.125977 0.281250 0.126953 0.281250 0.127930 0.280469 0.128906 0.280469 0.129883 0.279687 0.130859 0.279687 0.131836 0.278906 0.132812 0.278906 0.135742 0.278125 0.136719 0.278125 0.143555 0.278906 0.144531 0.278906 0.145508 0.281250 0.148438 0.281250 0.149414 0.294531 0.149414 0.296875 0.146484 0.297656 0.146484 0.302344 0.140625 0.303125 0.140625 0.303906 0.139648 0.303906 0.138672 0.305469 0.136719 0.305469 0.135742 0.306250 0.134766 0.306250 0.133789 0.308594 0.130859 0.308594 0.129883 0.310156 0.127930 0.310156 0.126953 0.310937 0.125977 0.310937 0.124023 0.311719 0.123047 0.311719 0.097656 0.310156 0.095703 0.310156 0.094727 0.309375 0.093750 0.309375 0.092773 0.307812 0.090820 0.307812 0.089844 0.305469 0.086914 0.305469 0.085938 0.296875 0.075195 0.296094 0.075195 0.294531 0.073242 0.293750 0.073242 0.292969 0.072266 0.292187 0.072266 0.291406 0.071289
1 0.684375 0.312500 0.682813 0.314453 0.682031 0.314453 0.680469 0.316406 0.679688 0.316406 0.677344 0.319336 0.676562 0.319336 0.675000 0.321289 0.674219 0.321289 0.674219 0.322266 0.671094 0.326172 0.671094 0.327148 0.670312 0.328125 0.670312 0.329102 0.669531 0.330078 0.669531 0.332031 0.667969 0.333984 0.667969 0.357422 0.669531 0.359375 0.669531 0.361328 0.671875 0.364258 0.671875 0.365234 0.672656 0.366211 0.673438 0.366211 0.675000 0.368164 0.675000 0.369141 0.679688 0.375000 0.679688 0.375977 0.680469 0.376953 0.681250 0.376953 0.683594 0.379883 0.684375 0.379883 0.685156 0.380859 0.686719 0.380859 0.687500 0.381836 0.689063 0.381836 0.689844 0.382812 0.699219 0.382812 0.700000 0.381836 0.701562 0.381836 0.702344 0.380859 0.704688 0.380859 0.705469 0.379883 0.707031 0.379883 0.707812 0.378906 0.708594 0.378906 0.710156 0.376953 0.710938 0.376953 0.711719 0.375977 0.711719 0.352539 0.710938 0.352539 0.710156 0.351562 0.708594 0.351562 0.707812 0.350586 0.705469 0.350586 0.704688 0.349609 0.702344 0.349609 0.700781 0.347656 0.700000 0.347656 0.698438 0.345703 0.698438 0.343750 0.697656 0.342773 0.698438 0.341797 0.698438 0.339844 0.697656 0.338867 0.698438 0.337891 0.698438 0.333984 0.700000 0.332031 0.700000 0.331055 0.701562 0.329102 0.702344 0.329102 0.703125 0.328125 0.703906 0.328125 0.705469 0.326172 0.705469 0.325195 0.706250 0.324219 0.706250 0.323242 0.707031 0.322266 0.707031 0.314453 0.706250 0.313477 0.706250 0.312500
5 0.796094 0.000977 0.791406 0.006836 0.791406 0.009766 0.792188 0.010742 0.792188 0.014648 0.792969 0.015625 0.792969 0.016602 0.793750 0.017578 0.793750 0.018555 0.794531 0.019531 0.795312 0.019531 0.796094 0.020508 0.796875 0.020508 0.797656 0.021484 0.798438 0.021484 0.799219 0.022461 0.800000 0.022461 0.800781 0.023438 0.803125 0.023438 0.803906 0.024414 0.804688 0.024414 0.807031 0.027344 0.807031 0.028320 0.810156 0.032227 0.810156 0.033203 0.810937 0.034180 0.810937 0.035156 0.811719 0.036133 0.811719 0.037109 0.812500 0.038086 0.812500 0.040039 0.813281 0.041016 0.813281 0.042969 0.814063 0.043945 0.814063 0.051758 0.816406 0.054688 0.816406 0.055664 0.835938 0.055664 0.838281 0.052734 0.838281 0.051758 0.839844 0.049805 0.839844 0.043945 0.840625 0.042969 0.840625 0.033203 0.839844 0.032227 0.839844 0.031250 0.839063 0.030273 0.839063 0.028320 0.838281 0.027344 0.838281 0.026367 0.837500 0.025391 0.837500 0.024414 0.835938 0.022461 0.835938 0.021484 0.830469 0.014648 0.830469 0.013672 0.825000 0.006836 0.824219 0.006836 0.821875 0.003906 0.820312 0.003906 0.819531 0.002930 0.818750 0.002930 0.817187 0.000977
10 0.898438 0.279297 0.897656 0.280273 0.896875 0.280273 0.895312 0.282227 0.894531 0.282227 0.892188 0.285156 0.892188 0.286133 0.891406 0.287109 0.891406 0.293945 0.890625 0.294922 0.890625 0.296875 0.891406 0.297852 0.891406 0.303711 0.892188 0.304688 0.892188 0.309570 0.891406 0.310547 0.891406 0.313477 0.889844 0.315430 0.889844 0.316406 0.888281 0.318359 0.887500 0.318359 0.885156 0.321289 0.884375 0.321289 0.883594 0.322266 0.882812 0.322266 0.879687 0.326172 0.878906 0.326172 0.877344 0.328125 0.875781 0.328125 0.872656 0.332031 0.871094 0.332031 0.871094 0.347656 0.871875 0.347656 0.873437 0.349609 0.874219 0.349609 0.875000 0.350586 0.876563 0.350586 0.877344 0.351562 0.878125 0.351562 0.878906 0.352539 0.882031 0.352539 0.882812 0.353516 0.897656 0.353516 0.898438 0.352539 0.899219 0.352539 0.900000 0.351562 0.900781 0.351562 0.901563 0.350586 0.903125 0.350586 0.903906 0.349609 0.904687 0.349609 0.906250 0.347656 0.907031 0.347656 0.909375 0.344727 0.910156 0.344727 0.913281 0.340820 0.914062 0.340820 0.914062 0.339844 0.917188 0.335938 0.917188 0.334961 0.917969 0.333984 0.917969 0.333008 0.918750 0.332031 0.918750 0.331055 0.920312 0.329102 0.920312 0.327148 0.921875 0.325195 0.921875 0.295898 0.921094 0.294922 0.921094 0.293945 0.920312 0.292969 0.920312 0.291992 0.919531 0.291016 0.919531 0.290039 0.917188 0.287109 0.917188 0.286133 0.914844 0.283203 0.914062 0.283203 0.912500 0.281250 0.911719 0.281250 0.910156 0.279297
4 0.764062 0.595703 0.763281 0.596680 0.760938 0.596680 0.760156 0.597656 0.758594 0.597656 0.757812 0.598633 0.757031 0.598633 0.756250 0.599609 0.755469 0.599609 0.749219 0.607422 0.749219 0.608398 0.742188 0.617188 0.740625 0.617188 0.739844 0.618164 0.734375 0.618164 0.733594 0.617188 0.730469 0.617188 0.729688 0.616211 0.723437 0.616211 0.722656 0.617188 0.721875 0.617188 0.719531 0.620117 0.718750 0.620117 0.718750 0.634766 0.721094 0.637695 0.721094 0.638672 0.724219 0.642578 0.725000 0.642578 0.726562 0.644531 0.727344 0.644531 0.728125 0.645508 0.729688 0.645508 0.730469 0.646484 0.733594 0.646484 0.734375 0.647461 0.736719 0.647461 0.737500 0.648438 0.753906 0.648438 0.755469 0.646484 0.757031 0.646484 0.757812 0.645508 0.758594 0.645508 0.760156 0.643555 0.760938 0.643555 0.761719 0.642578 0.762500 0.642578 0.763281 0.641602 0.764062 0.641602 0.768750 0.635742 0.768750 0.634766 0.771094 0.631836 0.771094 0.630859 0.771875 0.629883 0.771875 0.628906 0.772656 0.627930 0.772656 0.626953 0.773438 0.625977 0.774219 0.625977 0.774219 0.601562 0.772656 0.599609 0.772656 0.598633 0.771875 0.597656 0.771094 0.597656 0.770312 0.596680 0.768750 0.596680 0.767969 0.595703
4 0.467969 0.177734 0.464844 0.181641 0.464062 0.181641 0.463281 0.182617 0.463281 0.183594 0.461719 0.185547 0.461719 0.186523 0.460938 0.187500 0.460938 0.188477 0.460156 0.189453 0.460156 0.191406 0.459375 0.192383 0.459375 0.193359 0.458594 0.194336 0.458594 0.211914 0.459375 0.212891 0.459375 0.213867 0.460156 0.214844 0.460156 0.215820 0.460938 0.216797 0.460938 0.217773 0.462500 0.219727 0.462500 0.220703 0.466406 0.225586 0.466406 0.226562 0.468750 0.229492 0.469531 0.229492 0.472656 0.233398 0.473438 0.233398 0.476562 0.237305 0.477344 0.237305 0.478125 0.238281 0.478906 0.238281 0.479687 0.239258 0.480469 0.239258 0.481250 0.240234 0.500000 0.240234 0.502344 0.237305 0.502344 0.236328 0.503906 0.234375 0.503906 0.222656 0.502344 0.220703 0.502344 0.219727 0.500781 0.217773 0.500781 0.216797 0.500000 0.215820 0.500000 0.214844 0.498437 0.212891 0.497656 0.212891 0.496094 0.210938 0.492969 0.210938 0.492188 0.209961 0.487500 0.209961 0.486719 0.208984 0.485156 0.208984 0.484375 0.208008 0.483594 0.208008 0.482031 0.206055 0.481250 0.206055 0.480469 0.205078 0.479687 0.205078 0.476562 0.201172 0.477344 0.200195 0.477344 0.199219 0.479687 0.196289 0.479687 0.195312 0.480469 0.194336 0.480469 0.193359 0.481250 0.192383 0.481250 0.191406 0.482031 0.190430 0.482031 0.182617 0.481250 0.181641 0.481250 0.180664 0.478906 0.177734
10 0.483594 0.247070 0.482812 0.248047 0.482031 0.248047 0.481250 0.249023 0.480469 0.249023 0.479687 0.250000 0.478906 0.250000 0.478125 0.250977 0.477344 0.250977 0.476562 0.251953 0.475781 0.251953 0.475000 0.252930 0.474219 0.252930 0.473438 0.253906 0.472656 0.253906 0.470313 0.256836 0.470313 0.257812 0.467969 0.260742 0.467969 0.261719 0.467187 0.262695 0.467187 0.263672 0.465625 0.265625 0.465625 0.290039 0.466406 0.291016 0.466406 0.291992 0.468750 0.294922 0.468750 0.295898 0.471094 0.298828 0.471875 0.298828 0.474219 0.301758 0.475000 0.301758 0.475781 0.302734 0.477344 0.302734 0.478906 0.304688 0.480469 0.304688 0.481250 0.303711 0.483594 0.303711 0.484375 0.302734 0.485938 0.302734 0.489063 0.298828 0.489063 0.295898 0.489844 0.294922 0.489844 0.291992 0.489063 0.291016 0.489063 0.288086 0.488281 0.287109 0.488281 0.281250 0.489063 0.280273 0.489063 0.279297 0.490625 0.277344 0.491406 0.277344 0.492969 0.275391 0.493750 0.275391 0.495312 0.273438 0.499219 0.273438 0.501563 0.276367 0.502344 0.276367 0.506250 0.281250 0.507031 0.281250 0.507812 0.282227 0.508594 0.282227 0.509375 0.283203 0.510156 0.283203 0.510938 0.284180 0.511719 0.284180 0.512500 0.285156 0.515625 0.285156 0.516406 0.286133 0.521094 0.286133 0.521875 0.285156 0.522656 0.285156 0.523438 0.284180 0.524219 0.284180 0.524219 0.269531 0.523438 0.268555 0.523438 0.267578 0.521875 0.265625 0.521875 0.264648 0.516406 0.257812 0.516406 0.256836 0.515625 0.256836 0.513281 0.253906 0.512500 0.253906 0.511719 0.252930 0.510938 0.252930 0.510156 0.251953 0.509375 0.251953 0.508594 0.250977 0.507812 0.250977 0.507031 0.250000 0.506250 0.250000 0.505469 0.249023 0.504687 0.249023 0.503906 0.248047 0.503125 0.248047 0.502344 0.247070
5 0.552344 0.672852 0.552344 0.673828 0.550781 0.675781 0.550781 0.676758 0.550000 0.677734 0.550000 0.678711 0.549219 0.679688 0.549219 0.681641 0.550000 0.682617 0.550000 0.683594 0.549219 0.684570 0.549219 0.694336 0.550000 0.695312 0.550000 0.699219 0.550781 0.700195 0.550781 0.703125 0.551562 0.704102 0.551562 0.706055 0.553125 0.708008 0.553125 0.709961 0.553906 0.710938 0.553906 0.711914 0.555469 0.713867 0.555469 0.714844 0.560937 0.721680 0.562500 0.721680 0.564063 0.723633 0.565625 0.723633 0.566406 0.724609 0.566406 0.725586 0.589844 0.725586 0.596094 0.717773 0.596094 0.716797 0.596875 0.715820 0.596875 0.714844 0.597656 0.713867 0.597656 0.712891 0.600000 0.709961 0.600000 0.705078 0.599219 0.704102 0.599219 0.703125 0.598437 0.702148 0.598437 0.701172 0.594531 0.696289 0.593750 0.696289 0.592969 0.695312 0.589844 0.695312 0.589063 0.696289 0.587500 0.696289 0.586719 0.697266 0.585156 0.697266 0.584375 0.698242 0.582812 0.698242 0.582031 0.699219 0.581250 0.699219 0.580469 0.698242 0.579688 0.698242 0.578906 0.697266 0.577344 0.697266 0.575000 0.694336 0.574219 0.694336 0.573438 0.693359 0.573438 0.692383 0.571875 0.690430 0.571875 0.688477 0.571094 0.687500 0.571094 0.678711 0.570312 0.677734 0.570312 0.672852
4 0.712500 0.722656 0.710938 0.724609 0.710156 0.724609 0.709375 0.725586 0.708594 0.725586 0.707031 0.727539 0.707031 0.728516 0.706250 0.729492 0.706250 0.734375 0.707031 0.735352 0.707031 0.737305 0.707812 0.738281 0.707812 0.739258 0.710938 0.743164 0.711719 0.743164 0.715625 0.748047 0.714844 0.749023 0.714844 0.750977 0.714063 0.751953 0.714063 0.752930 0.713281 0.753906 0.713281 0.754883 0.710938 0.757812 0.710156 0.757812 0.709375 0.758789 0.708594 0.758789 0.707031 0.760742 0.706250 0.760742 0.703125 0.764648 0.703125 0.765625 0.702344 0.766602 0.702344 0.772461 0.703125 0.773438 0.703125 0.775391 0.703906 0.776367 0.703906 0.778320 0.704688 0.779297 0.704688 0.781250 0.707031 0.784180 0.707031 0.785156 0.709375 0.788086 0.709375 0.789062 0.727344 0.789062 0.732812 0.782227 0.732812 0.781250 0.734375 0.779297 0.734375 0.778320 0.735938 0.776367 0.735938 0.775391 0.736719 0.774414 0.736719 0.773438 0.738281 0.771484 0.738281 0.768555 0.739062 0.767578 0.739062 0.759766 0.739844 0.758789 0.739844 0.752930 0.739062 0.751953 0.739062 0.742188 0.737500 0.740234 0.737500 0.739258 0.736719 0.738281 0.736719 0.736328 0.728125 0.725586 0.727344 0.725586 0.725000 0.722656
0 0.773438 0.086914 0.771875 0.088867 0.771094 0.088867 0.770312 0.089844 0.769531 0.089844 0.768750 0.090820 0.768750 0.091797 0.767188 0.093750 0.767188 0.094727 0.766406 0.095703 0.766406 0.096680 0.760938 0.103516 0.756250 0.103516 0.755469 0.102539 0.754687 0.102539 0.753906 0.103516 0.753125 0.103516 0.752344 0.102539 0.750000 0.102539 0.748437 0.100586 0.746094 0.100586 0.745313 0.099609 0.744531 0.099609 0.743750 0.098633 0.742969 0.098633 0.742188 0.097656 0.741406 0.097656 0.740625 0.096680 0.736719 0.096680 0.735938 0.097656 0.734375 0.097656 0.731250 0.101562 0.731250 0.116211 0.732812 0.118164 0.732812 0.119141 0.734375 0.121094 0.734375 0.122070 0.737500 0.125977 0.738281 0.125977 0.739062 0.126953 0.739844 0.126953 0.741406 0.128906 0.742188 0.128906 0.742969 0.129883 0.744531 0.129883 0.745313 0.130859 0.746875 0.130859 0.747656 0.131836 0.761719 0.131836 0.763281 0.129883 0.765625 0.129883 0.766406 0.128906 0.768750 0.128906 0.769531 0.127930 0.770312 0.127930 0.771094 0.126953 0.771875 0.126953 0.772656 0.125977 0.773438 0.125977 0.775000 0.124023 0.775781 0.124023 0.775781 0.123047 0.777344 0.121094 0.777344 0.120117 0.778906 0.118164 0.778906 0.117188 0.780469 0.115234 0.780469 0.090820 0.779687 0.090820 0.777344 0.087891 0.775000 0.087891 0.774219 0.086914
2 0.500781 0.078125 0.500000 0.079102 0.499219 0.079102 0.498437 0.080078 0.496875 0.080078 0.495312 0.082031 0.494531 0.082031 0.492969 0.083984 0.492188 0.083984 0.489844 0.086914 0.489844 0.087891 0.489063 0.088867 0.488281 0.088867 0.488281 0.099609 0.489844 0.099609 0.490625 0.100586 0.496875 0.100586 0.500000 0.104492 0.501563 0.104492 0.503125 0.106445 0.503906 0.106445 0.505469 0.108398 0.506250 0.108398 0.507812 0.110352 0.508594 0.110352 0.510156 0.112305 0.510938 0.112305 0.511719 0.113281 0.512500 0.113281 0.513281 0.114258 0.514062 0.114258 0.514844 0.115234 0.515625 0.115234 0.517188 0.117188 0.517188 0.118164 0.517969 0.119141 0.517969 0.121094 0.517188 0.122070 0.517188 0.123047 0.516406 0.124023 0.516406 0.125000 0.514844 0.126953 0.514062 0.126953 0.510938 0.130859 0.510938 0.131836 0.510156 0.132812 0.510156 0.133789 0.509375 0.134766 0.510156 0.135742 0.510156 0.139648 0.510938 0.140625 0.510938 0.142578 0.513281 0.145508 0.513281 0.146484 0.514062 0.146484 0.515625 0.148438 0.515625 0.149414 0.527344 0.149414 0.527344 0.148438 0.528125 0.147461 0.528906 0.147461 0.529687 0.146484 0.530469 0.146484 0.535937 0.139648 0.535937 0.138672 0.536719 0.137695 0.536719 0.136719 0.539844 0.132812 0.539844 0.100586 0.538281 0.098633 0.538281 0.097656 0.537500 0.096680 0.537500 0.095703 0.536719 0.094727 0.536719 0.093750 0.535937 0.092773 0.535937 0.091797 0.535156 0.090820 0.535156 0.089844 0.529687 0.083008 0.528906 0.083008 0.527344 0.081055 0.525781 0.081055 0.525000 0.080078 0.523438 0.080078 0.522656 0.079102 0.521875 0.079102 0.521094 0.078125
7 0.439063 0.239258 0.439063 0.240234 0.438281 0.241211 0.438281 0.242188 0.437500 0.243164 0.437500 0.255859 0.438281 0.256836 0.438281 0.257812 0.439063 0.258789 0.439063 0.261719 0.439844 0.262695 0.437500 0.265625 0.430469 0.265625 0.429688 0.266602 0.427344 0.266602 0.426563 0.267578 0.421094 0.267578 0.420312 0.268555 0.418750 0.268555 0.415625 0.272461 0.415625 0.274414 0.414844 0.275391 0.414844 0.277344 0.414062 0.278320 0.414062 0.281250 0.413281 0.282227 0.413281 0.289062 0.414844 0.291016 0.414844 0.291992 0.417969 0.295898 0.444531 0.295898 0.445312 0.294922 0.446875 0.294922 0.447656 0.293945 0.448437 0.293945 0.449219 0.292969 0.450000 0.292969 0.452344 0.290039 0.453125 0.290039 0.457031 0.285156 0.457031 0.284180 0.458594 0.282227 0.458594 0.281250 0.459375 0.280273 0.459375 0.278320 0.460156 0.277344 0.460156 0.256836 0.459375 0.255859 0.459375 0.253906 0.458594 0.252930 0.458594 0.250977 0.457031 0.249023 0.457031 0.247070 0.455469 0.245117 0.455469 0.243164 0.453125 0.240234 0.453125 0.239258
10 0.888281 0.381836 0.887500 0.382812 0.885938 0.382812 0.885156 0.383789 0.882812 0.383789 0.882031 0.384766 0.879687 0.384766 0.878125 0.386719 0.877344 0.386719 0.875000 0.389648 0.874219 0.389648 0.872656 0.391602 0.872656 0.407227 0.875000 0.407227 0.875781 0.408203 0.884375 0.408203 0.885156 0.409180 0.889062 0.409180 0.890625 0.411133 0.890625 0.412109 0.891406 0.413086 0.892188 0.413086 0.892969 0.414062 0.892969 0.415039 0.894531 0.416992 0.894531 0.419922 0.895312 0.420898 0.895312 0.427734 0.896094 0.428711 0.896094 0.431641 0.897656 0.433594 0.897656 0.434570 0.898438 0.434570 0.899219 0.435547 0.900000 0.435547 0.900781 0.436523 0.902344 0.436523 0.903125 0.435547 0.903906 0.436523 0.905469 0.436523 0.906250 0.435547 0.907813 0.435547 0.908594 0.434570 0.910937 0.434570 0.911719 0.433594 0.914062 0.433594 0.914844 0.432617 0.916406 0.432617 0.917969 0.430664 0.918750 0.430664 0.918750 0.429688 0.920312 0.427734 0.920312 0.426758 0.921094 0.425781 0.921094 0.400391 0.919531 0.398438 0.919531 0.397461 0.916406 0.393555 0.916406 0.392578 0.915625 0.392578 0.912500 0.388672 0.911719 0.388672 0.910937 0.387695 0.910156 0.387695 0.908594 0.385742 0.907813 0.385742 0.907031 0.384766 0.905469 0.384766 0.904687 0.383789 0.903125 0.383789 0.902344 0.382812 0.900000 0.382812 0.899219 0.381836 0.891406 0.381836 0.890625 0.382812 0.889844 0.381836
7 0.325781 0.332031 0.325000 0.333008 0.324219 0.333008 0.323437 0.333984 0.322656 0.333984 0.321875 0.334961 0.321094 0.334961 0.320312 0.335938 0.319531 0.335938 0.318750 0.336914 0.317969 0.336914 0.310937 0.345703 0.310937 0.346680 0.310156 0.347656 0.310156 0.348633 0.307812 0.351562 0.307812 0.353516 0.307031 0.354492 0.307031 0.355469 0.306250 0.356445 0.306250 0.381836 0.307031 0.382812 0.307031 0.383789 0.307812 0.384766 0.307812 0.385742 0.308594 0.386719 0.308594 0.387695 0.309375 0.388672 0.309375 0.389648 0.310156 0.390625 0.310156 0.391602 0.312500 0.394531 0.313281 0.394531 0.316406 0.398438 0.316406 0.399414 0.317969 0.401367 0.325781 0.401367 0.327344 0.399414 0.327344 0.398438 0.328125 0.397461 0.328125 0.396484 0.328906 0.395508 0.328906 0.393555 0.329688 0.392578 0.329688 0.388672 0.330469 0.387695 0.330469 0.385742 0.329688 0.384766 0.329688 0.378906 0.328906 0.377930 0.328906 0.370117 0.329688 0.369141 0.329688 0.368164 0.330469 0.367188 0.330469 0.366211 0.335156 0.360352 0.335938 0.360352 0.336719 0.359375 0.337500 0.359375 0.338281 0.358398 0.339844 0.358398 0.340625 0.357422 0.341406 0.357422 0.342187 0.356445 0.342969 0.356445 0.343750 0.355469 0.344531 0.355469 0.344531 0.339844 0.340625 0.334961 0.339844 0.334961 0.339062 0.333984 0.338281 0.333984 0.337500 0.333008 0.337500 0.332031
2 0.398438 0.284180 0.395313 0.288086 0.394531 0.288086 0.389844 0.293945 0.389844 0.294922 0.388281 0.296875 0.388281 0.297852 0.387500 0.298828 0.387500 0.299805 0.385937 0.301758 0.385937 0.327148 0.386719 0.328125 0.386719 0.329102 0.387500 0.330078 0.387500 0.332031 0.388281 0.333008 0.388281 0.333984 0.389844 0.335938 0.389844 0.336914 0.396094 0.344727 0.396875 0.344727 0.397656 0.345703 0.398438 0.345703 0.399219 0.346680 0.401562 0.346680 0.402344 0.347656 0.403125 0.347656 0.403906 0.348633 0.404687 0.348633 0.405469 0.349609 0.407813 0.349609 0.408594 0.350586 0.414062 0.350586 0.414844 0.349609 0.416406 0.349609 0.417187 0.348633 0.418750 0.348633 0.420312 0.346680 0.421094 0.346680 0.421875 0.345703 0.421875 0.323242 0.421094 0.322266 0.420312 0.322266 0.419531 0.321289 0.415625 0.321289 0.414844 0.320312 0.412500 0.320312 0.410156 0.317383 0.410156 0.316406 0.408594 0.314453 0.408594 0.312500 0.407813 0.311523 0.407813 0.307617 0.408594 0.306641 0.408594 0.304688 0.409375 0.303711 0.409375 0.302734 0.410156 0.301758 0.410156 0.299805 0.410938 0.298828 0.410938 0.296875 0.411719 0.295898 0.411719 0.287109 0.410938 0.286133 0.410938 0.285156 0.410156 0.284180
9 0.209375 0.766602 0.208594 0.767578 0.207813 0.767578 0.207031 0.768555 0.204687 0.768555 0.203906 0.769531 0.203125 0.769531 0.201563 0.771484 0.200781 0.771484 0.200000 0.772461 0.199219 0.772461 0.196875 0.775391 0.196094 0.775391 0.192969 0.779297 0.192969 0.780273 0.191406 0.782227 0.191406 0.783203 0.190625 0.784180 0.190625 0.785156 0.189062 0.787109 0.189062 0.788086 0.188281 0.789062 0.188281 0.790039 0.187500 0.791016 0.187500 0.809570 0.189062 0.811523 0.189844 0.811523 0.190625 0.812500 0.193750 0.812500 0.194531 0.813477 0.198437 0.813477 0.199219 0.812500 0.200000 0.812500 0.202344 0.809570 0.203125 0.809570 0.203906 0.808594 0.204687 0.808594 0.207031 0.805664 0.208594 0.805664 0.209375 0.804688 0.210156 0.804688 0.210938 0.803711 0.213281 0.803711 0.214062 0.804688 0.220312 0.804688 0.221094 0.805664 0.221875 0.805664 0.222656 0.806641 0.223438 0.806641 0.228125 0.812500 0.228125 0.813477 0.228906 0.814453 0.228906 0.815430 0.229687 0.816406 0.243750 0.816406 0.244531 0.815430 0.246094 0.815430 0.246875 0.814453 0.247656 0.814453 0.248438 0.813477 0.249219 0.813477 0.250000 0.812500 0.250781 0.812500 0.251563 0.811523 0.251563 0.810547 0.253125 0.808594 0.253125 0.790039 0.252344 0.789062 0.252344 0.788086 0.251563 0.787109 0.251563 0.786133 0.250781 0.785156 0.250781 0.784180 0.250000 0.783203 0.250000 0.782227 0.248438 0.780273 0.248438 0.779297 0.247656 0.779297 0.243750 0.774414 0.242969 0.774414 0.239844 0.770508 0.239063 0.770508 0.238281 0.769531 0.237500 0.769531 0.236719 0.768555 0.234375 0.768555 0.232813 0.766602
2 0.218750 0.918945 0.218750 0.919922 0.217969 0.920898 0.217188 0.920898 0.215625 0.922852 0.214844 0.922852 0.210938 0.927734 0.210938 0.931641 0.213281 0.934570 0.214062 0.934570 0.214844 0.935547 0.215625 0.935547 0.217969 0.938477 0.219531 0.938477 0.220312 0.939453 0.221094 0.939453 0.226562 0.946289 0.226562 0.948242 0.225781 0.949219 0.225781 0.950195 0.224219 0.952148 0.223438 0.952148 0.221875 0.954102 0.221094 0.954102 0.220312 0.955078 0.218750 0.955078 0.217188 0.957031 0.216406 0.957031 0.215625 0.958008 0.214844 0.958008 0.209375 0.964844 0.209375 0.965820 0.208594 0.966797 0.208594 0.967773 0.207031 0.969727 0.207031 0.971680 0.206250 0.972656 0.207031 0.973633 0.207031 0.975586 0.210156 0.979492 0.210156 0.980469 0.234375 0.980469 0.235937 0.978516 0.237500 0.978516 0.242969 0.971680 0.242969 0.970703 0.243750 0.969727 0.244531 0.969727 0.244531 0.968750 0.246875 0.965820 0.246875 0.964844 0.247656 0.963867 0.247656 0.962891 0.249219 0.960938 0.249219 0.959961 0.250000 0.958984 0.250000 0.958008 0.250781 0.957031 0.250781 0.939453 0.250000 0.938477 0.250000 0.937500 0.249219 0.936523 0.249219 0.934570 0.248438 0.933594 0.248438 0.930664 0.247656 0.929688 0.247656 0.928711 0.244531 0.924805 0.243750 0.924805 0.240625 0.920898 0.239844 0.920898 0.238281 0.918945
3 0.127344 0.873047 0.126562 0.874023 0.125781 0.874023 0.125000 0.875000 0.124219 0.875000 0.122656 0.876953 0.122656 0.877930 0.121094 0.879883 0.121094 0.881836 0.119531 0.883789 0.119531 0.893555 0.120313 0.894531 0.120313 0.897461 0.121094 0.898438 0.121094 0.902344 0.121875 0.903320 0.121875 0.904297 0.122656 0.905273 0.122656 0.907227 0.125781 0.911133 0.125781 0.912109 0.132031 0.919922 0.132812 0.919922 0.134375 0.921875 0.135156 0.921875 0.135937 0.922852 0.136719 0.922852 0.137500 0.923828 0.138281 0.923828 0.139063 0.924805 0.139844 0.924805 0.140625 0.925781 0.142187 0.925781 0.142969 0.926758 0.162500 0.926758 0.163281 0.925781 0.164062 0.925781 0.164844 0.924805 0.165625 0.924805 0.166406 0.923828 0.167187 0.923828 0.167969 0.922852 0.168750 0.922852 0.170313 0.920898 0.171094 0.920898 0.171875 0.919922 0.172656 0.919922 0.178125 0.913086 0.178125 0.912109 0.179688 0.910156 0.179688 0.909180 0.181250 0.907227 0.181250 0.906250 0.182031 0.905273 0.182031 0.904297 0.182812 0.903320 0.182812 0.881836 0.180469 0.878906 0.180469 0.877930 0.178906 0.875977 0.178125 0.875977 0.177344 0.875000 0.172656 0.875000 0.171875 0.875977 0.171094 0.875977 0.167187 0.880859 0.166406 0.880859 0.163281 0.884766 0.162500 0.884766 0.160156 0.887695 0.158594 0.887695 0.157812 0.888672 0.151562 0.888672 0.150781 0.887695 0.150000 0.887695 0.145313 0.881836 0.145313 0.880859 0.143750 0.878906 0.143750 0.877930 0.142969 0.876953 0.142969 0.875977 0.140625 0.873047
1 0.286719 0.690430 0.285938 0.691406 0.284375 0.691406 0.281250 0.695312 0.280469 0.695312 0.280469 0.722656 0.281250 0.723633 0.281250 0.724609 0.282813 0.726562 0.282813 0.727539 0.288281 0.734375 0.289062 0.734375 0.289844 0.735352 0.290625 0.735352 0.291406 0.736328 0.292187 0.736328 0.294531 0.739258 0.295312 0.739258 0.296094 0.740234 0.297656 0.740234 0.298438 0.741211 0.300000 0.741211 0.300781 0.742188 0.301563 0.742188 0.302344 0.743164 0.304688 0.743164 0.305469 0.744141 0.311719 0.744141 0.312500 0.743164 0.313281 0.743164 0.314063 0.744141 0.314844 0.743164 0.316406 0.743164 0.317188 0.742188 0.318750 0.742188 0.319531 0.741211 0.321094 0.741211 0.322656 0.739258 0.323437 0.739258 0.324219 0.738281 0.325000 0.738281 0.326562 0.736328 0.327344 0.736328 0.332031 0.730469 0.332031 0.706055 0.331250 0.706055 0.325781 0.699219 0.325000 0.699219 0.324219 0.698242 0.318750 0.698242 0.317188 0.700195 0.315625 0.700195 0.314063 0.702148 0.313281 0.702148 0.311719 0.704102 0.310937 0.704102 0.309375 0.706055 0.306250 0.706055 0.305469 0.705078 0.304688 0.705078 0.303125 0.703125 0.302344 0.703125 0.299219 0.699219 0.299219 0.698242 0.296094 0.694336 0.295312 0.694336 0.294531 0.693359 0.293750 0.693359 0.292969 0.692383 0.291406 0.692383 0.289844 0.690430
12 0.611719 0.862305 0.610938 0.863281 0.609375 0.863281 0.608594 0.864258 0.607031 0.864258 0.605469 0.866211 0.605469 0.868164 0.603906 0.870117 0.603906 0.875000 0.603125 0.875977 0.603125 0.878906 0.602344 0.879883 0.602344 0.880859 0.599219 0.884766 0.597656 0.884766 0.596875 0.885742 0.592969 0.885742 0.592187 0.886719 0.589844 0.886719 0.589063 0.887695 0.586719 0.887695 0.585938 0.886719 0.583594 0.886719 0.582812 0.885742 0.582031 0.885742 0.581250 0.884766 0.578906 0.884766 0.578125 0.885742 0.577344 0.885742 0.576562 0.884766 0.575781 0.884766 0.575000 0.885742 0.574219 0.885742 0.573438 0.886719 0.571875 0.886719 0.571094 0.887695 0.571094 0.906250 0.573438 0.909180 0.573438 0.910156 0.576562 0.914062 0.577344 0.914062 0.579688 0.916992 0.580469 0.916992 0.582031 0.918945 0.582812 0.918945 0.583594 0.919922 0.586719 0.919922 0.588281 0.921875 0.604688 0.921875 0.605469 0.920898 0.607031 0.920898 0.607812 0.919922 0.609375 0.919922 0.610156 0.918945 0.610938 0.918945 0.611719 0.917969 0.612500 0.917969 0.613281 0.916992 0.614062 0.916992 0.615625 0.915039 0.615625 0.914062 0.616406 0.913086 0.617188 0.913086 0.618750 0.911133 0.619531 0.911133 0.619531 0.910156 0.621094 0.908203 0.621094 0.907227 0.621875 0.906250 0.621875 0.905273 0.622656 0.904297 0.622656 0.903320 0.623437 0.902344 0.623437 0.900391 0.624219 0.899414 0.624219 0.872070 0.621875 0.869141 0.621875 0.867188 0.620313 0.865234 0.619531 0.865234 0.617969 0.863281 0.617188 0.863281 0.616406 0.862305
5 0.182812 0.375000 0.182031 0.375977 0.180469 0.375977 0.179688 0.376953 0.178906 0.376953 0.178125 0.377930 0.177344 0.377930 0.176563 0.378906 0.175781 0.378906 0.174219 0.380859 0.173437 0.380859 0.171875 0.382812 0.171094 0.382812 0.167969 0.386719 0.167969 0.387695 0.164844 0.391602 0.164844 0.392578 0.163281 0.394531 0.163281 0.395508 0.162500 0.396484 0.162500 0.397461 0.161719 0.398438 0.161719 0.399414 0.160938 0.400391 0.160938 0.401367 0.160156 0.402344 0.160156 0.427734 0.160938 0.428711 0.160938 0.429688 0.161719 0.430664 0.161719 0.431641 0.164062 0.434570 0.164062 0.435547 0.166406 0.438477 0.167187 0.438477 0.169531 0.441406 0.180469 0.441406 0.182031 0.439453 0.182812 0.439453 0.186719 0.434570 0.186719 0.432617 0.187500 0.431641 0.187500 0.427734 0.186719 0.426758 0.186719 0.423828 0.185938 0.422852 0.185938 0.420898 0.185156 0.419922 0.185156 0.416016 0.185938 0.415039 0.185938 0.410156 0.186719 0.409180 0.186719 0.408203 0.189062 0.405273 0.189844 0.405273 0.190625 0.404297 0.191406 0.404297 0.192188 0.403320 0.192969 0.403320 0.193750 0.402344 0.195312 0.402344 0.196094 0.401367 0.196875 0.401367 0.197656 0.400391 0.199219 0.400391 0.200000 0.399414 0.200781 0.399414 0.205469 0.393555 0.205469 0.382812 0.203906 0.380859 0.203906 0.379883 0.203125 0.379883 0.202344 0.378906 0.201563 0.378906 0.200000 0.376953 0.199219 0.376953 0.197656 0.375000
8 0.328125 0.577148 0.326562 0.579102 0.325000 0.579102 0.324219 0.580078 0.322656 0.580078 0.321875 0.581055 0.321094 0.581055 0.319531 0.583008 0.318750 0.583008 0.317188 0.584961 0.316406 0.584961 0.312500 0.589844 0.312500 0.590820 0.309375 0.594727 0.309375 0.595703 0.308594 0.596680 0.308594 0.623047 0.309375 0.623047 0.311719 0.625977 0.313281 0.625977 0.314063 0.626953 0.319531 0.626953 0.320312 0.625977 0.321094 0.625977 0.322656 0.624023 0.323437 0.624023 0.327344 0.619141 0.328125 0.619141 0.328906 0.618164 0.328906 0.617188 0.329688 0.616211 0.330469 0.616211 0.331250 0.615234 0.331250 0.614258 0.334375 0.610352 0.334375 0.608398 0.335156 0.607422 0.335938 0.607422 0.336719 0.606445 0.342187 0.606445 0.342969 0.607422 0.346094 0.607422 0.346875 0.608398 0.347656 0.608398 0.350000 0.611328 0.350000 0.614258 0.350781 0.615234 0.350781 0.617188 0.351562 0.618164 0.351562 0.620117 0.352344 0.621094 0.352344 0.622070 0.353906 0.624023 0.353906 0.625000 0.356250 0.627930 0.357031 0.627930 0.358594 0.629883 0.360938 0.629883 0.361719 0.630859 0.364063 0.630859 0.364844 0.629883 0.367188 0.629883 0.367969 0.628906 0.368750 0.628906 0.371875 0.625000 0.371875 0.624023 0.374219 0.621094 0.374219 0.619141 0.375000 0.618164 0.375781 0.618164 0.375781 0.603516 0.375000 0.602539 0.375000 0.598633 0.374219 0.597656 0.374219 0.594727 0.373437 0.593750 0.373437 0.592773 0.371094 0.589844 0.371094 0.588867 0.367188 0.583984 0.366406 0.583984 0.365625 0.583008 0.364844 0.583008 0.363281 0.581055 0.361719 0.581055 0.360938 0.580078 0.357812 0.580078 0.357031 0.579102 0.354687 0.579102 0.353906 0.578125 0.351562 0.578125 0.350781 0.577148
8 0.408594 0.718750 0.407813 0.719727 0.407031 0.719727 0.406250 0.720703 0.405469 0.720703 0.403125 0.723633 0.402344 0.723633 0.399219 0.727539 0.399219 0.728516 0.397656 0.730469 0.397656 0.731445 0.396875 0.732422 0.396875 0.744141 0.397656 0.744141 0.399219 0.746094 0.400000 0.746094 0.400781 0.747070 0.411719 0.747070 0.412500 0.746094 0.414062 0.746094 0.414844 0.745117 0.415625 0.745117 0.416406 0.744141 0.419531 0.744141 0.423438 0.749023 0.423438 0.750977 0.424219 0.751953 0.424219 0.755859 0.423438 0.756836 0.424219 0.757812 0.423438 0.758789 0.423438 0.764648 0.424219 0.765625 0.424219 0.767578 0.446094 0.767578 0.446094 0.766602 0.447656 0.764648 0.447656 0.762695 0.448437 0.761719 0.448437 0.759766 0.449219 0.758789 0.449219 0.756836 0.450000 0.755859 0.450000 0.754883 0.450781 0.753906 0.450781 0.744141 0.450000 0.743164 0.450000 0.740234 0.449219 0.739258 0.449219 0.738281 0.448437 0.737305 0.448437 0.736328 0.447656 0.735352 0.447656 0.734375 0.446875 0.733398 0.446875 0.732422 0.443750 0.728516 0.443750 0.727539 0.442188 0.725586 0.441406 0.725586 0.440625 0.724609 0.439844 0.724609 0.439063 0.723633 0.438281 0.723633 0.435937 0.720703 0.434375 0.720703 0.433594 0.719727 0.432812 0.719727 0.432031 0.718750
10 0.230469 0.064453 0.230469 0.065430 0.229687 0.066406 0.229687 0.071289 0.228906 0.072266 0.228906 0.073242 0.229687 0.074219 0.229687 0.078125 0.230469 0.079102 0.230469 0.082031 0.229687 0.083008 0.229687 0.083984 0.228125 0.085938 0.228125 0.086914 0.227344 0.087891 0.227344 0.088867 0.225781 0.090820 0.225781 0.091797 0.225000 0.092773 0.224219 0.092773 0.223438 0.093750 0.222656 0.093750 0.221875 0.094727 0.220312 0.094727 0.219531 0.093750 0.217188 0.093750 0.216406 0.092773 0.211719 0.092773 0.210938 0.093750 0.208594 0.093750 0.207813 0.094727 0.205469 0.094727 0.204687 0.095703 0.203906 0.095703 0.201563 0.098633 0.201563 0.099609 0.200000 0.101562 0.200000 0.104492 0.200781 0.105469 0.200781 0.108398 0.201563 0.109375 0.201563 0.110352 0.204687 0.114258 0.205469 0.114258 0.207031 0.116211 0.207813 0.116211 0.208594 0.117188 0.209375 0.117188 0.210156 0.118164 0.210938 0.118164 0.211719 0.119141 0.213281 0.119141 0.214844 0.121094 0.233594 0.121094 0.234375 0.120117 0.235937 0.120117 0.236719 0.119141 0.238281 0.119141 0.245312 0.110352 0.246094 0.110352 0.247656 0.108398 0.248438 0.108398 0.250000 0.106445 0.250000 0.105469 0.251563 0.103516 0.251563 0.102539 0.252344 0.101562 0.252344 0.100586 0.253906 0.098633 0.253906 0.097656 0.255469 0.095703 0.255469 0.081055 0.254688 0.080078 0.254688 0.077148 0.253906 0.076172 0.253906 0.074219 0.252344 0.072266 0.252344 0.070312 0.250781 0.068359 0.250781 0.067383 0.248438 0.064453
8 0.752344 0.811523 0.752344 0.813477 0.751563 0.814453 0.751563 0.818359 0.752344 0.819336 0.752344 0.829102 0.753125 0.830078 0.753125 0.833984 0.752344 0.834961 0.752344 0.835938 0.750781 0.837891 0.750781 0.838867 0.750000 0.839844 0.750000 0.840820 0.746875 0.844727 0.739844 0.844727 0.739062 0.843750 0.736719 0.843750 0.735938 0.844727 0.733594 0.844727 0.732812 0.843750 0.732031 0.843750 0.731250 0.842773 0.731250 0.841797 0.730469 0.840820 0.730469 0.839844 0.729688 0.838867 0.728906 0.838867 0.728125 0.837891 0.727344 0.838867 0.726562 0.838867 0.725781 0.839844 0.725781 0.850586 0.726562 0.851562 0.726562 0.852539 0.727344 0.853516 0.727344 0.855469 0.728125 0.856445 0.728125 0.859375 0.728906 0.860352 0.728906 0.861328 0.738281 0.873047 0.739844 0.873047 0.740625 0.874023 0.742969 0.874023 0.743750 0.875000 0.744531 0.875000 0.745313 0.875977 0.760156 0.875977 0.761719 0.874023 0.762500 0.874023 0.764062 0.872070 0.764844 0.872070 0.766406 0.870117 0.767188 0.870117 0.769531 0.867188 0.769531 0.866211 0.770312 0.865234 0.770312 0.864258 0.771875 0.862305 0.771875 0.861328 0.773438 0.859375 0.773438 0.857422 0.774219 0.856445 0.774219 0.854492 0.775000 0.853516 0.775000 0.852539 0.775781 0.851562 0.775781 0.849609 0.776563 0.848633 0.776563 0.833008 0.775781 0.832031 0.775781 0.829102 0.775000 0.828125 0.775000 0.826172 0.774219 0.825195 0.774219 0.823242 0.771875 0.820312 0.771875 0.819336 0.770312 0.817383 0.770312 0.816406 0.769531 0.816406 0.765625 0.811523
10 0.162500 0.145508 0.160156 0.148438 0.160156 0.149414 0.159375 0.150391 0.159375 0.152344 0.158594 0.153320 0.158594 0.155273 0.160156 0.157227 0.160156 0.158203 0.161719 0.160156 0.161719 0.161133 0.162500 0.162109 0.162500 0.163086 0.163281 0.164062 0.163281 0.168945 0.158594 0.174805 0.157812 0.174805 0.155469 0.177734 0.154688 0.177734 0.153906 0.178711 0.153125 0.178711 0.152344 0.179688 0.150781 0.179688 0.150000 0.180664 0.146094 0.180664 0.145313 0.181641 0.143750 0.181641 0.142187 0.183594 0.141406 0.183594 0.140625 0.184570 0.140625 0.185547 0.139063 0.187500 0.138281 0.187500 0.135156 0.191406 0.135156 0.199219 0.136719 0.201172 0.136719 0.202148 0.139063 0.205078 0.139063 0.206055 0.139844 0.207031 0.140625 0.207031 0.142187 0.208984 0.142969 0.208984 0.144531 0.210938 0.145313 0.210938 0.146094 0.211914 0.167187 0.211914 0.168750 0.209961 0.169531 0.209961 0.171094 0.208008 0.172656 0.208008 0.173437 0.207031 0.174219 0.207031 0.175000 0.206055 0.176563 0.206055 0.178125 0.204102 0.178906 0.204102 0.181250 0.201172 0.182031 0.201172 0.182031 0.200195 0.182812 0.199219 0.182812 0.198242 0.183594 0.197266 0.183594 0.195312 0.185156 0.193359 0.185156 0.192383 0.185938 0.191406 0.185938 0.190430 0.186719 0.189453 0.186719 0.166016 0.185156 0.164062 0.185156 0.160156 0.184375 0.159180 0.184375 0.156250 0.183594 0.155273 0.183594 0.154297 0.182031 0.152344 0.182031 0.150391 0.178125 0.145508
11 0.121094 0.078125 0.120313 0.079102 0.120313 0.080078 0.118750 0.082031 0.118750 0.083008 0.116406 0.085938 0.116406 0.086914 0.115625 0.087891 0.115625 0.088867 0.114844 0.089844 0.114844 0.092773 0.114062 0.093750 0.114062 0.100586 0.114844 0.101562 0.114844 0.102539 0.115625 0.103516 0.115625 0.104492 0.116406 0.105469 0.116406 0.106445 0.117969 0.108398 0.117969 0.109375 0.118750 0.110352 0.119531 0.110352 0.120313 0.111328 0.121094 0.111328 0.123438 0.114258 0.123438 0.119141 0.121094 0.122070 0.121094 0.123047 0.120313 0.124023 0.120313 0.127930 0.119531 0.128906 0.119531 0.134766 0.120313 0.135742 0.120313 0.136719 0.121094 0.137695 0.121094 0.139648 0.122656 0.141602 0.122656 0.142578 0.123438 0.143555 0.123438 0.144531 0.125781 0.147461 0.126562 0.147461 0.127344 0.148438 0.129688 0.148438 0.130469 0.149414 0.141406 0.149414 0.142969 0.147461 0.144531 0.147461 0.147656 0.143555 0.149219 0.143555 0.150000 0.142578 0.150781 0.142578 0.151562 0.141602 0.152344 0.141602 0.154688 0.138672 0.155469 0.138672 0.156250 0.137695 0.156250 0.136719 0.158594 0.133789 0.158594 0.132812 0.159375 0.131836 0.159375 0.130859 0.160156 0.129883 0.160156 0.128906 0.161719 0.126953 0.161719 0.125977 0.162500 0.125000 0.162500 0.124023 0.163281 0.123047 0.163281 0.093750 0.160938 0.090820 0.160938 0.089844 0.158594 0.086914 0.158594 0.085938 0.157812 0.084961 0.157031 0.084961 0.156250 0.083984 0.155469 0.083984 0.154688 0.083008 0.153125 0.083008 0.152344 0.082031 0.150000 0.082031 0.149219 0.081055 0.147656 0.081055 0.146875 0.080078 0.145313 0.080078 0.143750 0.078125
9 0.348438 0.716797 0.347656 0.717773 0.346875 0.717773 0.346094 0.718750 0.345313 0.718750 0.344531 0.719727 0.343750 0.719727 0.342969 0.720703 0.342187 0.720703 0.340625 0.722656 0.340625 0.749023 0.341406 0.749023 0.342187 0.750000 0.343750 0.750000 0.344531 0.750977 0.346875 0.750977 0.347656 0.751953 0.348438 0.751953 0.349219 0.750977 0.350000 0.750977 0.350781 0.751953 0.352344 0.751953 0.353125 0.750977 0.353906 0.750977 0.354687 0.751953 0.359375 0.751953 0.360156 0.752930 0.360938 0.752930 0.361719 0.753906 0.362500 0.753906 0.366406 0.758789 0.366406 0.761719 0.367188 0.762695 0.367188 0.766602 0.366406 0.767578 0.366406 0.776367 0.367188 0.777344 0.367188 0.779297 0.370312 0.783203 0.370312 0.784180 0.373437 0.788086 0.374219 0.788086 0.375000 0.789062 0.375781 0.789062 0.376563 0.790039 0.379688 0.790039 0.380469 0.789062 0.383594 0.789062 0.385156 0.787109 0.385937 0.787109 0.388281 0.784180 0.388281 0.783203 0.389844 0.781250 0.389844 0.780273 0.390625 0.779297 0.390625 0.778320 0.391406 0.777344 0.391406 0.775391 0.392188 0.774414 0.392188 0.746094 0.391406 0.746094 0.390625 0.745117 0.390625 0.744141 0.389844 0.743164 0.389844 0.742188 0.389062 0.741211 0.389062 0.740234 0.387500 0.738281 0.387500 0.737305 0.384375 0.733398 0.384375 0.732422 0.383594 0.731445 0.382812 0.731445 0.380469 0.728516 0.380469 0.727539 0.379688 0.726562 0.378906 0.726562 0.375781 0.722656 0.375000 0.722656 0.374219 0.721680 0.373437 0.721680 0.372656 0.720703 0.371094 0.720703 0.370312 0.719727 0.369531 0.719727 0.368750 0.718750 0.367969 0.718750 0.367188 0.717773 0.363281 0.717773 0.362500 0.716797
4 0.331250 0.539062 0.330469 0.540039 0.329688 0.540039 0.328906 0.541016 0.328125 0.541016 0.327344 0.541992 0.326562 0.541992 0.325000 0.543945 0.324219 0.543945 0.317969 0.551758 0.317969 0.552734 0.317188 0.553711 0.317188 0.554688 0.316406 0.555664 0.316406 0.556641 0.314844 0.558594 0.314844 0.559570 0.312500 0.562500 0.312500 0.565430 0.310937 0.567383 0.310937 0.590820 0.312500 0.592773 0.312500 0.595703 0.313281 0.596680 0.313281 0.597656 0.314063 0.598633 0.314063 0.599609 0.317969 0.604492 0.318750 0.604492 0.321875 0.608398 0.334375 0.608398 0.335938 0.606445 0.335938 0.605469 0.337500 0.603516 0.337500 0.602539 0.338281 0.601562 0.338281 0.599609 0.339062 0.598633 0.339062 0.597656 0.338281 0.596680 0.338281 0.591797 0.337500 0.590820 0.337500 0.587891 0.336719 0.586914 0.336719 0.583984 0.335938 0.583008 0.335938 0.581055 0.335156 0.580078 0.335156 0.579102 0.334375 0.578125 0.334375 0.577148 0.335156 0.576172 0.335156 0.575195 0.336719 0.573242 0.336719 0.572266 0.337500 0.571289 0.338281 0.571289 0.339844 0.569336 0.340625 0.569336 0.341406 0.568359 0.347656 0.568359 0.348438 0.569336 0.350000 0.569336 0.350781 0.570312 0.352344 0.570312 0.353125 0.571289 0.357031 0.571289 0.357812 0.570312 0.358594 0.570312 0.361719 0.566406 0.361719 0.556641 0.360938 0.555664 0.360938 0.554688 0.360156 0.553711 0.360156 0.552734 0.359375 0.551758 0.359375 0.550781 0.354687 0.544922 0.353906 0.544922 0.353125 0.543945 0.352344 0.543945 0.350781 0.541992 0.350000 0.541992 0.349219 0.541016 0.348438 0.541016 0.347656 0.540039 0.346875 0.540039 0.346094 0.539062
12 0.367188 0.082031 0.366406 0.083008 0.364844 0.083008 0.364063 0.083984 0.364063 0.084961 0.362500 0.086914 0.362500 0.088867 0.361719 0.089844 0.361719 0.093750 0.360938 0.094727 0.360938 0.096680 0.360156 0.097656 0.360156 0.099609 0.359375 0.100586 0.359375 0.104492 0.353906 0.111328 0.353125 0.111328 0.352344 0.112305 0.350000 0.112305 0.348438 0.110352 0.347656 0.110352 0.346875 0.109375 0.346094 0.109375 0.345313 0.108398 0.344531 0.108398 0.343750 0.107422 0.342969 0.107422 0.342187 0.106445 0.341406 0.106445 0.339062 0.103516 0.339062 0.100586 0.337500 0.098633 0.334375 0.098633 0.331250 0.102539 0.331250 0.104492 0.328906 0.107422 0.328906 0.137695 0.332813 0.142578 0.333594 0.142578 0.334375 0.143555 0.335938 0.143555 0.336719 0.144531 0.337500 0.144531 0.338281 0.145508 0.339062 0.145508 0.340625 0.147461 0.344531 0.147461 0.345313 0.148438 0.346094 0.148438 0.346875 0.149414 0.357031 0.149414 0.357812 0.148438 0.360938 0.148438 0.361719 0.147461 0.363281 0.147461 0.364844 0.145508 0.366406 0.145508 0.367188 0.144531 0.367969 0.144531 0.370312 0.141602 0.371875 0.141602 0.376563 0.135742 0.376563 0.134766 0.378125 0.132812 0.378125 0.131836 0.379688 0.129883 0.379688 0.128906 0.380469 0.127930 0.380469 0.126953 0.382031 0.125000 0.382031 0.098633 0.381250 0.097656 0.381250 0.095703 0.380469 0.094727 0.380469 0.092773 0.379688 0.091797 0.379688 0.090820 0.378125 0.088867 0.378125 0.087891 0.376563 0.085938 0.375781 0.085938 0.375000 0.084961 0.374219 0.084961 0.372656 0.083008 0.371094 0.083008 0.370312 0.082031
2 0.176563 0.600586 0.175781 0.601562 0.175000 0.601562 0.174219 0.602539 0.173437 0.602539 0.172656 0.603516 0.171875 0.603516 0.171094 0.604492 0.170313 0.604492 0.169531 0.605469 0.168750 0.605469 0.166406 0.608398 0.165625 0.608398 0.163281 0.611328 0.163281 0.622070 0.165625 0.625000 0.166406 0.625000 0.167187 0.625977 0.178906 0.625977 0.179688 0.626953 0.182812 0.626953 0.187500 0.632812 0.187500 0.633789 0.188281 0.634766 0.188281 0.637695 0.189062 0.638672 0.189062 0.645508 0.189844 0.646484 0.189844 0.647461 0.190625 0.648438 0.190625 0.649414 0.191406 0.650391 0.192188 0.650391 0.192969 0.651367 0.193750 0.651367 0.194531 0.652344 0.195312 0.652344 0.196875 0.654297 0.207031 0.654297 0.207813 0.653320 0.207813 0.652344 0.212500 0.646484 0.212500 0.645508 0.214062 0.643555 0.214062 0.622070 0.212500 0.620117 0.212500 0.619141 0.210938 0.617188 0.210938 0.616211 0.204687 0.608398 0.203906 0.608398 0.203125 0.607422 0.202344 0.607422 0.200781 0.605469 0.200000 0.605469 0.199219 0.604492 0.198437 0.604492 0.196875 0.602539 0.196094 0.602539 0.195312 0.601562 0.194531 0.601562 0.193750 0.600586
9 0.658594 0.076172 0.657031 0.078125 0.656250 0.078125 0.652344 0.083008 0.652344 0.083984 0.649219 0.087891 0.649219 0.089844 0.648438 0.090820 0.648438 0.091797 0.646875 0.093750 0.646875 0.095703 0.646094 0.096680 0.646094 0.097656 0.645312 0.098633 0.645312 0.100586 0.644531 0.101562 0.644531 0.124023 0.645312 0.125000 0.645312 0.125977 0.646875 0.127930 0.646875 0.128906 0.648438 0.130859 0.648438 0.131836 0.650000 0.133789 0.650000 0.134766 0.650781 0.134766 0.653125 0.137695 0.653125 0.138672 0.653906 0.139648 0.654687 0.139648 0.656250 0.141602 0.657031 0.141602 0.657813 0.142578 0.658594 0.142578 0.659375 0.143555 0.660156 0.143555 0.660937 0.144531 0.661719 0.144531 0.662500 0.145508 0.666406 0.145508 0.667188 0.146484 0.668750 0.146484 0.669531 0.147461 0.675000 0.147461 0.675781 0.146484 0.677344 0.146484 0.678906 0.144531 0.679688 0.144531 0.680469 0.143555 0.681250 0.143555 0.684375 0.139648 0.685156 0.139648 0.685156 0.120117 0.682813 0.120117 0.682031 0.119141 0.679688 0.119141 0.678906 0.118164 0.677344 0.118164 0.675781 0.116211 0.674219 0.116211 0.673438 0.115234 0.672656 0.115234 0.670312 0.112305 0.670312 0.107422 0.671094 0.106445 0.671094 0.103516 0.671875 0.102539 0.671875 0.097656 0.673438 0.095703 0.673438 0.094727 0.675000 0.092773 0.675000 0.090820 0.675781 0.089844 0.675781 0.080078 0.673438 0.077148 0.673438 0.076172
5 0.332031 0.119141 0.331250 0.120117 0.330469 0.120117 0.330469 0.121094 0.329688 0.122070 0.329688 0.123047 0.330469 0.124023 0.329688 0.125000 0.329688 0.126953 0.326562 0.130859 0.325781 0.130859 0.322656 0.134766 0.320312 0.134766 0.319531 0.135742 0.318750 0.134766 0.317969 0.134766 0.317188 0.135742 0.316406 0.134766 0.309375 0.134766 0.308594 0.133789 0.307031 0.133789 0.306250 0.132812 0.304688 0.132812 0.303906 0.131836 0.299219 0.131836 0.297656 0.133789 0.296094 0.133789 0.296094 0.149414 0.296875 0.149414 0.299219 0.152344 0.300000 0.152344 0.300781 0.153320 0.302344 0.153320 0.303906 0.155273 0.304688 0.155273 0.305469 0.156250 0.307031 0.156250 0.307812 0.157227 0.309375 0.157227 0.310156 0.158203 0.311719 0.158203 0.312500 0.159180 0.329688 0.159180 0.330469 0.158203 0.332031 0.158203 0.332813 0.157227 0.333594 0.157227 0.335156 0.155273 0.335938 0.155273 0.336719 0.154297 0.337500 0.154297 0.339844 0.151367 0.340625 0.151367 0.341406 0.150391 0.341406 0.149414 0.342969 0.147461 0.342969 0.127930 0.342187 0.127930 0.341406 0.126953 0.340625 0.126953 0.339844 0.125977 0.339062 0.125977 0.338281 0.125000 0.337500 0.125000 0.335938 0.123047 0.335938 0.122070 0.333594 0.119141
11 0.085938 0.121094 0.084375 0.123047 0.082812 0.123047 0.081250 0.125000 0.080469 0.125000 0.076563 0.129883 0.076563 0.130859 0.075781 0.131836 0.075781 0.132812 0.075000 0.133789 0.075000 0.135742 0.074219 0.136719 0.074219 0.171875 0.075000 0.172852 0.075000 0.174805 0.075781 0.175781 0.075781 0.176758 0.076563 0.177734 0.076563 0.178711 0.077344 0.179688 0.077344 0.180664 0.078125 0.181641 0.078125 0.182617 0.078906 0.183594 0.078906 0.184570 0.080469 0.186523 0.080469 0.187500 0.081250 0.188477 0.081250 0.189453 0.083594 0.192383 0.083594 0.193359 0.086719 0.197266 0.087500 0.197266 0.090625 0.201172 0.091406 0.201172 0.092188 0.202148 0.092969 0.202148 0.094531 0.204102 0.095312 0.204102 0.096875 0.206055 0.097656 0.206055 0.098437 0.207031 0.099219 0.207031 0.100000 0.208008 0.107031 0.208008 0.107813 0.208984 0.111719 0.208984 0.113281 0.210938 0.121094 0.210938 0.121094 0.209961 0.122656 0.208008 0.122656 0.204102 0.125781 0.200195 0.126562 0.200195 0.130469 0.195312 0.130469 0.194336 0.131250 0.193359 0.131250 0.192383 0.132031 0.191406 0.132031 0.190430 0.132812 0.189453 0.132812 0.186523 0.133594 0.185547 0.133594 0.184570 0.134375 0.183594 0.134375 0.175781 0.133594 0.175781 0.132031 0.173828 0.132031 0.171875 0.132812 0.170898 0.134375 0.170898 0.134375 0.163086 0.133594 0.162109 0.132031 0.162109 0.131250 0.161133 0.132031 0.160156 0.132031 0.158203 0.131250 0.157227 0.131250 0.156250 0.130469 0.155273 0.130469 0.154297 0.127344 0.150391 0.125781 0.150391 0.125000 0.149414 0.124219 0.149414 0.123438 0.148438 0.117188 0.148438 0.115625 0.146484 0.114844 0.146484 0.110937 0.141602 0.110937 0.140625 0.109375 0.138672 0.109375 0.137695 0.108594 0.136719 0.108594 0.135742 0.107031 0.133789 0.107031 0.132812 0.105469 0.130859 0.105469 0.128906 0.104688 0.127930 0.104688 0.126953 0.100781 0.122070 0.100781 0.121094
9 0.441406 0.409180 0.440625 0.410156 0.439844 0.410156 0.438281 0.412109 0.437500 0.412109 0.436719 0.413086 0.435937 0.413086 0.434375 0.415039 0.433594 0.415039 0.428125 0.421875 0.428125 0.422852 0.426563 0.424805 0.426563 0.425781 0.425781 0.426758 0.425781 0.428711 0.425000 0.429688 0.425000 0.430664 0.424219 0.431641 0.424219 0.448242 0.425000 0.449219 0.425000 0.450195 0.425781 0.451172 0.425781 0.453125 0.426563 0.454102 0.426563 0.455078 0.427344 0.456055 0.427344 0.457031 0.428125 0.458008 0.428125 0.458984 0.433594 0.465820 0.433594 0.466797 0.437500 0.471680 0.447656 0.471680 0.450000 0.468750 0.450000 0.467773 0.450781 0.466797 0.450781 0.465820 0.451562 0.464844 0.451562 0.463867 0.452344 0.462891 0.452344 0.461914 0.453125 0.460938 0.453125 0.459961 0.453906 0.458984 0.453906 0.453125 0.453125 0.452148 0.453125 0.445312 0.452344 0.444336 0.452344 0.435547 0.453906 0.433594 0.454688 0.433594 0.455469 0.432617 0.459375 0.432617 0.460156 0.433594 0.460938 0.433594 0.461719 0.434570 0.464844 0.434570 0.465625 0.435547 0.469531 0.435547 0.470313 0.434570 0.471094 0.434570 0.472656 0.432617 0.473438 0.432617 0.473438 0.420898 0.467969 0.414062 0.467187 0.414062 0.466406 0.413086 0.465625 0.413086 0.464844 0.412109 0.464062 0.412109 0.463281 0.411133 0.461719 0.411133 0.460938 0.410156 0.460156 0.410156 0.459375 0.409180
3 0.593750 0.056641 0.592969 0.057617 0.592187 0.057617 0.590625 0.059570 0.588281 0.059570 0.587500 0.060547 0.587500 0.061523 0.586719 0.062500 0.585938 0.062500 0.585156 0.063477 0.584375 0.063477 0.582812 0.065430 0.582812 0.066406 0.578906 0.071289 0.578906 0.072266 0.575781 0.076172 0.575781 0.104492 0.576562 0.104492 0.578125 0.106445 0.578125 0.107422 0.579688 0.107422 0.580469 0.108398 0.582812 0.108398 0.583594 0.109375 0.585938 0.109375 0.586719 0.110352 0.590625 0.110352 0.591406 0.109375 0.592969 0.109375 0.596094 0.105469 0.596094 0.103516 0.597656 0.101562 0.597656 0.100586 0.598437 0.099609 0.598437 0.096680 0.599219 0.095703 0.599219 0.094727 0.600000 0.093750 0.600000 0.092773 0.600781 0.091797 0.601562 0.091797 0.603125 0.089844 0.604688 0.089844 0.605469 0.088867 0.609375 0.088867 0.610156 0.087891 0.610938 0.088867 0.612500 0.088867 0.613281 0.087891 0.614062 0.088867 0.616406 0.088867 0.617969 0.090820 0.618750 0.090820 0.620313 0.092773 0.621094 0.092773 0.622656 0.094727 0.622656 0.095703 0.623437 0.096680 0.623437 0.097656 0.625000 0.099609 0.625000 0.100586 0.625781 0.101562 0.626563 0.101562 0.628906 0.104492 0.632031 0.104492 0.632812 0.103516 0.633594 0.103516 0.634375 0.102539 0.635156 0.102539 0.637500 0.099609 0.637500 0.098633 0.638281 0.097656 0.638281 0.081055 0.636719 0.079102 0.636719 0.077148 0.635938 0.076172 0.635938 0.075195 0.635156 0.074219 0.635156 0.073242 0.626563 0.062500 0.625781 0.062500 0.624219 0.060547 0.622656 0.060547 0.621094 0.058594 0.618750 0.058594 0.617969 0.057617 0.616406 0.057617 0.615625 0.056641
5 0.867188 0.611328 0.866406 0.612305 0.865625 0.612305 0.864844 0.613281 0.864062 0.613281 0.861719 0.616211 0.860938 0.616211 0.860938 0.617188 0.859375 0.619141 0.859375 0.628906 0.860156 0.629883 0.860156 0.630859 0.860938 0.631836 0.861719 0.631836 0.862500 0.632812 0.863281 0.632812 0.864062 0.633789 0.864844 0.633789 0.865625 0.634766 0.869531 0.634766 0.870313 0.635742 0.872656 0.635742 0.873437 0.636719 0.874219 0.636719 0.875000 0.637695 0.875781 0.637695 0.876563 0.638672 0.877344 0.638672 0.879687 0.641602 0.880469 0.641602 0.882031 0.643555 0.882031 0.645508 0.882812 0.646484 0.882812 0.652344 0.882031 0.653320 0.882031 0.662109 0.881250 0.663086 0.881250 0.674805 0.882031 0.675781 0.882031 0.677734 0.892969 0.677734 0.896875 0.672852 0.896875 0.671875 0.899219 0.668945 0.899219 0.667969 0.900781 0.666016 0.900781 0.665039 0.901563 0.664062 0.901563 0.663086 0.902344 0.662109 0.902344 0.660156 0.903906 0.658203 0.903906 0.638672 0.902344 0.636719 0.902344 0.634766 0.901563 0.633789 0.901563 0.632812 0.900781 0.631836 0.900781 0.630859 0.899219 0.628906 0.899219 0.627930 0.898438 0.626953 0.898438 0.625977 0.889844 0.615234 0.889062 0.615234 0.888281 0.614258 0.887500 0.614258 0.885938 0.612305 0.884375 0.612305 0.883594 0.611328
5 0.939063 0.830078 0.938281 0.831055 0.937500 0.831055 0.936719 0.832031 0.935156 0.832031 0.934375 0.833008 0.933594 0.833008 0.927344 0.840820 0.926562 0.840820 0.925781 0.841797 0.925781 0.842773 0.925000 0.843750 0.925000 0.844727 0.923438 0.846680 0.923438 0.848633 0.921875 0.850586 0.921875 0.851562 0.921094 0.852539 0.921094 0.854492 0.920312 0.855469 0.920312 0.857422 0.919531 0.858398 0.919531 0.859375 0.918750 0.860352 0.918750 0.877930 0.920312 0.879883 0.920312 0.881836 0.921094 0.882812 0.921094 0.883789 0.921875 0.884766 0.921875 0.885742 0.924219 0.888672 0.924219 0.889648 0.927344 0.893555 0.942969 0.893555 0.943750 0.892578 0.943750 0.891602 0.944531 0.890625 0.944531 0.889648 0.945312 0.888672 0.945312 0.887695 0.946094 0.886719 0.946094 0.882812 0.946875 0.881836 0.946875 0.875977 0.946094 0.875000 0.946094 0.872070 0.945312 0.871094 0.945312 0.869141 0.944531 0.868164 0.944531 0.862305 0.945312 0.861328 0.945312 0.860352 0.946094 0.859375 0.946875 0.859375 0.947656 0.858398 0.948438 0.858398 0.950000 0.856445 0.950781 0.856445 0.951562 0.857422 0.954688 0.857422 0.955469 0.856445 0.960156 0.856445 0.960938 0.855469 0.964063 0.855469 0.964844 0.854492 0.965625 0.854492 0.966406 0.853516 0.967187 0.853516 0.969531 0.850586 0.969531 0.849609 0.970313 0.848633 0.970313 0.845703 0.971094 0.844727 0.971094 0.842773 0.970313 0.841797 0.970313 0.840820 0.969531 0.839844 0.969531 0.837891 0.965625 0.833008 0.964844 0.833008 0.963281 0.831055 0.962500 0.831055 0.961719 0.830078
11 0.579688 0.230469 0.578906 0.231445 0.578125 0.231445 0.576562 0.233398 0.575781 0.233398 0.575000 0.234375 0.574219 0.234375 0.570312 0.239258 0.570312 0.240234 0.569531 0.241211 0.568750 0.241211 0.567969 0.242188 0.567969 0.243164 0.567187 0.244141 0.567187 0.248047 0.565625 0.250000 0.565625 0.250977 0.564844 0.251953 0.564844 0.253906 0.564063 0.254883 0.564063 0.255859 0.563281 0.256836 0.563281 0.257812 0.562500 0.258789 0.562500 0.260742 0.561719 0.261719 0.561719 0.263672 0.560937 0.264648 0.560937 0.271484 0.560156 0.272461 0.560937 0.273438 0.560937 0.284180 0.561719 0.285156 0.561719 0.287109 0.563281 0.289062 0.563281 0.291016 0.565625 0.293945 0.565625 0.294922 0.566406 0.295898 0.566406 0.296875 0.567969 0.298828 0.567969 0.299805 0.569531 0.301758 0.569531 0.302734 0.573438 0.307617 0.584375 0.307617 0.584375 0.306641 0.586719 0.303711 0.587500 0.303711 0.589844 0.300781 0.590625 0.300781 0.592187 0.298828 0.593750 0.298828 0.594531 0.297852 0.596875 0.297852 0.597656 0.296875 0.600000 0.296875 0.600781 0.295898 0.603125 0.295898 0.603906 0.294922 0.606250 0.294922 0.607812 0.292969 0.608594 0.292969 0.610156 0.291016 0.610156 0.287109 0.609375 0.286133 0.609375 0.285156 0.610156 0.284180 0.610156 0.283203 0.609375 0.282227 0.609375 0.280273 0.605469 0.275391 0.605469 0.273438 0.604688 0.272461 0.602344 0.272461 0.600000 0.275391 0.598437 0.275391 0.596094 0.272461 0.596094 0.267578 0.598437 0.264648 0.600000 0.264648 0.600781 0.263672 0.601562 0.263672 0.603125 0.261719 0.603125 0.260742 0.604688 0.258789 0.604688 0.257812 0.605469 0.256836 0.605469 0.254883 0.606250 0.253906 0.606250 0.251953 0.607031 0.250977 0.607031 0.250000 0.607812 0.249023 0.607812 0.239258 0.607031 0.238281 0.607031 0.237305 0.606250 0.236328 0.606250 0.235352 0.604688 0.233398 0.604688 0.232422 0.603125 0.230469
5 0.070312 0.289062 0.068750 0.291016 0.068750 0.291992 0.067187 0.293945 0.067187 0.294922 0.066406 0.295898 0.066406 0.296875 0.065625 0.297852 0.065625 0.298828 0.064844 0.299805 0.064844 0.314453 0.065625 0.315430 0.065625 0.317383 0.066406 0.318359 0.066406 0.320312 0.067187 0.321289 0.067187 0.322266 0.067969 0.323242 0.067969 0.324219 0.068750 0.325195 0.068750 0.326172 0.070312 0.328125 0.070312 0.329102 0.071094 0.330078 0.071094 0.331055 0.075000 0.335938 0.075781 0.335938 0.078906 0.339844 0.079687 0.339844 0.080469 0.340820 0.081250 0.340820 0.082031 0.341797 0.082812 0.341797 0.083594 0.342773 0.085156 0.342773 0.086719 0.344727 0.105469 0.344727 0.107813 0.341797 0.108594 0.341797 0.112500 0.336914 0.112500 0.325195 0.111719 0.325195 0.110156 0.323242 0.103125 0.323242 0.102344 0.322266 0.100781 0.322266 0.100000 0.321289 0.096875 0.321289 0.096094 0.320312 0.095312 0.320312 0.092969 0.317383 0.092969 0.315430 0.092188 0.314453 0.092188 0.313477 0.091406 0.312500 0.091406 0.308594 0.090625 0.307617 0.090625 0.302734 0.091406 0.301758 0.091406 0.299805 0.092188 0.298828 0.092188 0.296875 0.091406 0.295898 0.091406 0.294922 0.089063 0.291992 0.089063 0.291016 0.088281 0.290039 0.087500 0.290039 0.086719 0.289062
0 0.465625 0.482422 0.461719 0.487305 0.461719 0.488281 0.460938 0.489258 0.460938 0.501953 0.461719 0.502930 0.461719 0.503906 0.466406 0.509766 0.466406 0.510742 0.467187 0.511719 0.467187 0.512695 0.468750 0.514648 0.468750 0.516602 0.469531 0.517578 0.469531 0.521484 0.471094 0.523438 0.471875 0.523438 0.472656 0.524414 0.474219 0.524414 0.475000 0.525391 0.476562 0.525391 0.477344 0.526367 0.494531 0.526367 0.495312 0.525391 0.496094 0.525391 0.496875 0.524414 0.497656 0.524414 0.498437 0.523438 0.499219 0.523438 0.500000 0.522461 0.500781 0.522461 0.501563 0.521484 0.502344 0.521484 0.504687 0.518555 0.505469 0.518555 0.508594 0.514648 0.508594 0.513672 0.509375 0.512695 0.509375 0.491211 0.507812 0.489258 0.503125 0.489258 0.502344 0.490234 0.501563 0.490234 0.500781 0.491211 0.500000 0.491211 0.499219 0.492188 0.498437 0.492188 0.496094 0.495117 0.494531 0.495117 0.490625 0.500000 0.488281 0.500000 0.487500 0.500977 0.484375 0.500977 0.482031 0.498047 0.481250 0.498047 0.479687 0.496094 0.479687 0.493164 0.478906 0.492188 0.478906 0.490234 0.478125 0.489258 0.478125 0.488281 0.477344 0.487305 0.477344 0.486328 0.475781 0.484375 0.475000 0.484375 0.473438 0.482422
4 0.703906 0.018555 0.703125 0.019531 0.702344 0.019531 0.700781 0.021484 0.699219 0.021484 0.698438 0.022461 0.697656 0.022461 0.695312 0.025391 0.694531 0.025391 0.692969 0.027344 0.692187 0.027344 0.687500 0.033203 0.687500 0.034180 0.686719 0.035156 0.685937 0.035156 0.685156 0.036133 0.685156 0.049805 0.686719 0.051758 0.687500 0.051758 0.688281 0.052734 0.689063 0.052734 0.689844 0.053711 0.700000 0.053711 0.700781 0.052734 0.701562 0.052734 0.704688 0.048828 0.705469 0.048828 0.707031 0.046875 0.710938 0.046875 0.711719 0.045898 0.712500 0.046875 0.714063 0.046875 0.715625 0.048828 0.715625 0.051758 0.716406 0.052734 0.716406 0.064453 0.717187 0.065430 0.717187 0.066406 0.717969 0.067383 0.717969 0.068359 0.719531 0.070312 0.719531 0.071289 0.721875 0.074219 0.722656 0.074219 0.723437 0.075195 0.724219 0.075195 0.725000 0.076172 0.727344 0.076172 0.728125 0.075195 0.732031 0.075195 0.732812 0.074219 0.733594 0.074219 0.735156 0.072266 0.735156 0.071289 0.736719 0.069336 0.736719 0.068359 0.737500 0.067383 0.737500 0.065430 0.738281 0.064453 0.738281 0.062500 0.739062 0.061523 0.739062 0.060547 0.739844 0.059570 0.739844 0.040039 0.739062 0.039062 0.739062 0.036133 0.738281 0.035156 0.738281 0.034180 0.737500 0.033203 0.737500 0.032227 0.736719 0.031250 0.736719 0.030273 0.735156 0.028320 0.735156 0.027344 0.732812 0.024414 0.732031 0.024414 0.729688 0.021484 0.728906 0.021484 0.728125 0.020508 0.727344 0.020508 0.725781 0.018555
7 0.354687 0.837891 0.353906 0.838867 0.353906 0.840820 0.353125 0.841797 0.353125 0.844727 0.353906 0.845703 0.353906 0.848633 0.353125 0.849609 0.353906 0.850586 0.353906 0.852539 0.350781 0.856445 0.350000 0.856445 0.349219 0.857422 0.347656 0.857422 0.346875 0.858398 0.346094 0.858398 0.344531 0.860352 0.343750 0.860352 0.341406 0.863281 0.339844 0.863281 0.339062 0.864258 0.338281 0.864258 0.336719 0.866211 0.335938 0.866211 0.334375 0.868164 0.333594 0.868164 0.332813 0.867188 0.331250 0.867188 0.330469 0.866211 0.328125 0.866211 0.327344 0.865234 0.326562 0.865234 0.325781 0.866211 0.323437 0.866211 0.322656 0.867188 0.321875 0.867188 0.321094 0.868164 0.320312 0.868164 0.317969 0.871094 0.317188 0.871094 0.317188 0.872070 0.315625 0.874023 0.315625 0.875977 0.314844 0.876953 0.314844 0.877930 0.314063 0.878906 0.314063 0.880859 0.314844 0.881836 0.314844 0.882812 0.314063 0.883789 0.314063 0.885742 0.315625 0.887695 0.315625 0.890625 0.316406 0.891602 0.316406 0.892578 0.317188 0.893555 0.317188 0.894531 0.318750 0.896484 0.318750 0.897461 0.322656 0.902344 0.323437 0.902344 0.325781 0.905273 0.326562 0.905273 0.328125 0.907227 0.350781 0.907227 0.352344 0.905273 0.353125 0.905273 0.353906 0.904297 0.354687 0.904297 0.362500 0.894531 0.362500 0.893555 0.366406 0.888672 0.366406 0.887695 0.367969 0.885742 0.367969 0.884766 0.369531 0.882812 0.369531 0.881836 0.371094 0.879883 0.371094 0.878906 0.372656 0.876953 0.372656 0.875977 0.374219 0.874023 0.374219 0.873047 0.375000 0.872070 0.375000 0.870117 0.375781 0.869141 0.375781 0.868164 0.376563 0.867188 0.376563 0.855469 0.375781 0.854492 0.375781 0.852539 0.376563 0.851562 0.376563 0.850586 0.375781 0.849609 0.375781 0.845703 0.375000 0.844727 0.375000 0.843750 0.374219 0.842773 0.374219 0.840820 0.372656 0.838867 0.372656 0.837891
9 0.473438 0.892578 0.472656 0.893555 0.471875 0.893555 0.467969 0.898438 0.467187 0.898438 0.465625 0.900391 0.464844 0.900391 0.462500 0.903320 0.461719 0.903320 0.460938 0.904297 0.459375 0.904297 0.458594 0.905273 0.457031 0.905273 0.456250 0.906250 0.453125 0.906250 0.452344 0.905273 0.450781 0.905273 0.449219 0.903320 0.448437 0.903320 0.447656 0.902344 0.446875 0.902344 0.446094 0.901367 0.442188 0.901367 0.441406 0.902344 0.440625 0.902344 0.439844 0.901367 0.439063 0.901367 0.438281 0.902344 0.437500 0.902344 0.436719 0.903320 0.435937 0.903320 0.435937 0.911133 0.436719 0.912109 0.436719 0.913086 0.437500 0.914062 0.437500 0.917969 0.438281 0.918945 0.438281 0.920898 0.439063 0.921875 0.439063 0.922852 0.439844 0.923828 0.439844 0.925781 0.441406 0.927734 0.441406 0.928711 0.442188 0.929688 0.442969 0.929688 0.446094 0.933594 0.446875 0.933594 0.448437 0.935547 0.449219 0.935547 0.450000 0.936523 0.450781 0.936523 0.451562 0.937500 0.466406 0.937500 0.467187 0.936523 0.467969 0.936523 0.468750 0.935547 0.469531 0.935547 0.470313 0.934570 0.471875 0.934570 0.473438 0.932617 0.474219 0.932617 0.475000 0.931641 0.475781 0.931641 0.478906 0.927734 0.478906 0.926758 0.479687 0.925781 0.479687 0.924805 0.481250 0.922852 0.481250 0.921875 0.482812 0.919922 0.482812 0.897461 0.480469 0.894531 0.479687 0.894531 0.478906 0.893555 0.477344 0.893555 0.476562 0.892578
12 0.586719 0.460938 0.586719 0.461914 0.585938 0.462891 0.585938 0.463867 0.585156 0.464844 0.585156 0.465820 0.584375 0.466797 0.584375 0.469727 0.583594 0.470703 0.583594 0.472656 0.584375 0.473633 0.584375 0.482422 0.585156 0.483398 0.585156 0.489258 0.584375 0.490234 0.584375 0.492188 0.578906 0.499023 0.578125 0.499023 0.577344 0.500000 0.575781 0.500000 0.575000 0.500977 0.565625 0.500977 0.564844 0.500000 0.564063 0.500000 0.562500 0.498047 0.559375 0.498047 0.557813 0.500000 0.557813 0.510742 0.559375 0.512695 0.559375 0.514648 0.560156 0.515625 0.560156 0.517578 0.559375 0.518555 0.559375 0.522461 0.560156 0.523438 0.560156 0.524414 0.560937 0.525391 0.560937 0.526367 0.563281 0.529297 0.564063 0.529297 0.564844 0.530273 0.565625 0.530273 0.566406 0.531250 0.567187 0.531250 0.567969 0.532227 0.568750 0.532227 0.569531 0.533203 0.587500 0.533203 0.588281 0.532227 0.590625 0.532227 0.591406 0.531250 0.592969 0.531250 0.593750 0.530273 0.594531 0.530273 0.595313 0.529297 0.596094 0.529297 0.596875 0.528320 0.597656 0.528320 0.599219 0.526367 0.600000 0.526367 0.601562 0.524414 0.601562 0.523438 0.605469 0.518555 0.605469 0.517578 0.607031 0.515625 0.607031 0.514648 0.607812 0.513672 0.607812 0.511719 0.608594 0.510742 0.608594 0.508789 0.609375 0.507812 0.609375 0.506836 0.610156 0.505859 0.610156 0.480469 0.609375 0.479492 0.609375 0.478516 0.608594 0.477539 0.608594 0.475586 0.607031 0.473633 0.607031 0.472656 0.605469 0.470703 0.605469 0.469727 0.603125 0.466797 0.603125 0.465820 0.602344 0.464844 0.601562 0.464844 0.600000 0.462891 0.599219 0.462891 0.597656 0.460938
11 0.804688 0.487305 0.803125 0.489258 0.802344 0.489258 0.800781 0.491211 0.800781 0.492188 0.800000 0.493164 0.799219 0.493164 0.799219 0.519531 0.800781 0.521484 0.800781 0.523438 0.801562 0.524414 0.801562 0.525391 0.803125 0.527344 0.803125 0.528320 0.803906 0.529297 0.803906 0.530273 0.805469 0.532227 0.805469 0.533203 0.807031 0.535156 0.807031 0.536133 0.807813 0.537109 0.807813 0.539062 0.808594 0.540039 0.808594 0.541016 0.810156 0.542969 0.810156 0.543945 0.810937 0.544922 0.810937 0.545898 0.815625 0.551758 0.815625 0.552734 0.816406 0.552734 0.817187 0.553711 0.822656 0.553711 0.823438 0.552734 0.823438 0.551758 0.826562 0.547852 0.826562 0.546875 0.827344 0.545898 0.827344 0.544922 0.832031 0.539062 0.832031 0.538086 0.833594 0.536133 0.833594 0.514648 0.832812 0.513672 0.832812 0.512695 0.832031 0.511719 0.832031 0.509766 0.831250 0.508789 0.831250 0.507812 0.830469 0.506836 0.830469 0.504883 0.829688 0.503906 0.829688 0.502930 0.828906 0.501953 0.828906 0.500977 0.827344 0.499023 0.827344 0.498047 0.824219 0.494141 0.823438 0.494141 0.820312 0.490234 0.819531 0.490234 0.818750 0.489258 0.817969 0.489258 0.817187 0.488281 0.816406 0.488281 0.815625 0.487305
5 0.545312 0.225586 0.544531 0.226562 0.543750 0.226562 0.542969 0.227539 0.542188 0.227539 0.541406 0.228516 0.540625 0.228516 0.539062 0.230469 0.538281 0.230469 0.533594 0.236328 0.532813 0.236328 0.532031 0.237305 0.531250 0.237305 0.529687 0.239258 0.528906 0.239258 0.525781 0.243164 0.525781 0.244141 0.525000 0.245117 0.525000 0.246094 0.523438 0.248047 0.523438 0.260742 0.526563 0.264648 0.527344 0.264648 0.528125 0.265625 0.528906 0.265625 0.529687 0.266602 0.532031 0.266602 0.532813 0.267578 0.534375 0.267578 0.535156 0.266602 0.535937 0.266602 0.536719 0.267578 0.537500 0.266602 0.539844 0.266602 0.540625 0.265625 0.541406 0.265625 0.542969 0.263672 0.543750 0.263672 0.545312 0.261719 0.546094 0.261719 0.546875 0.260742 0.547656 0.260742 0.549219 0.258789 0.550000 0.258789 0.550781 0.257812 0.551562 0.257812 0.552344 0.256836 0.553125 0.256836 0.553906 0.255859 0.560156 0.255859 0.564844 0.261719 0.564844 0.262695 0.565625 0.263672 0.565625 0.264648 0.566406 0.264648 0.569531 0.268555 0.574219 0.268555 0.575000 0.267578 0.576562 0.267578 0.578906 0.264648 0.579688 0.264648 0.580469 0.263672 0.580469 0.262695 0.582031 0.260742 0.582031 0.238281 0.579688 0.235352 0.579688 0.234375 0.578125 0.232422 0.577344 0.232422 0.575000 0.229492 0.574219 0.229492 0.573438 0.228516 0.572656 0.228516 0.571875 0.227539 0.571094 0.227539 0.570312 0.226562 0.569531 0.226562 0.568750 0.225586
