6 0.125000 0.822266 0.124219 0.823242 0.123438 0.823242 0.122656 0.824219 0.121094 0.824219 0.120313 0.825195 0.119531 0.825195 0.118750 0.826172 0.117969 0.826172 0.115625 0.829102 0.114844 0.829102 0.111719 0.833008 0.111719 0.833984 0.110156 0.835938 0.110156 0.836914 0.108594 0.838867 0.108594 0.839844 0.107813 0.840820 0.107813 0.842773 0.107031 0.843750 0.107031 0.844727 0.106250 0.845703 0.106250 0.859375 0.107813 0.861328 0.107813 0.862305 0.110156 0.865234 0.110937 0.865234 0.111719 0.866211 0.114062 0.866211 0.114844 0.867188 0.120313 0.867188 0.121094 0.866211 0.121875 0.866211 0.124219 0.863281 0.124219 0.862305 0.125000 0.861328 0.125000 0.859375 0.125781 0.858398 0.125781 0.855469 0.126562 0.854492 0.126562 0.852539 0.128125 0.850586 0.128906 0.850586 0.129688 0.849609 0.130469 0.849609 0.131250 0.850586 0.132031 0.850586 0.132812 0.851562 0.133594 0.851562 0.134375 0.852539 0.135156 0.852539 0.136719 0.854492 0.137500 0.854492 0.138281 0.855469 0.138281 0.856445 0.139844 0.858398 0.139844 0.860352 0.140625 0.861328 0.140625 0.863281 0.141406 0.864258 0.141406 0.865234 0.142187 0.866211 0.142187 0.867188 0.143750 0.869141 0.143750 0.870117 0.145313 0.872070 0.155469 0.872070 0.157812 0.869141 0.157812 0.868164 0.158594 0.867188 0.158594 0.866211 0.160156 0.864258 0.160156 0.839844 0.158594 0.837891 0.158594 0.836914 0.151562 0.828125 0.150781 0.828125 0.150000 0.827148 0.149219 0.827148 0.148438 0.826172 0.147656 0.826172 0.146875 0.825195 0.146094 0.825195 0.144531 0.823242 0.143750 0.823242 0.142969 0.822266
7 0.196094 0.580078 0.192969 0.583984 0.192188 0.583984 0.192188 0.584961 0.190625 0.586914 0.189844 0.586914 0.189844 0.587891 0.187500 0.590820 0.187500 0.591797 0.186719 0.592773 0.186719 0.593750 0.185938 0.594727 0.185938 0.595703 0.185156 0.596680 0.185156 0.597656 0.184375 0.598633 0.184375 0.599609 0.183594 0.600586 0.183594 0.602539 0.182812 0.603516 0.182812 0.606445 0.182031 0.607422 0.182031 0.610352 0.181250 0.611328 0.181250 0.628906 0.182031 0.629883 0.182031 0.631836 0.182812 0.632812 0.182812 0.633789 0.185156 0.636719 0.185156 0.637695 0.189844 0.643555 0.190625 0.643555 0.192188 0.645508 0.192969 0.645508 0.194531 0.647461 0.195312 0.647461 0.196094 0.648438 0.198437 0.648438 0.199219 0.649414 0.200000 0.649414 0.200781 0.650391 0.202344 0.650391 0.203906 0.652344 0.204687 0.652344 0.205469 0.653320 0.206250 0.653320 0.207031 0.654297 0.208594 0.654297 0.209375 0.655273 0.216406 0.655273 0.217188 0.654297 0.218750 0.654297 0.219531 0.653320 0.221875 0.653320 0.225000 0.649414 0.225000 0.630859 0.219531 0.624023 0.218750 0.624023 0.215625 0.620117 0.214844 0.620117 0.214062 0.619141 0.213281 0.619141 0.210938 0.616211 0.210938 0.601562 0.211719 0.600586 0.211719 0.598633 0.214062 0.595703 0.214062 0.594727 0.215625 0.592773 0.215625 0.591797 0.216406 0.590820 0.216406 0.589844 0.217188 0.588867 0.217188 0.587891 0.217969 0.586914 0.217969 0.583008 0.217188 0.582031 0.217188 0.580078
5 0.135156 0.172852 0.133594 0.174805 0.132812 0.174805 0.132031 0.175781 0.132031 0.195312 0.133594 0.197266 0.133594 0.198242 0.134375 0.199219 0.134375 0.200195 0.135156 0.201172 0.135156 0.202148 0.136719 0.204102 0.136719 0.205078 0.138281 0.207031 0.138281 0.208008 0.140625 0.210938 0.141406 0.210938 0.142969 0.212891 0.143750 0.212891 0.145313 0.214844 0.146094 0.214844 0.146875 0.215820 0.147656 0.215820 0.148438 0.216797 0.150000 0.216797 0.150781 0.217773 0.151562 0.217773 0.152344 0.218750 0.166406 0.218750 0.167187 0.217773 0.169531 0.217773 0.170313 0.216797 0.172656 0.216797 0.173437 0.215820 0.174219 0.215820 0.175000 0.214844 0.175781 0.214844 0.177344 0.212891 0.178125 0.212891 0.179688 0.210938 0.180469 0.210938 0.182031 0.208984 0.182031 0.208008 0.185156 0.204102 0.185156 0.203125 0.185938 0.202148 0.185938 0.201172 0.186719 0.200195 0.186719 0.199219 0.188281 0.197266 0.188281 0.178711 0.184375 0.173828 0.183594 0.173828 0.182812 0.172852 0.174219 0.172852 0.174219 0.173828 0.167187 0.182617 0.167187 0.183594 0.163281 0.188477 0.162500 0.188477 0.161719 0.189453 0.157031 0.189453 0.156250 0.188477 0.155469 0.188477 0.150781 0.182617 0.150781 0.181641 0.150000 0.180664 0.150000 0.179688 0.148438 0.177734 0.148438 0.176758 0.145313 0.172852
4 0.837500 0.593750 0.836719 0.594727 0.835938 0.594727 0.832031 0.599609 0.832031 0.600586 0.830469 0.602539 0.830469 0.604492 0.829688 0.605469 0.829688 0.608398 0.830469 0.609375 0.830469 0.611328 0.832031 0.613281 0.832031 0.616211 0.832812 0.617188 0.832812 0.618164 0.834375 0.620117 0.835156 0.620117 0.836719 0.622070 0.838281 0.622070 0.839063 0.623047 0.840625 0.623047 0.841406 0.624023 0.843750 0.624023 0.844531 0.625000 0.846094 0.625000 0.850781 0.630859 0.850781 0.633789 0.851562 0.634766 0.851562 0.636719 0.852344 0.637695 0.852344 0.638672 0.853125 0.639648 0.853125 0.643555 0.848437 0.649414 0.848437 0.651367 0.847656 0.652344 0.847656 0.659180 0.848437 0.660156 0.848437 0.661133 0.864844 0.661133 0.866406 0.659180 0.866406 0.658203 0.867969 0.656250 0.867969 0.655273 0.869531 0.653320 0.869531 0.652344 0.871094 0.650391 0.871094 0.648438 0.871875 0.647461 0.871875 0.644531 0.872656 0.643555 0.872656 0.638672 0.873437 0.637695 0.873437 0.626953 0.872656 0.625977 0.872656 0.621094 0.871875 0.620117 0.871875 0.619141 0.871094 0.618164 0.871094 0.615234 0.870313 0.614258 0.870313 0.613281 0.869531 0.612305 0.869531 0.611328 0.868750 0.610352 0.868750 0.608398 0.866406 0.605469 0.866406 0.604492 0.860938 0.597656 0.860156 0.597656 0.858594 0.595703 0.857812 0.595703 0.856250 0.593750
11 0.282031 0.131836 0.276562 0.138672 0.276562 0.139648 0.275000 0.141602 0.275000 0.143555 0.271875 0.147461 0.271875 0.148438 0.271094 0.149414 0.271094 0.150391 0.270313 0.151367 0.270313 0.156250 0.265625 0.162109 0.265625 0.163086 0.264844 0.164062 0.264844 0.166016 0.264062 0.166992 0.264062 0.167969 0.262500 0.169922 0.262500 0.181641 0.263281 0.182617 0.263281 0.183594 0.264062 0.184570 0.264062 0.186523 0.264844 0.187500 0.264844 0.189453 0.265625 0.190430 0.265625 0.192383 0.266406 0.193359 0.266406 0.194336 0.267969 0.196289 0.267969 0.197266 0.268750 0.198242 0.269531 0.198242 0.270313 0.199219 0.271094 0.199219 0.271875 0.200195 0.273438 0.200195 0.274219 0.201172 0.275000 0.201172 0.275781 0.202148 0.277344 0.202148 0.278125 0.203125 0.280469 0.203125 0.281250 0.204102 0.282813 0.204102 0.283594 0.205078 0.283594 0.209961 0.296875 0.209961 0.301563 0.204102 0.301563 0.203125 0.302344 0.202148 0.302344 0.201172 0.303125 0.200195 0.303125 0.199219 0.310156 0.190430 0.310156 0.188477 0.310937 0.187500 0.310937 0.186523 0.311719 0.185547 0.311719 0.184570 0.312500 0.183594 0.312500 0.182617 0.313281 0.181641 0.313281 0.180664 0.314063 0.179688 0.314063 0.176758 0.314844 0.175781 0.314844 0.174805 0.315625 0.173828 0.315625 0.172852 0.316406 0.171875 0.315625 0.170898 0.315625 0.166016 0.314844 0.165039 0.314844 0.161133 0.314063 0.160156 0.314063 0.158203 0.313281 0.157227 0.313281 0.152344 0.312500 0.151367 0.312500 0.150391 0.311719 0.149414 0.311719 0.148438 0.312500 0.147461 0.311719 0.146484 0.311719 0.144531 0.310937 0.143555 0.310937 0.141602 0.310156 0.140625 0.310156 0.139648 0.309375 0.138672 0.309375 0.136719 0.307812 0.134766 0.307812 0.133789 0.307031 0.132812 0.307031 0.131836
10 0.549219 0.721680 0.544531 0.727539 0.544531 0.728516 0.543750 0.729492 0.543750 0.730469 0.542969 0.731445 0.542969 0.745117 0.543750 0.746094 0.543750 0.747070 0.545312 0.749023 0.545312 0.750000 0.547656 0.752930 0.547656 0.753906 0.548438 0.754883 0.548438 0.755859 0.550000 0.757812 0.553125 0.757812 0.553906 0.756836 0.554688 0.756836 0.555469 0.757812 0.558594 0.757812 0.559375 0.758789 0.560156 0.758789 0.560937 0.759766 0.561719 0.759766 0.562500 0.760742 0.562500 0.761719 0.563281 0.762695 0.563281 0.770508 0.564063 0.771484 0.563281 0.772461 0.564063 0.773438 0.564063 0.774414 0.568750 0.780273 0.583594 0.780273 0.585938 0.777344 0.586719 0.777344 0.589844 0.773438 0.589844 0.772461 0.591406 0.770508 0.591406 0.769531 0.592187 0.768555 0.592187 0.767578 0.592969 0.766602 0.592969 0.765625 0.593750 0.764648 0.593750 0.753906 0.592969 0.752930 0.592969 0.751953 0.593750 0.750977 0.593750 0.748047 0.592969 0.747070 0.592969 0.745117 0.592187 0.744141 0.592187 0.742188 0.591406 0.741211 0.591406 0.739258 0.590625 0.738281 0.590625 0.737305 0.589844 0.736328 0.589844 0.735352 0.588281 0.733398 0.587500 0.733398 0.586719 0.732422 0.586719 0.731445 0.582812 0.726562 0.582031 0.726562 0.580469 0.724609 0.578906 0.724609 0.576562 0.721680
0 0.409375 0.373047 0.408594 0.374023 0.408594 0.375000 0.406250 0.377930 0.406250 0.378906 0.404687 0.380859 0.404687 0.381836 0.403906 0.382812 0.403906 0.383789 0.403125 0.384766 0.403125 0.386719 0.402344 0.387695 0.402344 0.405273 0.403125 0.406250 0.403125 0.407227 0.403906 0.408203 0.403906 0.409180 0.404687 0.410156 0.404687 0.411133 0.406250 0.413086 0.406250 0.414062 0.408594 0.416992 0.408594 0.417969 0.415625 0.426758 0.415625 0.427734 0.417187 0.429688 0.417969 0.429688 0.418750 0.430664 0.419531 0.430664 0.421094 0.432617 0.421875 0.432617 0.423438 0.434570 0.424219 0.434570 0.425000 0.435547 0.442188 0.435547 0.442969 0.434570 0.444531 0.434570 0.445312 0.433594 0.446094 0.433594 0.446875 0.432617 0.449219 0.432617 0.450000 0.431641 0.450781 0.431641 0.451562 0.430664 0.453125 0.430664 0.453906 0.429688 0.454688 0.429688 0.456250 0.427734 0.457031 0.427734 0.457813 0.426758 0.458594 0.426758 0.460938 0.423828 0.460938 0.422852 0.462500 0.420898 0.462500 0.413086 0.460156 0.410156 0.458594 0.410156 0.457813 0.409180 0.456250 0.409180 0.454688 0.407227 0.453125 0.407227 0.452344 0.406250 0.451562 0.406250 0.450781 0.405273 0.450000 0.405273 0.449219 0.406250 0.448437 0.406250 0.447656 0.407227 0.445312 0.407227 0.444531 0.408203 0.443750 0.408203 0.442969 0.409180 0.436719 0.409180 0.435937 0.408203 0.432812 0.408203 0.431250 0.406250 0.430469 0.406250 0.428125 0.403320 0.428125 0.397461 0.428906 0.396484 0.428906 0.395508 0.429688 0.394531 0.429688 0.393555 0.430469 0.392578 0.430469 0.386719 0.431250 0.385742 0.431250 0.380859 0.430469 0.379883 0.430469 0.378906 0.429688 0.377930 0.429688 0.376953 0.426563 0.373047
8 0.878125 0.720703 0.876563 0.722656 0.876563 0.724609 0.875781 0.725586 0.875781 0.726562 0.875000 0.727539 0.875000 0.731445 0.874219 0.732422 0.875000 0.733398 0.875000 0.735352 0.875781 0.736328 0.875781 0.737305 0.878906 0.741211 0.879687 0.741211 0.880469 0.742188 0.881250 0.742188 0.882031 0.743164 0.882812 0.743164 0.883594 0.744141 0.885156 0.744141 0.886719 0.746094 0.889062 0.746094 0.889844 0.747070 0.892188 0.747070 0.893750 0.749023 0.894531 0.749023 0.895312 0.750000 0.896094 0.750000 0.896875 0.750977 0.896875 0.753906 0.892969 0.758789 0.892188 0.758789 0.891406 0.759766 0.891406 0.760742 0.889844 0.762695 0.889844 0.763672 0.889062 0.764648 0.889062 0.768555 0.888281 0.769531 0.888281 0.771484 0.889062 0.772461 0.889062 0.774414 0.889844 0.775391 0.889844 0.776367 0.890625 0.777344 0.890625 0.778320 0.891406 0.779297 0.891406 0.781250 0.892188 0.782227 0.892188 0.783203 0.892969 0.784180 0.892969 0.785156 0.893750 0.785156 0.894531 0.786133 0.894531 0.787109 0.904687 0.787109 0.905469 0.786133 0.907813 0.786133 0.908594 0.785156 0.910156 0.785156 0.910937 0.784180 0.912500 0.784180 0.914062 0.782227 0.914844 0.782227 0.918750 0.777344 0.919531 0.777344 0.921094 0.775391 0.921875 0.775391 0.924219 0.772461 0.924219 0.771484 0.925000 0.770508 0.925000 0.768555 0.925781 0.767578 0.925781 0.766602 0.926562 0.765625 0.926562 0.764648 0.927344 0.763672 0.927344 0.744141 0.925781 0.742188 0.925781 0.740234 0.925000 0.739258 0.925000 0.738281 0.923438 0.736328 0.923438 0.735352 0.922656 0.734375 0.921875 0.734375 0.917188 0.728516 0.916406 0.728516 0.914844 0.726562 0.914062 0.726562 0.912500 0.724609 0.911719 0.724609 0.910937 0.723633 0.910156 0.723633 0.909375 0.722656 0.908594 0.722656 0.907813 0.721680 0.907031 0.721680 0.906250 0.720703
7 0.307812 0.453125 0.306250 0.455078 0.305469 0.455078 0.303125 0.458008 0.302344 0.458008 0.301563 0.458984 0.301563 0.459961 0.300000 0.461914 0.300000 0.485352 0.302344 0.488281 0.302344 0.489258 0.303125 0.490234 0.303125 0.491211 0.303906 0.492188 0.303906 0.493164 0.312500 0.503906 0.313281 0.503906 0.314063 0.504883 0.314844 0.504883 0.315625 0.505859 0.317188 0.505859 0.317969 0.506836 0.318750 0.506836 0.319531 0.507812 0.335156 0.507812 0.336719 0.505859 0.338281 0.505859 0.339062 0.504883 0.339844 0.504883 0.341406 0.502930 0.342187 0.502930 0.343750 0.500977 0.344531 0.500977 0.350000 0.494141 0.350000 0.493164 0.351562 0.491211 0.351562 0.478516 0.348438 0.474609 0.347656 0.474609 0.346875 0.473633 0.341406 0.473633 0.340625 0.474609 0.339062 0.474609 0.338281 0.475586 0.337500 0.475586 0.336719 0.476562 0.335156 0.476562 0.334375 0.477539 0.328125 0.477539 0.325000 0.473633 0.325000 0.472656 0.324219 0.471680 0.324219 0.470703 0.323437 0.469727 0.323437 0.467773 0.322656 0.466797 0.322656 0.463867 0.321875 0.462891 0.321875 0.459961 0.321094 0.458984 0.321094 0.458008 0.320312 0.457031 0.320312 0.456055 0.319531 0.455078 0.318750 0.455078 0.317188 0.453125
12 0.357812 0.497070 0.357812 0.498047 0.357031 0.499023 0.356250 0.499023 0.353125 0.502930 0.352344 0.502930 0.348438 0.507812 0.348438 0.508789 0.346875 0.510742 0.346875 0.511719 0.344531 0.514648 0.344531 0.516602 0.343750 0.517578 0.343750 0.518555 0.342969 0.519531 0.342969 0.520508 0.342187 0.521484 0.342187 0.522461 0.341406 0.523438 0.341406 0.528320 0.340625 0.529297 0.340625 0.530273 0.339844 0.531250 0.340625 0.532227 0.340625 0.534180 0.339844 0.535156 0.340625 0.536133 0.340625 0.538086 0.339844 0.539062 0.339844 0.540039 0.340625 0.541016 0.339844 0.541992 0.339844 0.543945 0.340625 0.544922 0.340625 0.547852 0.341406 0.548828 0.341406 0.551758 0.342969 0.553711 0.342969 0.554688 0.343750 0.555664 0.343750 0.556641 0.344531 0.557617 0.344531 0.558594 0.346094 0.560547 0.362500 0.560547 0.362500 0.559570 0.363281 0.558594 0.363281 0.557617 0.364063 0.556641 0.364063 0.554688 0.364844 0.553711 0.364844 0.548828 0.365625 0.547852 0.365625 0.542969 0.366406 0.541992 0.366406 0.540039 0.367188 0.539062 0.367188 0.537109 0.371094 0.532227 0.371875 0.532227 0.373437 0.530273 0.374219 0.530273 0.375781 0.528320 0.378125 0.528320 0.378906 0.527344 0.379688 0.527344 0.380469 0.528320 0.381250 0.528320 0.382031 0.527344 0.382812 0.527344 0.383594 0.528320 0.384375 0.528320 0.385156 0.527344 0.387500 0.527344 0.389844 0.524414 0.389844 0.523438 0.390625 0.522461 0.390625 0.520508 0.391406 0.519531 0.391406 0.510742 0.390625 0.509766 0.390625 0.507812 0.389062 0.505859 0.389062 0.504883 0.385937 0.500977 0.385937 0.500000 0.385156 0.499023 0.384375 0.499023 0.382812 0.497070
12 0.417187 0.568359 0.416406 0.569336 0.414844 0.569336 0.413281 0.571289 0.410938 0.571289 0.410156 0.572266 0.409375 0.572266 0.408594 0.573242 0.407813 0.573242 0.405469 0.576172 0.404687 0.576172 0.401562 0.580078 0.400781 0.580078 0.400000 0.581055 0.400000 0.582031 0.399219 0.583008 0.399219 0.583984 0.398438 0.584961 0.398438 0.611328 0.400000 0.611328 0.400781 0.612305 0.400781 0.613281 0.403125 0.616211 0.403125 0.617188 0.406250 0.621094 0.407813 0.621094 0.408594 0.622070 0.412500 0.622070 0.413281 0.621094 0.413281 0.620117 0.414062 0.619141 0.414062 0.618164 0.414844 0.617188 0.415625 0.617188 0.417969 0.614258 0.418750 0.614258 0.421875 0.610352 0.423438 0.610352 0.425781 0.613281 0.425781 0.615234 0.426563 0.616211 0.426563 0.627930 0.425781 0.628906 0.425781 0.636719 0.426563 0.637695 0.426563 0.641602 0.427344 0.642578 0.427344 0.644531 0.428125 0.645508 0.428125 0.646484 0.431250 0.650391 0.432031 0.650391 0.433594 0.652344 0.434375 0.652344 0.435156 0.653320 0.435937 0.653320 0.436719 0.654297 0.437500 0.653320 0.439063 0.653320 0.439844 0.654297 0.440625 0.653320 0.442188 0.653320 0.442969 0.652344 0.443750 0.652344 0.444531 0.651367 0.445312 0.651367 0.447656 0.648438 0.448437 0.648438 0.451562 0.644531 0.451562 0.643555 0.454688 0.639648 0.454688 0.638672 0.455469 0.637695 0.455469 0.636719 0.456250 0.635742 0.456250 0.601562 0.454688 0.599609 0.454688 0.597656 0.453906 0.596680 0.453906 0.595703 0.453125 0.594727 0.453125 0.592773 0.451562 0.590820 0.451562 0.589844 0.450781 0.588867 0.450781 0.587891 0.449219 0.585938 0.449219 0.584961 0.448437 0.583984 0.447656 0.583984 0.446875 0.583008 0.446875 0.582031 0.445312 0.580078 0.444531 0.580078 0.443750 0.579102 0.443750 0.578125 0.442969 0.577148 0.442188 0.577148 0.441406 0.576172 0.440625 0.576172 0.439844 0.575195 0.439063 0.575195 0.438281 0.574219 0.437500 0.574219 0.436719 0.573242 0.435937 0.573242 0.435156 0.572266 0.434375 0.572266 0.433594 0.571289 0.432031 0.571289 0.431250 0.570312 0.430469 0.570312 0.429688 0.569336 0.426563 0.569336 0.425781 0.568359
9 0.702344 0.625977 0.700781 0.627930 0.700000 0.627930 0.699219 0.628906 0.698438 0.628906 0.697656 0.629883 0.697656 0.630859 0.696875 0.631836 0.696875 0.632812 0.696094 0.633789 0.696094 0.637695 0.696875 0.638672 0.696875 0.639648 0.697656 0.640625 0.697656 0.642578 0.699219 0.644531 0.699219 0.645508 0.701562 0.648438 0.702344 0.648438 0.707031 0.654297 0.707031 0.655273 0.707812 0.655273 0.709375 0.657227 0.710156 0.657227 0.711719 0.659180 0.711719 0.660156 0.712500 0.661133 0.712500 0.666992 0.711719 0.667969 0.711719 0.669922 0.710156 0.671875 0.710156 0.672852 0.706250 0.677734 0.702344 0.677734 0.701562 0.676758 0.700781 0.676758 0.700000 0.677734 0.699219 0.677734 0.698438 0.678711 0.698438 0.682617 0.700781 0.685547 0.702344 0.685547 0.703906 0.687500 0.704688 0.687500 0.707031 0.690430 0.707812 0.690430 0.708594 0.691406 0.708594 0.692383 0.722656 0.692383 0.724219 0.690430 0.725781 0.690430 0.726562 0.689453 0.727344 0.689453 0.728125 0.688477 0.728906 0.688477 0.732812 0.683594 0.732812 0.682617 0.738281 0.675781 0.738281 0.674805 0.739062 0.673828 0.739062 0.672852 0.739844 0.671875 0.739844 0.670898 0.740625 0.669922 0.740625 0.651367 0.739844 0.650391 0.739844 0.648438 0.739062 0.647461 0.739062 0.645508 0.737500 0.643555 0.737500 0.641602 0.736719 0.640625 0.736719 0.639648 0.735938 0.639648 0.735156 0.638672 0.735156 0.637695 0.729688 0.630859 0.728906 0.630859 0.727344 0.628906 0.726562 0.628906 0.725781 0.627930 0.725000 0.627930 0.723437 0.625977
11 0.754687 0.269531 0.753906 0.270508 0.753125 0.270508 0.752344 0.271484 0.751563 0.271484 0.748437 0.275391 0.748437 0.276367 0.744531 0.281250 0.744531 0.282227 0.743750 0.283203 0.743750 0.284180 0.742969 0.285156 0.742969 0.291016 0.741406 0.292969 0.740625 0.292969 0.739844 0.293945 0.737500 0.293945 0.736719 0.294922 0.735156 0.294922 0.734375 0.295898 0.733594 0.295898 0.732812 0.296875 0.732031 0.296875 0.731250 0.297852 0.730469 0.297852 0.729688 0.298828 0.728906 0.298828 0.727344 0.300781 0.726562 0.300781 0.725781 0.301758 0.725781 0.302734 0.724219 0.304688 0.724219 0.305664 0.722656 0.307617 0.722656 0.321289 0.724219 0.323242 0.724219 0.324219 0.725000 0.325195 0.725000 0.326172 0.725781 0.327148 0.725781 0.328125 0.726562 0.329102 0.726562 0.331055 0.728125 0.333008 0.728125 0.333984 0.728906 0.334961 0.728906 0.335938 0.731250 0.338867 0.732031 0.338867 0.732812 0.339844 0.733594 0.339844 0.734375 0.340820 0.735938 0.340820 0.736719 0.341797 0.737500 0.341797 0.738281 0.342773 0.739062 0.342773 0.739844 0.343750 0.740625 0.343750 0.741406 0.344727 0.742188 0.344727 0.742969 0.345703 0.761719 0.345703 0.762500 0.344727 0.764844 0.344727 0.765625 0.343750 0.766406 0.343750 0.767188 0.342773 0.768750 0.342773 0.769531 0.341797 0.771875 0.341797 0.772656 0.340820 0.773438 0.340820 0.774219 0.339844 0.775000 0.339844 0.778125 0.335938 0.778906 0.335938 0.783594 0.330078 0.784375 0.330078 0.788281 0.325195 0.788281 0.324219 0.790625 0.321289 0.790625 0.320312 0.792188 0.318359 0.792188 0.294922 0.789844 0.291992 0.789844 0.291016 0.789062 0.290039 0.789062 0.289062 0.787500 0.287109 0.787500 0.286133 0.785156 0.283203 0.785156 0.282227 0.784375 0.281250 0.784375 0.280273 0.781250 0.276367 0.780469 0.276367 0.779687 0.275391 0.778906 0.275391 0.777344 0.273438 0.776563 0.273438 0.775000 0.271484 0.774219 0.271484 0.773438 0.270508 0.772656 0.270508 0.771875 0.269531
10 0.218750 0.354492 0.215625 0.358398 0.214844 0.358398 0.214062 0.359375 0.213281 0.359375 0.212500 0.360352 0.212500 0.361328 0.210156 0.364258 0.209375 0.364258 0.209375 0.365234 0.206250 0.369141 0.206250 0.370117 0.205469 0.371094 0.205469 0.374023 0.203906 0.375977 0.203906 0.376953 0.203125 0.377930 0.203125 0.379883 0.202344 0.380859 0.202344 0.400391 0.203125 0.401367 0.203125 0.403320 0.204687 0.405273 0.204687 0.406250 0.205469 0.407227 0.205469 0.409180 0.207031 0.411133 0.207031 0.412109 0.210938 0.416992 0.211719 0.416992 0.212500 0.417969 0.213281 0.417969 0.215625 0.420898 0.216406 0.420898 0.219531 0.424805 0.232813 0.424805 0.234375 0.422852 0.236719 0.422852 0.237500 0.421875 0.238281 0.421875 0.240625 0.418945 0.240625 0.416992 0.241406 0.416016 0.241406 0.414062 0.242188 0.413086 0.242188 0.412109 0.242969 0.411133 0.242969 0.405273 0.239063 0.400391 0.238281 0.400391 0.235937 0.397461 0.235156 0.397461 0.234375 0.396484 0.234375 0.395508 0.232813 0.393555 0.232813 0.392578 0.232031 0.391602 0.232031 0.389648 0.231250 0.388672 0.231250 0.384766 0.238281 0.375977 0.238281 0.375000 0.239063 0.374023 0.239063 0.373047 0.239844 0.372070 0.239844 0.370117 0.240625 0.369141 0.240625 0.368164 0.241406 0.367188 0.241406 0.366211 0.242188 0.365234 0.242188 0.364258 0.242969 0.363281 0.242969 0.358398 0.242188 0.357422 0.242188 0.354492
3 0.928906 0.518555 0.928125 0.519531 0.926562 0.519531 0.925000 0.521484 0.924219 0.521484 0.923438 0.522461 0.923438 0.523438 0.921094 0.526367 0.921094 0.528320 0.921875 0.529297 0.921875 0.530273 0.921094 0.531250 0.921094 0.540039 0.919531 0.541992 0.919531 0.543945 0.917969 0.545898 0.917969 0.546875 0.916406 0.548828 0.914844 0.548828 0.914062 0.549805 0.912500 0.549805 0.911719 0.550781 0.907031 0.550781 0.906250 0.549805 0.903125 0.549805 0.902344 0.548828 0.899219 0.548828 0.898438 0.547852 0.896875 0.547852 0.896094 0.548828 0.893750 0.548828 0.893750 0.566406 0.896094 0.569336 0.896094 0.570312 0.896875 0.571289 0.897656 0.571289 0.900781 0.575195 0.901563 0.575195 0.903125 0.577148 0.903906 0.577148 0.904687 0.578125 0.906250 0.578125 0.907031 0.579102 0.908594 0.579102 0.910156 0.581055 0.912500 0.581055 0.913281 0.580078 0.914062 0.580078 0.914844 0.581055 0.924219 0.581055 0.925000 0.580078 0.925781 0.580078 0.926562 0.579102 0.928125 0.579102 0.929688 0.577148 0.931250 0.577148 0.932813 0.575195 0.934375 0.575195 0.937500 0.571289 0.938281 0.571289 0.942969 0.565430 0.942969 0.564453 0.944531 0.562500 0.944531 0.561523 0.945312 0.560547 0.945312 0.558594 0.946094 0.557617 0.946094 0.536133 0.945312 0.535156 0.945312 0.534180 0.944531 0.533203 0.944531 0.532227 0.943750 0.531250 0.943750 0.530273 0.942187 0.528320 0.942187 0.527344 0.940625 0.525391 0.940625 0.524414 0.939844 0.523438 0.939063 0.523438 0.936719 0.520508 0.935937 0.520508 0.935156 0.519531 0.934375 0.519531 0.933594 0.518555
6 0.849219 0.141602 0.846875 0.144531 0.846875 0.145508 0.846094 0.146484 0.845313 0.146484 0.845313 0.147461 0.842969 0.150391 0.842969 0.151367 0.842187 0.152344 0.842187 0.153320 0.841406 0.154297 0.841406 0.156250 0.839844 0.158203 0.839844 0.175781 0.840625 0.176758 0.840625 0.177734 0.841406 0.178711 0.841406 0.180664 0.842187 0.181641 0.842187 0.183594 0.842969 0.184570 0.842969 0.186523 0.845313 0.189453 0.845313 0.190430 0.847656 0.193359 0.847656 0.194336 0.848437 0.195312 0.849219 0.195312 0.853906 0.201172 0.854688 0.201172 0.855469 0.202148 0.857031 0.202148 0.858594 0.204102 0.879687 0.204102 0.881250 0.202148 0.882812 0.202148 0.885156 0.199219 0.885938 0.199219 0.887500 0.197266 0.888281 0.197266 0.890625 0.194336 0.891406 0.194336 0.892969 0.192383 0.892969 0.191406 0.893750 0.190430 0.893750 0.189453 0.896094 0.186523 0.896094 0.175781 0.895312 0.174805 0.895312 0.173828 0.893750 0.171875 0.892969 0.171875 0.892188 0.170898 0.892188 0.169922 0.891406 0.169922 0.890625 0.168945 0.889844 0.168945 0.889062 0.167969 0.887500 0.167969 0.886719 0.166992 0.880469 0.166992 0.879687 0.167969 0.878125 0.167969 0.877344 0.168945 0.873437 0.168945 0.872656 0.169922 0.871875 0.168945 0.869531 0.168945 0.868750 0.169922 0.867188 0.169922 0.866406 0.168945 0.865625 0.168945 0.864844 0.167969 0.864062 0.167969 0.863281 0.166992 0.863281 0.165039 0.865625 0.162109 0.865625 0.161133 0.867188 0.159180 0.867188 0.158203 0.867969 0.157227 0.867969 0.156250 0.868750 0.155273 0.868750 0.147461 0.867969 0.146484 0.867969 0.144531 0.866406 0.142578 0.866406 0.141602
7 0.855469 0.048828 0.853906 0.050781 0.853125 0.050781 0.852344 0.051758 0.851562 0.051758 0.850781 0.052734 0.850781 0.055664 0.853906 0.059570 0.853906 0.066406 0.854688 0.067383 0.854688 0.068359 0.855469 0.069336 0.855469 0.075195 0.854688 0.076172 0.854688 0.080078 0.850781 0.084961 0.849219 0.084961 0.848437 0.085938 0.847656 0.085938 0.846875 0.086914 0.846094 0.086914 0.845313 0.087891 0.843750 0.087891 0.842969 0.086914 0.841406 0.086914 0.840625 0.087891 0.838281 0.087891 0.836719 0.089844 0.835938 0.089844 0.835156 0.090820 0.834375 0.090820 0.834375 0.113281 0.835938 0.113281 0.836719 0.114258 0.837500 0.114258 0.838281 0.115234 0.839063 0.115234 0.839844 0.116211 0.840625 0.116211 0.841406 0.117188 0.842969 0.117188 0.843750 0.118164 0.845313 0.118164 0.846094 0.119141 0.854688 0.119141 0.856250 0.117188 0.858594 0.117188 0.859375 0.116211 0.860156 0.116211 0.860938 0.115234 0.862500 0.115234 0.864062 0.113281 0.864844 0.113281 0.868750 0.108398 0.869531 0.108398 0.871094 0.106445 0.871094 0.105469 0.872656 0.103516 0.872656 0.102539 0.874219 0.100586 0.874219 0.099609 0.875000 0.098633 0.875000 0.097656 0.875781 0.096680 0.875781 0.095703 0.876563 0.094727 0.876563 0.092773 0.877344 0.091797 0.877344 0.056641 0.875000 0.053711 0.874219 0.053711 0.872656 0.051758 0.871094 0.051758 0.870313 0.050781 0.869531 0.050781 0.868750 0.049805 0.867188 0.049805 0.866406 0.048828
0 0.285938 0.002930 0.285156 0.003906 0.284375 0.003906 0.282813 0.005859 0.281250 0.005859 0.279687 0.007812 0.278906 0.007812 0.278125 0.008789 0.277344 0.008789 0.275000 0.011719 0.275000 0.012695 0.272656 0.015625 0.272656 0.016602 0.271094 0.018555 0.271094 0.019531 0.270313 0.020508 0.270313 0.021484 0.269531 0.022461 0.269531 0.024414 0.267969 0.026367 0.267969 0.038086 0.268750 0.039062 0.269531 0.039062 0.271875 0.041992 0.272656 0.041992 0.273438 0.042969 0.274219 0.042969 0.275781 0.044922 0.277344 0.044922 0.278125 0.045898 0.280469 0.045898 0.282031 0.043945 0.282031 0.042969 0.282813 0.041992 0.283594 0.041992 0.284375 0.041016 0.284375 0.040039 0.288281 0.035156 0.288281 0.034180 0.289062 0.033203 0.289844 0.033203 0.290625 0.032227 0.292969 0.032227 0.293750 0.033203 0.294531 0.033203 0.295312 0.034180 0.296094 0.034180 0.296875 0.035156 0.296875 0.036133 0.297656 0.037109 0.297656 0.038086 0.298438 0.039062 0.298438 0.040039 0.299219 0.041016 0.299219 0.043945 0.300000 0.044922 0.300000 0.048828 0.301563 0.050781 0.302344 0.050781 0.303125 0.051758 0.303906 0.051758 0.305469 0.053711 0.306250 0.053711 0.307031 0.054688 0.307812 0.054688 0.308594 0.055664 0.313281 0.055664 0.314063 0.054688 0.314844 0.054688 0.314844 0.053711 0.317188 0.050781 0.317188 0.049805 0.317969 0.048828 0.317969 0.019531 0.316406 0.017578 0.316406 0.015625 0.315625 0.014648 0.315625 0.013672 0.314844 0.012695 0.314844 0.011719 0.314063 0.010742 0.313281 0.010742 0.311719 0.008789 0.310937 0.008789 0.308594 0.005859 0.307812 0.005859 0.307031 0.004883 0.306250 0.004883 0.305469 0.003906 0.304688 0.003906 0.303906 0.002930
8 0.083594 0.122070 0.082031 0.124023 0.081250 0.124023 0.080469 0.125000 0.079687 0.125000 0.078125 0.126953 0.077344 0.126953 0.075781 0.128906 0.075000 0.128906 0.070312 0.134766 0.070312 0.135742 0.068750 0.137695 0.068750 0.138672 0.067969 0.139648 0.067969 0.141602 0.067187 0.142578 0.067187 0.144531 0.065625 0.146484 0.065625 0.172852 0.066406 0.173828 0.066406 0.174805 0.067187 0.175781 0.067187 0.176758 0.067969 0.177734 0.067969 0.178711 0.068750 0.179688 0.068750 0.180664 0.070312 0.182617 0.070312 0.183594 0.074219 0.188477 0.075000 0.188477 0.077344 0.191406 0.087500 0.191406 0.089844 0.188477 0.089844 0.187500 0.091406 0.185547 0.091406 0.184570 0.092188 0.183594 0.092188 0.182617 0.092969 0.181641 0.092969 0.166016 0.092188 0.165039 0.092188 0.162109 0.091406 0.161133 0.091406 0.158203 0.094531 0.154297 0.095312 0.154297 0.096875 0.152344 0.097656 0.152344 0.098437 0.151367 0.101562 0.151367 0.102344 0.150391 0.103906 0.150391 0.105469 0.148438 0.106250 0.148438 0.106250 0.127930 0.105469 0.127930 0.103906 0.125977 0.103125 0.125977 0.102344 0.125000 0.101562 0.125000 0.100781 0.124023 0.098437 0.124023 0.096875 0.122070
1 0.292969 0.919922 0.292187 0.920898 0.291406 0.920898 0.290625 0.921875 0.288281 0.921875 0.287500 0.922852 0.286719 0.922852 0.285938 0.923828 0.285156 0.923828 0.284375 0.924805 0.282031 0.924805 0.280469 0.926758 0.280469 0.927734 0.278125 0.930664 0.277344 0.930664 0.276562 0.931641 0.275000 0.931641 0.274219 0.932617 0.269531 0.932617 0.268750 0.931641 0.267969 0.931641 0.265625 0.928711 0.265625 0.926758 0.262500 0.922852 0.261719 0.922852 0.260937 0.921875 0.259375 0.921875 0.258594 0.922852 0.257812 0.922852 0.257031 0.923828 0.256250 0.923828 0.255469 0.924805 0.253906 0.924805 0.253125 0.925781 0.250000 0.925781 0.248438 0.927734 0.248438 0.928711 0.246094 0.931641 0.246094 0.943359 0.246875 0.944336 0.246875 0.945312 0.247656 0.946289 0.247656 0.947266 0.248438 0.948242 0.248438 0.949219 0.249219 0.950195 0.249219 0.951172 0.250000 0.952148 0.250000 0.953125 0.253125 0.957031 0.253125 0.958008 0.257031 0.962891 0.257812 0.962891 0.260156 0.965820 0.260937 0.965820 0.261719 0.966797 0.262500 0.966797 0.264062 0.968750 0.264844 0.968750 0.265625 0.969727 0.282813 0.969727 0.283594 0.968750 0.284375 0.968750 0.285156 0.967773 0.285938 0.967773 0.286719 0.966797 0.287500 0.966797 0.289844 0.963867 0.291406 0.963867 0.292187 0.962891 0.292969 0.962891 0.295312 0.959961 0.296094 0.959961 0.296094 0.958984 0.299219 0.955078 0.299219 0.954102 0.300781 0.952148 0.300781 0.924805 0.298438 0.921875 0.297656 0.921875 0.296875 0.920898 0.295312 0.920898 0.294531 0.919922
9 0.590625 0.077148 0.589063 0.079102 0.588281 0.079102 0.586719 0.081055 0.586719 0.082031 0.585156 0.083984 0.585156 0.106445 0.587500 0.109375 0.587500 0.110352 0.590625 0.114258 0.590625 0.115234 0.593750 0.119141 0.594531 0.119141 0.596094 0.121094 0.596875 0.121094 0.597656 0.122070 0.598437 0.122070 0.599219 0.123047 0.600000 0.123047 0.600781 0.124023 0.601562 0.124023 0.603125 0.125977 0.621875 0.125977 0.622656 0.125000 0.624219 0.125000 0.625000 0.124023 0.626563 0.124023 0.628125 0.122070 0.629687 0.122070 0.631250 0.120117 0.632031 0.120117 0.633594 0.118164 0.634375 0.118164 0.641406 0.109375 0.641406 0.108398 0.642969 0.106445 0.642969 0.089844 0.640625 0.086914 0.639844 0.086914 0.639062 0.085938 0.634375 0.085938 0.633594 0.084961 0.632812 0.085938 0.631250 0.085938 0.630469 0.086914 0.629687 0.086914 0.625000 0.092773 0.625000 0.093750 0.623437 0.095703 0.622656 0.095703 0.621875 0.096680 0.620313 0.096680 0.619531 0.097656 0.618750 0.096680 0.617969 0.096680 0.616406 0.094727 0.615625 0.094727 0.612500 0.090820 0.612500 0.089844 0.608594 0.084961 0.608594 0.083984 0.605469 0.080078 0.604688 0.080078 0.603906 0.079102 0.601562 0.079102 0.600781 0.078125 0.595313 0.078125 0.594531 0.077148
5 0.406250 0.799805 0.404687 0.801758 0.403125 0.801758 0.402344 0.802734 0.401562 0.802734 0.399219 0.805664 0.398438 0.805664 0.398438 0.806641 0.397656 0.807617 0.396875 0.807617 0.394531 0.810547 0.394531 0.811523 0.393750 0.812500 0.393750 0.813477 0.392188 0.815430 0.392188 0.816406 0.390625 0.818359 0.390625 0.820312 0.389844 0.821289 0.389844 0.822266 0.389062 0.823242 0.389062 0.836914 0.389844 0.837891 0.389844 0.838867 0.391406 0.840820 0.391406 0.841797 0.392188 0.842773 0.392969 0.842773 0.394531 0.844727 0.397656 0.844727 0.398438 0.845703 0.402344 0.845703 0.405469 0.841797 0.405469 0.840820 0.407031 0.838867 0.407031 0.836914 0.409375 0.833984 0.410156 0.833984 0.410938 0.833008 0.411719 0.833008 0.412500 0.832031 0.413281 0.832031 0.414062 0.831055 0.414844 0.831055 0.415625 0.830078 0.423438 0.830078 0.424219 0.831055 0.425000 0.831055 0.425781 0.832031 0.425781 0.833008 0.426563 0.833984 0.426563 0.834961 0.427344 0.835938 0.427344 0.836914 0.428125 0.837891 0.428125 0.838867 0.429688 0.840820 0.429688 0.841797 0.432812 0.845703 0.438281 0.845703 0.439063 0.844727 0.439844 0.844727 0.440625 0.843750 0.441406 0.843750 0.443750 0.840820 0.443750 0.823242 0.442969 0.822266 0.442969 0.821289 0.442188 0.820312 0.442188 0.818359 0.441406 0.817383 0.441406 0.816406 0.440625 0.815430 0.440625 0.814453 0.439844 0.813477 0.439844 0.812500 0.437500 0.809570 0.436719 0.809570 0.432031 0.803711 0.431250 0.803711 0.430469 0.802734 0.429688 0.802734 0.428906 0.801758 0.427344 0.801758 0.426563 0.800781 0.425000 0.800781 0.424219 0.799805
4 0.567187 0.482422 0.566406 0.483398 0.565625 0.483398 0.564063 0.485352 0.563281 0.485352 0.562500 0.486328 0.561719 0.486328 0.559375 0.489258 0.558594 0.489258 0.558594 0.490234 0.557031 0.492188 0.557031 0.520508 0.557813 0.521484 0.557813 0.525391 0.558594 0.526367 0.558594 0.527344 0.559375 0.528320 0.559375 0.529297 0.560156 0.530273 0.560156 0.531250 0.561719 0.533203 0.561719 0.534180 0.564063 0.537109 0.564063 0.538086 0.567187 0.541992 0.567969 0.541992 0.568750 0.542969 0.569531 0.542969 0.572656 0.546875 0.573438 0.546875 0.574219 0.547852 0.575000 0.547852 0.575781 0.548828 0.576562 0.548828 0.577344 0.549805 0.578125 0.549805 0.579688 0.551758 0.597656 0.551758 0.598437 0.550781 0.599219 0.550781 0.600000 0.549805 0.601562 0.549805 0.602344 0.548828 0.603125 0.548828 0.604688 0.546875 0.605469 0.546875 0.606250 0.545898 0.607031 0.545898 0.612500 0.539062 0.612500 0.525391 0.611719 0.525391 0.610156 0.523438 0.609375 0.523438 0.608594 0.522461 0.596875 0.522461 0.596094 0.523438 0.595313 0.523438 0.594531 0.524414 0.593750 0.524414 0.592969 0.525391 0.592187 0.525391 0.591406 0.526367 0.590625 0.526367 0.589844 0.525391 0.589063 0.525391 0.588281 0.524414 0.588281 0.523438 0.587500 0.522461 0.587500 0.520508 0.586719 0.519531 0.586719 0.509766 0.585938 0.508789 0.585938 0.502930 0.586719 0.501953 0.586719 0.498047 0.585938 0.497070 0.585938 0.493164 0.585156 0.492188 0.585156 0.491211 0.583594 0.489258 0.582812 0.489258 0.582031 0.488281 0.580469 0.488281 0.579688 0.487305 0.578906 0.487305 0.576562 0.484375 0.575000 0.484375 0.574219 0.483398 0.573438 0.483398 0.572656 0.482422
6 0.171875 0.080078 0.170313 0.082031 0.168750 0.082031 0.167969 0.083008 0.167187 0.083008 0.165625 0.084961 0.165625 0.097656 0.169531 0.102539 0.169531 0.103516 0.174219 0.109375 0.174219 0.111328 0.175000 0.112305 0.175000 0.115234 0.174219 0.116211 0.174219 0.118164 0.173437 0.119141 0.173437 0.120117 0.172656 0.121094 0.172656 0.122070 0.171875 0.123047 0.171875 0.124023 0.171094 0.125000 0.171094 0.126953 0.170313 0.127930 0.170313 0.128906 0.171094 0.129883 0.171094 0.130859 0.171875 0.131836 0.171875 0.132812 0.172656 0.133789 0.172656 0.134766 0.175000 0.137695 0.175000 0.138672 0.176563 0.140625 0.176563 0.141602 0.185156 0.141602 0.185156 0.140625 0.185938 0.139648 0.186719 0.139648 0.187500 0.138672 0.188281 0.138672 0.189844 0.136719 0.190625 0.136719 0.192969 0.133789 0.192969 0.132812 0.196094 0.128906 0.196094 0.127930 0.196875 0.126953 0.196875 0.125977 0.197656 0.125000 0.197656 0.123047 0.198437 0.122070 0.198437 0.119141 0.199219 0.118164 0.199219 0.115234 0.200000 0.114258 0.200000 0.095703 0.198437 0.093750 0.198437 0.092773 0.197656 0.091797 0.197656 0.090820 0.196875 0.089844 0.196875 0.088867 0.195312 0.086914 0.195312 0.085938 0.193750 0.083984 0.192969 0.083984 0.192188 0.083008 0.191406 0.083008 0.190625 0.082031 0.189844 0.082031 0.188281 0.080078
12 0.525781 0.261719 0.525000 0.262695 0.524219 0.262695 0.523438 0.263672 0.521875 0.263672 0.520312 0.265625 0.519531 0.265625 0.518750 0.266602 0.517969 0.266602 0.510156 0.276367 0.510156 0.277344 0.507031 0.281250 0.507031 0.282227 0.506250 0.283203 0.506250 0.284180 0.505469 0.285156 0.505469 0.306641 0.506250 0.307617 0.506250 0.308594 0.507031 0.309570 0.507031 0.310547 0.507812 0.311523 0.507812 0.312500 0.509375 0.314453 0.509375 0.315430 0.511719 0.318359 0.511719 0.319336 0.513281 0.321289 0.513281 0.322266 0.515625 0.325195 0.516406 0.325195 0.517969 0.327148 0.518750 0.327148 0.519531 0.328125 0.520312 0.328125 0.521094 0.329102 0.535156 0.329102 0.535156 0.328125 0.535937 0.327148 0.536719 0.327148 0.537500 0.326172 0.538281 0.326172 0.539062 0.325195 0.539844 0.325195 0.540625 0.324219 0.541406 0.324219 0.541406 0.323242 0.542969 0.321289 0.542969 0.317383 0.542188 0.317383 0.541406 0.316406 0.540625 0.316406 0.539844 0.315430 0.539062 0.315430 0.537500 0.313477 0.537500 0.310547 0.536719 0.309570 0.536719 0.307617 0.535937 0.306641 0.535937 0.305664 0.535156 0.304688 0.535156 0.302734 0.534375 0.301758 0.534375 0.300781 0.533594 0.299805 0.533594 0.295898 0.532813 0.294922 0.532813 0.289062 0.534375 0.287109 0.535156 0.287109 0.535937 0.286133 0.546875 0.286133 0.547656 0.285156 0.548438 0.285156 0.551562 0.281250 0.551562 0.280273 0.552344 0.279297 0.552344 0.277344 0.553125 0.276367 0.553125 0.272461 0.552344 0.271484 0.552344 0.270508 0.551562 0.269531 0.551562 0.268555 0.550781 0.267578 0.550781 0.266602 0.549219 0.264648 0.548438 0.264648 0.547656 0.263672 0.546875 0.263672 0.545312 0.261719
0 0.471094 0.148438 0.467969 0.152344 0.467969 0.153320 0.467187 0.154297 0.467187 0.155273 0.466406 0.156250 0.466406 0.173828 0.469531 0.177734 0.469531 0.178711 0.473438 0.183594 0.473438 0.184570 0.474219 0.184570 0.475000 0.185547 0.475781 0.185547 0.476562 0.186523 0.478125 0.186523 0.478906 0.187500 0.479687 0.187500 0.481250 0.189453 0.482031 0.189453 0.482812 0.190430 0.486719 0.190430 0.488281 0.192383 0.507031 0.192383 0.508594 0.190430 0.509375 0.190430 0.510156 0.189453 0.510938 0.189453 0.512500 0.187500 0.513281 0.187500 0.514062 0.186523 0.514844 0.186523 0.516406 0.184570 0.516406 0.183594 0.518750 0.180664 0.519531 0.180664 0.521094 0.178711 0.521094 0.177734 0.522656 0.175781 0.522656 0.174805 0.525000 0.171875 0.525000 0.154297 0.524219 0.154297 0.522656 0.152344 0.522656 0.151367 0.521875 0.150391 0.521094 0.150391 0.520312 0.149414 0.517969 0.149414 0.517188 0.150391 0.516406 0.150391 0.512500 0.155273 0.511719 0.155273 0.510156 0.157227 0.509375 0.157227 0.507812 0.159180 0.507031 0.159180 0.506250 0.160156 0.505469 0.160156 0.504687 0.161133 0.503906 0.161133 0.503125 0.162109 0.502344 0.162109 0.501563 0.163086 0.494531 0.163086 0.492969 0.161133 0.492188 0.161133 0.491406 0.160156 0.490625 0.160156 0.489844 0.159180 0.489844 0.158203 0.486719 0.154297 0.486719 0.153320 0.485938 0.152344 0.485938 0.150391 0.485156 0.149414 0.485156 0.148438
2 0.081250 0.240234 0.079687 0.242188 0.079687 0.243164 0.078906 0.244141 0.078906 0.245117 0.078125 0.246094 0.078125 0.250000 0.077344 0.250977 0.077344 0.258789 0.078125 0.259766 0.078125 0.260742 0.078906 0.261719 0.078906 0.264648 0.080469 0.266602 0.080469 0.269531 0.081250 0.270508 0.081250 0.271484 0.082031 0.272461 0.082031 0.273438 0.082812 0.274414 0.082812 0.275391 0.089063 0.283203 0.089844 0.283203 0.090625 0.284180 0.091406 0.284180 0.093750 0.287109 0.094531 0.287109 0.095312 0.288086 0.096875 0.288086 0.097656 0.289062 0.100781 0.289062 0.101562 0.288086 0.104688 0.288086 0.105469 0.287109 0.107031 0.287109 0.107813 0.288086 0.110937 0.288086 0.111719 0.289062 0.112500 0.288086 0.119531 0.288086 0.120313 0.289062 0.121094 0.289062 0.121875 0.288086 0.122656 0.288086 0.123438 0.287109 0.124219 0.287109 0.125000 0.286133 0.125781 0.286133 0.128125 0.283203 0.128906 0.283203 0.130469 0.281250 0.131250 0.281250 0.135937 0.275391 0.135937 0.274414 0.137500 0.272461 0.138281 0.272461 0.138281 0.254883 0.136719 0.252930 0.135937 0.252930 0.134375 0.250977 0.133594 0.250977 0.132812 0.250000 0.130469 0.250000 0.129688 0.249023 0.128906 0.249023 0.128125 0.250000 0.125000 0.250000 0.124219 0.250977 0.123438 0.250977 0.122656 0.251953 0.121094 0.251953 0.120313 0.252930 0.118750 0.252930 0.117969 0.253906 0.116406 0.253906 0.115625 0.252930 0.114844 0.253906 0.107813 0.253906 0.107031 0.252930 0.103906 0.252930 0.100781 0.249023 0.100781 0.248047 0.100000 0.247070 0.100000 0.246094 0.099219 0.245117 0.099219 0.244141 0.098437 0.243164 0.098437 0.242188 0.097656 0.241211 0.097656 0.240234
11 0.493750 0.055664 0.491406 0.058594 0.490625 0.058594 0.489063 0.060547 0.488281 0.060547 0.487500 0.061523 0.486719 0.061523 0.485938 0.062500 0.485156 0.062500 0.483594 0.064453 0.482812 0.064453 0.482031 0.065430 0.482031 0.066406 0.481250 0.067383 0.481250 0.068359 0.480469 0.069336 0.480469 0.071289 0.479687 0.072266 0.479687 0.075195 0.478906 0.076172 0.479687 0.077148 0.479687 0.078125 0.478906 0.079102 0.478906 0.083008 0.479687 0.083984 0.479687 0.086914 0.480469 0.087891 0.480469 0.089844 0.481250 0.090820 0.481250 0.094727 0.479687 0.096680 0.479687 0.098633 0.478906 0.099609 0.478906 0.100586 0.477344 0.102539 0.476562 0.102539 0.474219 0.105469 0.473438 0.105469 0.471875 0.107422 0.471875 0.140625 0.473438 0.142578 0.475000 0.142578 0.475781 0.143555 0.478125 0.143555 0.478906 0.144531 0.480469 0.144531 0.481250 0.145508 0.483594 0.145508 0.484375 0.146484 0.485156 0.145508 0.485938 0.145508 0.486719 0.146484 0.496094 0.146484 0.496875 0.145508 0.498437 0.145508 0.499219 0.144531 0.500000 0.144531 0.500781 0.143555 0.501563 0.143555 0.502344 0.142578 0.503125 0.142578 0.503906 0.141602 0.504687 0.141602 0.506250 0.139648 0.507031 0.139648 0.507812 0.138672 0.508594 0.138672 0.509375 0.137695 0.510156 0.137695 0.512500 0.134766 0.513281 0.134766 0.517969 0.128906 0.517969 0.127930 0.519531 0.125977 0.519531 0.125000 0.521094 0.123047 0.521094 0.122070 0.521875 0.121094 0.521875 0.120117 0.525000 0.116211 0.525000 0.115234 0.526563 0.113281 0.526563 0.076172 0.522656 0.071289 0.522656 0.070312 0.521875 0.069336 0.521875 0.068359 0.519531 0.065430 0.519531 0.064453 0.518750 0.063477 0.517969 0.063477 0.515625 0.060547 0.514844 0.060547 0.513281 0.058594 0.512500 0.058594 0.511719 0.057617 0.510938 0.057617 0.509375 0.055664
0 0.899219 0.757812 0.898438 0.758789 0.898438 0.759766 0.897656 0.760742 0.897656 0.761719 0.896875 0.762695 0.896875 0.763672 0.895312 0.765625 0.895312 0.767578 0.893750 0.769531 0.893750 0.776367 0.896094 0.779297 0.897656 0.779297 0.898438 0.780273 0.900000 0.780273 0.900781 0.781250 0.901563 0.781250 0.903125 0.783203 0.903125 0.784180 0.903906 0.785156 0.903906 0.786133 0.904687 0.787109 0.904687 0.788086 0.905469 0.789062 0.905469 0.791016 0.906250 0.791992 0.906250 0.798828 0.907031 0.799805 0.907031 0.801758 0.907813 0.802734 0.907813 0.803711 0.908594 0.804688 0.908594 0.805664 0.912500 0.810547 0.931250 0.810547 0.933594 0.807617 0.934375 0.807617 0.935156 0.806641 0.935156 0.804688 0.935937 0.803711 0.935937 0.800781 0.936719 0.799805 0.936719 0.797852 0.937500 0.796875 0.937500 0.791016 0.936719 0.790039 0.936719 0.787109 0.935937 0.786133 0.935937 0.780273 0.935156 0.779297 0.935156 0.778320 0.934375 0.777344 0.934375 0.775391 0.932031 0.772461 0.932031 0.771484 0.931250 0.770508 0.931250 0.769531 0.925000 0.761719 0.924219 0.761719 0.922656 0.759766 0.921875 0.759766 0.921094 0.758789 0.921094 0.757812
8 0.874219 0.326172 0.873437 0.327148 0.872656 0.327148 0.871094 0.329102 0.870313 0.329102 0.869531 0.330078 0.868750 0.330078 0.867188 0.332031 0.866406 0.332031 0.860938 0.338867 0.860938 0.339844 0.859375 0.341797 0.859375 0.343750 0.858594 0.344727 0.858594 0.345703 0.857812 0.346680 0.857812 0.347656 0.857031 0.348633 0.857031 0.349609 0.856250 0.350586 0.856250 0.369141 0.857031 0.370117 0.857031 0.372070 0.857812 0.373047 0.857812 0.375000 0.858594 0.375977 0.858594 0.377930 0.860156 0.379883 0.860156 0.380859 0.860938 0.381836 0.860938 0.382812 0.865625 0.388672 0.866406 0.388672 0.867188 0.389648 0.867969 0.389648 0.868750 0.390625 0.887500 0.390625 0.889062 0.388672 0.889062 0.387695 0.889844 0.386719 0.889844 0.385742 0.890625 0.384766 0.890625 0.379883 0.889844 0.378906 0.889844 0.375000 0.888281 0.373047 0.888281 0.371094 0.887500 0.370117 0.887500 0.368164 0.885938 0.366211 0.885938 0.365234 0.885156 0.364258 0.885156 0.362305 0.884375 0.361328 0.884375 0.356445 0.885938 0.354492 0.886719 0.354492 0.887500 0.353516 0.889062 0.353516 0.889844 0.354492 0.890625 0.354492 0.891406 0.355469 0.896875 0.355469 0.898438 0.353516 0.899219 0.353516 0.900000 0.352539 0.900781 0.352539 0.902344 0.350586 0.903125 0.350586 0.903906 0.349609 0.903906 0.347656 0.905469 0.345703 0.905469 0.344727 0.906250 0.343750 0.906250 0.340820 0.907031 0.339844 0.906250 0.338867 0.906250 0.335938 0.905469 0.334961 0.905469 0.333008 0.903906 0.331055 0.903906 0.330078 0.902344 0.328125 0.901563 0.328125 0.900781 0.327148 0.900000 0.327148 0.899219 0.326172
3 0.638281 0.110352 0.637500 0.111328 0.635938 0.111328 0.635156 0.112305 0.634375 0.112305 0.633594 0.113281 0.632812 0.113281 0.632812 0.114258 0.632031 0.115234 0.631250 0.115234 0.630469 0.116211 0.629687 0.116211 0.628125 0.118164 0.627344 0.118164 0.626563 0.119141 0.625781 0.119141 0.620313 0.125977 0.620313 0.126953 0.618750 0.128906 0.618750 0.129883 0.617969 0.130859 0.617969 0.131836 0.617188 0.132812 0.617188 0.133789 0.615625 0.135742 0.615625 0.136719 0.614062 0.138672 0.614062 0.168945 0.614844 0.169922 0.614844 0.170898 0.615625 0.171875 0.615625 0.172852 0.616406 0.173828 0.616406 0.174805 0.617969 0.176758 0.617969 0.177734 0.618750 0.178711 0.618750 0.179688 0.623437 0.185547 0.624219 0.185547 0.625000 0.186523 0.625781 0.186523 0.627344 0.188477 0.639062 0.188477 0.642188 0.184570 0.642188 0.183594 0.642969 0.182617 0.642969 0.180664 0.643750 0.179688 0.643750 0.174805 0.642969 0.173828 0.642969 0.169922 0.642188 0.168945 0.642188 0.167969 0.640625 0.166016 0.640625 0.165039 0.638281 0.162109 0.638281 0.157227 0.639062 0.156250 0.639062 0.155273 0.639844 0.154297 0.639844 0.153320 0.642188 0.150391 0.643750 0.150391 0.644531 0.149414 0.645312 0.149414 0.646094 0.148438 0.646875 0.148438 0.647656 0.147461 0.651563 0.147461 0.652344 0.146484 0.653125 0.147461 0.658594 0.147461 0.658594 0.119141 0.657031 0.117188 0.656250 0.117188 0.653906 0.114258 0.652344 0.114258 0.651563 0.113281 0.650781 0.113281 0.650000 0.112305 0.646094 0.112305 0.645312 0.111328 0.643750 0.111328 0.642969 0.110352
0 0.268750 0.821289 0.267969 0.822266 0.267188 0.822266 0.266406 0.823242 0.264844 0.823242 0.263281 0.825195 0.262500 0.825195 0.260937 0.827148 0.260156 0.827148 0.259375 0.828125 0.258594 0.828125 0.257812 0.829102 0.257031 0.829102 0.256250 0.830078 0.255469 0.830078 0.253906 0.832031 0.253125 0.832031 0.252344 0.833008 0.247656 0.833008 0.246875 0.832031 0.243750 0.832031 0.242969 0.831055 0.238281 0.831055 0.237500 0.832031 0.235937 0.832031 0.235156 0.833008 0.234375 0.833008 0.232813 0.834961 0.232031 0.834961 0.230469 0.836914 0.230469 0.837891 0.228906 0.839844 0.228125 0.839844 0.227344 0.840820 0.226562 0.840820 0.225781 0.841797 0.225000 0.841797 0.224219 0.842773 0.222656 0.842773 0.221875 0.843750 0.221875 0.860352 0.222656 0.860352 0.224219 0.862305 0.225000 0.862305 0.226562 0.864258 0.227344 0.864258 0.228125 0.865234 0.230469 0.865234 0.231250 0.866211 0.234375 0.866211 0.235156 0.867188 0.238281 0.867188 0.239063 0.868164 0.240625 0.868164 0.241406 0.869141 0.258594 0.869141 0.259375 0.868164 0.260156 0.868164 0.260937 0.867188 0.262500 0.867188 0.264062 0.865234 0.264844 0.865234 0.265625 0.864258 0.267188 0.864258 0.268750 0.862305 0.269531 0.862305 0.271094 0.860352 0.271875 0.860352 0.272656 0.859375 0.272656 0.858398 0.277344 0.852539 0.277344 0.851562 0.278906 0.849609 0.278906 0.825195 0.277344 0.823242 0.276562 0.823242 0.275781 0.822266 0.274219 0.822266 0.273438 0.821289
11 0.596094 0.632812 0.595313 0.633789 0.595313 0.634766 0.593750 0.636719 0.593750 0.637695 0.592969 0.638672 0.592969 0.639648 0.591406 0.641602 0.591406 0.642578 0.589844 0.644531 0.589844 0.645508 0.589063 0.646484 0.589063 0.655273 0.590625 0.657227 0.590625 0.658203 0.591406 0.659180 0.591406 0.660156 0.592187 0.661133 0.592187 0.662109 0.592969 0.663086 0.592969 0.664062 0.593750 0.665039 0.593750 0.666016 0.594531 0.666992 0.594531 0.667969 0.595313 0.668945 0.595313 0.669922 0.601562 0.677734 0.602344 0.677734 0.603125 0.678711 0.617969 0.678711 0.620313 0.675781 0.621094 0.675781 0.621875 0.674805 0.622656 0.674805 0.625000 0.671875 0.625781 0.671875 0.630469 0.666016 0.630469 0.644531 0.628125 0.641602 0.628125 0.640625 0.627344 0.639648 0.626563 0.639648 0.625000 0.637695 0.624219 0.637695 0.621875 0.634766 0.620313 0.634766 0.619531 0.633789 0.617969 0.633789 0.617188 0.632812
8 0.886719 0.374023 0.884375 0.376953 0.882812 0.376953 0.881250 0.378906 0.880469 0.378906 0.879687 0.379883 0.879687 0.380859 0.876563 0.384766 0.876563 0.385742 0.875781 0.386719 0.875781 0.388672 0.874219 0.390625 0.874219 0.393555 0.873437 0.394531 0.873437 0.416016 0.874219 0.416992 0.874219 0.417969 0.875000 0.418945 0.875000 0.419922 0.876563 0.421875 0.876563 0.422852 0.877344 0.423828 0.877344 0.424805 0.878906 0.426758 0.878906 0.427734 0.879687 0.428711 0.879687 0.429688 0.880469 0.429688 0.881250 0.430664 0.881250 0.431641 0.882031 0.432617 0.882812 0.432617 0.885938 0.436523 0.886719 0.436523 0.887500 0.437500 0.888281 0.437500 0.889844 0.439453 0.907031 0.439453 0.909375 0.436523 0.910156 0.436523 0.911719 0.434570 0.911719 0.433594 0.912500 0.432617 0.912500 0.431641 0.913281 0.430664 0.913281 0.429688 0.914844 0.427734 0.914844 0.425781 0.915625 0.424805 0.915625 0.420898 0.914844 0.419922 0.914844 0.417969 0.912500 0.415039 0.911719 0.415039 0.910937 0.414062 0.910156 0.414062 0.906250 0.409180 0.905469 0.409180 0.904687 0.408203 0.903906 0.408203 0.901563 0.405273 0.900781 0.405273 0.899219 0.403320 0.899219 0.402344 0.898438 0.401367 0.898438 0.397461 0.899219 0.396484 0.899219 0.395508 0.901563 0.392578 0.902344 0.392578 0.903125 0.391602 0.903906 0.391602 0.904687 0.390625 0.905469 0.390625 0.906250 0.389648 0.906250 0.387695 0.907031 0.386719 0.907031 0.381836 0.906250 0.380859 0.906250 0.378906 0.905469 0.377930 0.905469 0.376953 0.903906 0.375000 0.903906 0.374023
12 0.116406 0.884766 0.115625 0.885742 0.114844 0.885742 0.113281 0.887695 0.112500 0.887695 0.111719 0.888672 0.110937 0.888672 0.110156 0.889648 0.109375 0.889648 0.107031 0.892578 0.106250 0.892578 0.106250 0.893555 0.101562 0.899414 0.101562 0.900391 0.100781 0.901367 0.100781 0.903320 0.100000 0.904297 0.100000 0.906250 0.099219 0.907227 0.099219 0.910156 0.098437 0.911133 0.098437 0.912109 0.097656 0.913086 0.097656 0.916016 0.096875 0.916992 0.096875 0.922852 0.097656 0.923828 0.097656 0.927734 0.098437 0.928711 0.098437 0.929688 0.100000 0.931641 0.100000 0.932617 0.100781 0.933594 0.111719 0.933594 0.111719 0.932617 0.113281 0.930664 0.113281 0.929688 0.120313 0.920898 0.120313 0.918945 0.121094 0.917969 0.121094 0.916992 0.120313 0.916016 0.120313 0.915039 0.122656 0.912109 0.125000 0.912109 0.125781 0.913086 0.128125 0.913086 0.128906 0.914062 0.129688 0.914062 0.130469 0.915039 0.131250 0.915039 0.132031 0.916016 0.132812 0.916016 0.135156 0.918945 0.135937 0.918945 0.139844 0.923828 0.140625 0.923828 0.142969 0.926758 0.146094 0.926758 0.150781 0.920898 0.151562 0.920898 0.152344 0.919922 0.152344 0.898438 0.151562 0.897461 0.151562 0.895508 0.150781 0.894531 0.150781 0.893555 0.146875 0.888672 0.146094 0.888672 0.145313 0.887695 0.144531 0.887695 0.142969 0.885742 0.142969 0.884766
3 0.935937 0.281250 0.934375 0.283203 0.933594 0.283203 0.932031 0.285156 0.931250 0.285156 0.928906 0.288086 0.928125 0.288086 0.927344 0.289062 0.927344 0.290039 0.922656 0.295898 0.922656 0.296875 0.921875 0.297852 0.921875 0.298828 0.921094 0.299805 0.921094 0.300781 0.920312 0.301758 0.920312 0.303711 0.919531 0.304688 0.919531 0.305664 0.918750 0.306641 0.918750 0.329102 0.919531 0.330078 0.919531 0.333984 0.921094 0.335938 0.921094 0.338867 0.921875 0.339844 0.921875 0.340820 0.923438 0.342773 0.923438 0.343750 0.928125 0.349609 0.946875 0.349609 0.946875 0.348633 0.948438 0.346680 0.948438 0.345703 0.950000 0.343750 0.950000 0.342773 0.950781 0.341797 0.950781 0.340820 0.952344 0.338867 0.952344 0.336914 0.953906 0.334961 0.953906 0.331055 0.953125 0.330078 0.953125 0.329102 0.951562 0.327148 0.950781 0.327148 0.950000 0.326172 0.950000 0.325195 0.948438 0.323242 0.948438 0.322266 0.947656 0.321289 0.947656 0.320312 0.946875 0.319336 0.946875 0.312500 0.948438 0.310547 0.948438 0.309570 0.951562 0.305664 0.952344 0.305664 0.953906 0.303711 0.954688 0.303711 0.955469 0.302734 0.956250 0.302734 0.959375 0.298828 0.959375 0.297852 0.960938 0.295898 0.960938 0.293945 0.961719 0.292969 0.961719 0.291016 0.960938 0.290039 0.960938 0.286133 0.960156 0.285156 0.960156 0.284180 0.959375 0.283203 0.958594 0.283203 0.957812 0.282227 0.957812 0.281250
11 0.478906 0.626953 0.477344 0.628906 0.475000 0.628906 0.474219 0.629883 0.473438 0.629883 0.471875 0.631836 0.471094 0.631836 0.467969 0.635742 0.467969 0.636719 0.465625 0.639648 0.465625 0.640625 0.463281 0.643555 0.463281 0.645508 0.462500 0.646484 0.462500 0.649414 0.461719 0.650391 0.461719 0.664062 0.462500 0.664062 0.464844 0.666992 0.465625 0.666992 0.466406 0.667969 0.467187 0.666992 0.468750 0.666992 0.469531 0.666016 0.470313 0.666016 0.471094 0.665039 0.471875 0.665039 0.472656 0.664062 0.475000 0.664062 0.475781 0.665039 0.479687 0.665039 0.480469 0.666016 0.482812 0.666016 0.483594 0.666992 0.484375 0.666992 0.485156 0.667969 0.485938 0.667969 0.488281 0.670898 0.489063 0.670898 0.489844 0.671875 0.492969 0.671875 0.493750 0.672852 0.494531 0.672852 0.495312 0.673828 0.495312 0.674805 0.497656 0.677734 0.497656 0.678711 0.499219 0.680664 0.499219 0.681641 0.500781 0.683594 0.501563 0.683594 0.503906 0.686523 0.504687 0.686523 0.506250 0.688477 0.507031 0.688477 0.507812 0.689453 0.508594 0.689453 0.509375 0.690430 0.510156 0.690430 0.510938 0.691406 0.513281 0.691406 0.514062 0.690430 0.516406 0.690430 0.517188 0.689453 0.517969 0.689453 0.518750 0.688477 0.518750 0.658203 0.517969 0.657227 0.517969 0.655273 0.517188 0.654297 0.517188 0.653320 0.516406 0.652344 0.516406 0.651367 0.515625 0.650391 0.515625 0.649414 0.514062 0.647461 0.514062 0.646484 0.512500 0.644531 0.511719 0.644531 0.510938 0.643555 0.510938 0.642578 0.510156 0.641602 0.509375 0.641602 0.506250 0.637695 0.505469 0.637695 0.504687 0.636719 0.504687 0.635742 0.503125 0.633789 0.502344 0.633789 0.500000 0.630859 0.499219 0.630859 0.497656 0.628906 0.496094 0.628906 0.495312 0.627930 0.493750 0.627930 0.492969 0.626953
3 0.568750 0.077148 0.567969 0.078125 0.566406 0.078125 0.565625 0.079102 0.564844 0.079102 0.563281 0.081055 0.562500 0.081055 0.561719 0.082031 0.560937 0.082031 0.558594 0.084961 0.557813 0.084961 0.551562 0.092773 0.551562 0.093750 0.549219 0.096680 0.549219 0.097656 0.547656 0.099609 0.547656 0.100586 0.546875 0.101562 0.546875 0.102539 0.546094 0.103516 0.546094 0.107422 0.545312 0.108398 0.545312 0.135742 0.546094 0.136719 0.546094 0.137695 0.547656 0.139648 0.547656 0.140625 0.548438 0.141602 0.548438 0.142578 0.549219 0.143555 0.549219 0.145508 0.551562 0.148438 0.551562 0.149414 0.557031 0.156250 0.557813 0.156250 0.560156 0.159180 0.570312 0.159180 0.570312 0.158203 0.571094 0.157227 0.571094 0.156250 0.572656 0.154297 0.572656 0.153320 0.573438 0.152344 0.573438 0.151367 0.574219 0.150391 0.574219 0.145508 0.573438 0.144531 0.573438 0.141602 0.572656 0.140625 0.572656 0.139648 0.571875 0.138672 0.571875 0.137695 0.571094 0.136719 0.571094 0.135742 0.567187 0.130859 0.567187 0.129883 0.566406 0.128906 0.566406 0.126953 0.567187 0.125977 0.567187 0.125000 0.567969 0.124023 0.567969 0.122070 0.574219 0.114258 0.575000 0.114258 0.575781 0.113281 0.577344 0.113281 0.578125 0.112305 0.578906 0.112305 0.579688 0.113281 0.582031 0.113281 0.582812 0.114258 0.583594 0.114258 0.585156 0.116211 0.585938 0.116211 0.586719 0.117188 0.588281 0.117188 0.589063 0.118164 0.592187 0.118164 0.592969 0.117188 0.595313 0.117188 0.596875 0.115234 0.598437 0.115234 0.600781 0.112305 0.600781 0.088867 0.598437 0.085938 0.597656 0.085938 0.593750 0.081055 0.592969 0.081055 0.592187 0.080078 0.591406 0.080078 0.590625 0.079102 0.589844 0.079102 0.588281 0.077148
12 0.496094 0.739258 0.495312 0.740234 0.492969 0.740234 0.492188 0.741211 0.490625 0.741211 0.489844 0.742188 0.489063 0.742188 0.488281 0.743164 0.487500 0.743164 0.485156 0.746094 0.484375 0.746094 0.479687 0.751953 0.479687 0.766602 0.481250 0.768555 0.482031 0.768555 0.482812 0.769531 0.492969 0.769531 0.493750 0.768555 0.494531 0.768555 0.495312 0.767578 0.497656 0.767578 0.498437 0.766602 0.500000 0.766602 0.500781 0.767578 0.501563 0.767578 0.503125 0.769531 0.503125 0.775391 0.502344 0.776367 0.502344 0.778320 0.503125 0.779297 0.503125 0.780273 0.502344 0.781250 0.502344 0.790039 0.503125 0.791016 0.503125 0.792969 0.508594 0.799805 0.509375 0.799805 0.510938 0.801758 0.518750 0.801758 0.521875 0.797852 0.521875 0.796875 0.525781 0.791992 0.525781 0.791016 0.527344 0.789062 0.527344 0.788086 0.528125 0.787109 0.528125 0.785156 0.529687 0.783203 0.529687 0.759766 0.528125 0.757812 0.528125 0.756836 0.527344 0.755859 0.527344 0.754883 0.526563 0.753906 0.526563 0.752930 0.525000 0.750977 0.525000 0.750000 0.522656 0.747070 0.521875 0.747070 0.517969 0.742188 0.517188 0.742188 0.516406 0.741211 0.515625 0.741211 0.514844 0.740234 0.513281 0.740234 0.512500 0.739258
0 0.311719 0.258789 0.310156 0.260742 0.310156 0.262695 0.309375 0.263672 0.309375 0.272461 0.310156 0.273438 0.310156 0.280273 0.309375 0.281250 0.309375 0.284180 0.307031 0.287109 0.306250 0.287109 0.303906 0.290039 0.303125 0.290039 0.301563 0.291992 0.300781 0.291992 0.300000 0.292969 0.299219 0.292969 0.298438 0.293945 0.292187 0.293945 0.291406 0.294922 0.290625 0.294922 0.289844 0.295898 0.289844 0.317383 0.291406 0.317383 0.292187 0.318359 0.292969 0.318359 0.293750 0.319336 0.296875 0.319336 0.297656 0.320312 0.307812 0.320312 0.308594 0.319336 0.310937 0.319336 0.311719 0.318359 0.312500 0.318359 0.313281 0.317383 0.314063 0.317383 0.315625 0.315430 0.316406 0.315430 0.320312 0.310547 0.321094 0.310547 0.321875 0.309570 0.321875 0.307617 0.322656 0.306641 0.322656 0.305664 0.323437 0.304688 0.323437 0.301758 0.325000 0.299805 0.325000 0.270508 0.324219 0.269531 0.324219 0.266602 0.322656 0.264648 0.322656 0.263672 0.321875 0.262695 0.321094 0.262695 0.319531 0.260742 0.317969 0.260742 0.316406 0.258789
4 0.057813 0.596680 0.057031 0.597656 0.056250 0.597656 0.054688 0.599609 0.053906 0.599609 0.052344 0.601562 0.051562 0.601562 0.046875 0.607422 0.046875 0.608398 0.046094 0.609375 0.046094 0.610352 0.043750 0.613281 0.043750 0.614258 0.042969 0.615234 0.042969 0.616211 0.042188 0.617188 0.042188 0.618164 0.041406 0.619141 0.041406 0.645508 0.042188 0.646484 0.042188 0.648438 0.042969 0.649414 0.042969 0.651367 0.043750 0.652344 0.043750 0.654297 0.045312 0.656250 0.045312 0.657227 0.046875 0.659180 0.046875 0.660156 0.050000 0.664062 0.050000 0.665039 0.053906 0.669922 0.054688 0.669922 0.055469 0.670898 0.055469 0.671875 0.075781 0.671875 0.075781 0.670898 0.076563 0.669922 0.077344 0.669922 0.078125 0.668945 0.078125 0.667969 0.078906 0.666992 0.078906 0.666016 0.079687 0.665039 0.079687 0.660156 0.078906 0.659180 0.078906 0.657227 0.075000 0.652344 0.074219 0.652344 0.072656 0.650391 0.071875 0.650391 0.069531 0.647461 0.069531 0.646484 0.067969 0.644531 0.067969 0.642578 0.067187 0.641602 0.067187 0.640625 0.065625 0.638672 0.065625 0.636719 0.064844 0.635742 0.064844 0.634766 0.065625 0.633789 0.064844 0.632812 0.064844 0.627930 0.067969 0.624023 0.068750 0.624023 0.069531 0.623047 0.070312 0.623047 0.071094 0.622070 0.071875 0.622070 0.073438 0.620117 0.075000 0.620117 0.075781 0.619141 0.077344 0.619141 0.078906 0.617188 0.079687 0.617188 0.080469 0.616211 0.081250 0.616211 0.083594 0.613281 0.084375 0.613281 0.084375 0.612305 0.085156 0.611328 0.085156 0.610352 0.085938 0.609375 0.085938 0.608398 0.086719 0.607422 0.086719 0.599609 0.085156 0.597656 0.085156 0.596680
9 0.202344 0.514648 0.201563 0.515625 0.198437 0.515625 0.196875 0.517578 0.196094 0.517578 0.193750 0.520508 0.192969 0.520508 0.192188 0.521484 0.192188 0.522461 0.191406 0.523438 0.190625 0.523438 0.190625 0.524414 0.189062 0.526367 0.189062 0.527344 0.188281 0.528320 0.188281 0.529297 0.185938 0.532227 0.185938 0.557617 0.188281 0.560547 0.188281 0.561523 0.193750 0.568359 0.194531 0.568359 0.197656 0.572266 0.198437 0.572266 0.200000 0.574219 0.200781 0.574219 0.202344 0.576172 0.203125 0.576172 0.203906 0.577148 0.205469 0.577148 0.206250 0.578125 0.208594 0.578125 0.209375 0.579102 0.210938 0.579102 0.211719 0.580078 0.223438 0.580078 0.224219 0.579102 0.225781 0.579102 0.226562 0.578125 0.229687 0.578125 0.230469 0.577148 0.232031 0.577148 0.233594 0.575195 0.234375 0.575195 0.235156 0.574219 0.235937 0.574219 0.241406 0.567383 0.241406 0.545898 0.240625 0.544922 0.239844 0.544922 0.239063 0.543945 0.232813 0.543945 0.232031 0.544922 0.228906 0.544922 0.228125 0.545898 0.222656 0.545898 0.221875 0.544922 0.221094 0.544922 0.219531 0.542969 0.218750 0.542969 0.217969 0.541992 0.217188 0.541992 0.214844 0.539062 0.214844 0.531250 0.214062 0.530273 0.214062 0.526367 0.213281 0.525391 0.213281 0.523438 0.210938 0.520508 0.210938 0.519531 0.210156 0.518555 0.209375 0.518555 0.207031 0.515625 0.206250 0.515625 0.205469 0.514648
8 0.244531 0.323242 0.243750 0.324219 0.242969 0.324219 0.241406 0.326172 0.240625 0.326172 0.239844 0.327148 0.239063 0.327148 0.233594 0.333984 0.233594 0.334961 0.232031 0.336914 0.232031 0.337891 0.230469 0.339844 0.230469 0.340820 0.229687 0.341797 0.229687 0.342773 0.228906 0.343750 0.228906 0.344727 0.228125 0.345703 0.228125 0.346680 0.227344 0.347656 0.227344 0.349609 0.226562 0.350586 0.226562 0.378906 0.228125 0.380859 0.228125 0.381836 0.229687 0.383789 0.229687 0.384766 0.235156 0.391602 0.235937 0.391602 0.239063 0.395508 0.251563 0.395508 0.251563 0.394531 0.253125 0.392578 0.253906 0.392578 0.253906 0.391602 0.254688 0.390625 0.254688 0.385742 0.253906 0.384766 0.253906 0.383789 0.252344 0.381836 0.252344 0.380859 0.250781 0.378906 0.250781 0.375000 0.250000 0.374023 0.250781 0.373047 0.250781 0.371094 0.251563 0.370117 0.251563 0.366211 0.252344 0.365234 0.252344 0.364258 0.253125 0.363281 0.253125 0.362305 0.257031 0.357422 0.257812 0.357422 0.258594 0.356445 0.259375 0.356445 0.260937 0.354492 0.261719 0.354492 0.262500 0.353516 0.263281 0.353516 0.264062 0.352539 0.264844 0.352539 0.265625 0.351562 0.266406 0.351562 0.266406 0.329102 0.265625 0.329102 0.263281 0.326172 0.262500 0.326172 0.260156 0.323242
10 0.343750 0.721680 0.342969 0.722656 0.341406 0.722656 0.338281 0.726562 0.337500 0.726562 0.335156 0.729492 0.335156 0.730469 0.333594 0.732422 0.333594 0.733398 0.332031 0.735352 0.332031 0.736328 0.331250 0.737305 0.331250 0.738281 0.330469 0.739258 0.330469 0.770508 0.331250 0.771484 0.331250 0.772461 0.332031 0.773438 0.332031 0.774414 0.332813 0.775391 0.332813 0.776367 0.333594 0.777344 0.333594 0.778320 0.336719 0.782227 0.336719 0.783203 0.339062 0.786133 0.339062 0.787109 0.343750 0.792969 0.344531 0.792969 0.346094 0.794922 0.346875 0.794922 0.348438 0.796875 0.349219 0.796875 0.350000 0.797852 0.351562 0.797852 0.352344 0.798828 0.353906 0.798828 0.354687 0.799805 0.357031 0.799805 0.357812 0.800781 0.364063 0.800781 0.364844 0.799805 0.367188 0.799805 0.368750 0.797852 0.370312 0.797852 0.371875 0.795898 0.372656 0.795898 0.375000 0.792969 0.375781 0.792969 0.376563 0.791992 0.376563 0.767578 0.375781 0.767578 0.375000 0.766602 0.373437 0.766602 0.372656 0.765625 0.367188 0.765625 0.366406 0.766602 0.360156 0.766602 0.358594 0.764648 0.357812 0.764648 0.356250 0.762695 0.355469 0.762695 0.354687 0.761719 0.353906 0.761719 0.353125 0.760742 0.353125 0.759766 0.350000 0.755859 0.350000 0.754883 0.349219 0.753906 0.350000 0.752930 0.350000 0.748047 0.350781 0.747070 0.350781 0.745117 0.351562 0.744141 0.351562 0.742188 0.352344 0.741211 0.352344 0.740234 0.353125 0.739258 0.353125 0.738281 0.354687 0.736328 0.354687 0.734375 0.355469 0.733398 0.355469 0.726562 0.353906 0.724609 0.353906 0.723633 0.352344 0.721680
9 0.761719 0.434570 0.760938 0.435547 0.760156 0.435547 0.759375 0.436523 0.757812 0.436523 0.757031 0.437500 0.755469 0.437500 0.753125 0.440430 0.752344 0.440430 0.752344 0.441406 0.750000 0.444336 0.750000 0.445312 0.748437 0.447266 0.748437 0.448242 0.747656 0.449219 0.747656 0.469727 0.748437 0.469727 0.750000 0.471680 0.751563 0.471680 0.752344 0.472656 0.755469 0.472656 0.756250 0.473633 0.757812 0.473633 0.758594 0.474609 0.765625 0.474609 0.766406 0.473633 0.767188 0.473633 0.770312 0.469727 0.770312 0.468750 0.772656 0.465820 0.774219 0.465820 0.775000 0.466797 0.775781 0.466797 0.777344 0.468750 0.777344 0.470703 0.778125 0.471680 0.778125 0.472656 0.778906 0.473633 0.778906 0.474609 0.780469 0.476562 0.780469 0.477539 0.781250 0.478516 0.781250 0.480469 0.782813 0.482422 0.782813 0.483398 0.784375 0.485352 0.784375 0.486328 0.787500 0.490234 0.788281 0.490234 0.789062 0.491211 0.789844 0.491211 0.790625 0.492188 0.791406 0.492188 0.792188 0.493164 0.796094 0.493164 0.796875 0.492188 0.797656 0.492188 0.800781 0.488281 0.800781 0.487305 0.803125 0.484375 0.803125 0.458008 0.802344 0.457031 0.802344 0.456055 0.801562 0.455078 0.801562 0.454102 0.800000 0.452148 0.800000 0.451172 0.796094 0.446289 0.795312 0.446289 0.793750 0.444336 0.793750 0.443359 0.792188 0.441406 0.791406 0.441406 0.790625 0.440430 0.789844 0.440430 0.789062 0.439453 0.784375 0.439453 0.782031 0.436523 0.781250 0.436523 0.779687 0.434570
3 0.125781 0.219727 0.125000 0.220703 0.122656 0.220703 0.121094 0.222656 0.119531 0.222656 0.118750 0.223633 0.117969 0.223633 0.117188 0.224609 0.116406 0.224609 0.115625 0.225586 0.114844 0.225586 0.114062 0.226562 0.113281 0.226562 0.110156 0.230469 0.110156 0.232422 0.109375 0.233398 0.109375 0.239258 0.110937 0.241211 0.110937 0.242188 0.111719 0.243164 0.111719 0.244141 0.112500 0.245117 0.113281 0.245117 0.114844 0.247070 0.115625 0.247070 0.116406 0.248047 0.117969 0.248047 0.118750 0.249023 0.119531 0.249023 0.120313 0.248047 0.121094 0.249023 0.122656 0.249023 0.123438 0.250000 0.124219 0.250000 0.125000 0.249023 0.125781 0.250000 0.127344 0.250000 0.128125 0.250977 0.129688 0.250977 0.130469 0.251953 0.131250 0.251953 0.132031 0.252930 0.132812 0.252930 0.135156 0.255859 0.135937 0.255859 0.139063 0.259766 0.139063 0.260742 0.139844 0.261719 0.139844 0.262695 0.142187 0.265625 0.142187 0.268555 0.160156 0.268555 0.160938 0.267578 0.160938 0.266602 0.161719 0.265625 0.161719 0.260742 0.162500 0.259766 0.162500 0.254883 0.163281 0.253906 0.162500 0.252930 0.162500 0.251953 0.163281 0.250977 0.163281 0.247070 0.162500 0.246094 0.163281 0.245117 0.163281 0.244141 0.162500 0.243164 0.162500 0.240234 0.161719 0.239258 0.161719 0.238281 0.160938 0.237305 0.160938 0.236328 0.152344 0.225586 0.151562 0.225586 0.149219 0.222656 0.147656 0.222656 0.145313 0.219727
7 0.321875 0.229492 0.321094 0.230469 0.320312 0.230469 0.319531 0.231445 0.318750 0.231445 0.315625 0.235352 0.315625 0.237305 0.314844 0.238281 0.314844 0.243164 0.313281 0.245117 0.301563 0.245117 0.300000 0.243164 0.299219 0.243164 0.297656 0.241211 0.296875 0.241211 0.296094 0.240234 0.295312 0.240234 0.294531 0.239258 0.290625 0.239258 0.285938 0.245117 0.285938 0.262695 0.286719 0.262695 0.287500 0.263672 0.287500 0.264648 0.289844 0.267578 0.290625 0.267578 0.292187 0.269531 0.292969 0.269531 0.294531 0.271484 0.296875 0.271484 0.297656 0.272461 0.299219 0.272461 0.300000 0.273438 0.301563 0.273438 0.302344 0.274414 0.317188 0.274414 0.317969 0.273438 0.319531 0.273438 0.320312 0.272461 0.321875 0.272461 0.322656 0.271484 0.323437 0.271484 0.324219 0.270508 0.325781 0.270508 0.326562 0.269531 0.327344 0.269531 0.331250 0.264648 0.331250 0.263672 0.332031 0.262695 0.332031 0.260742 0.334375 0.257812 0.334375 0.235352 0.332031 0.232422 0.331250 0.232422 0.330469 0.231445 0.329688 0.231445 0.328125 0.229492
10 0.125000 0.071289 0.123438 0.073242 0.123438 0.074219 0.122656 0.075195 0.122656 0.090820 0.121094 0.092773 0.120313 0.092773 0.119531 0.093750 0.119531 0.094727 0.118750 0.095703 0.117969 0.095703 0.114844 0.099609 0.113281 0.099609 0.112500 0.100586 0.109375 0.100586 0.108594 0.099609 0.107813 0.099609 0.106250 0.097656 0.105469 0.097656 0.104688 0.096680 0.103125 0.096680 0.102344 0.095703 0.101562 0.096680 0.100000 0.096680 0.098437 0.098633 0.098437 0.099609 0.097656 0.100586 0.097656 0.102539 0.096094 0.104492 0.096094 0.105469 0.092969 0.109375 0.092969 0.110352 0.092188 0.111328 0.092188 0.114258 0.093750 0.116211 0.094531 0.116211 0.095312 0.117188 0.096875 0.117188 0.097656 0.116211 0.098437 0.116211 0.099219 0.117188 0.100000 0.117188 0.101562 0.119141 0.101562 0.121094 0.102344 0.122070 0.102344 0.123047 0.103125 0.124023 0.103906 0.124023 0.105469 0.125977 0.127344 0.125977 0.128906 0.124023 0.131250 0.124023 0.132812 0.122070 0.133594 0.122070 0.142969 0.110352 0.142969 0.109375 0.144531 0.107422 0.144531 0.105469 0.145313 0.104492 0.145313 0.103516 0.146094 0.102539 0.146094 0.097656 0.146875 0.096680 0.146875 0.095703 0.146094 0.094727 0.146875 0.093750 0.146875 0.086914 0.146094 0.085938 0.146094 0.084961 0.145313 0.083984 0.145313 0.083008 0.144531 0.082031 0.144531 0.080078 0.143750 0.079102 0.143750 0.078125 0.142969 0.077148 0.142969 0.074219 0.142187 0.073242 0.142187 0.071289
10 0.775000 0.239258 0.774219 0.240234 0.774219 0.241211 0.772656 0.243164 0.772656 0.246094 0.771875 0.247070 0.771875 0.249023 0.771094 0.250000 0.771094 0.250977 0.771875 0.251953 0.771875 0.253906 0.772656 0.254883 0.772656 0.256836 0.773438 0.257812 0.773438 0.259766 0.774219 0.260742 0.774219 0.261719 0.775000 0.262695 0.775000 0.268555 0.771094 0.273438 0.770312 0.273438 0.769531 0.274414 0.767969 0.274414 0.767188 0.275391 0.766406 0.275391 0.765625 0.276367 0.760156 0.276367 0.759375 0.277344 0.755469 0.277344 0.748437 0.286133 0.748437 0.287109 0.747656 0.288086 0.747656 0.291016 0.749219 0.292969 0.749219 0.293945 0.753125 0.298828 0.753906 0.298828 0.754687 0.299805 0.755469 0.299805 0.757812 0.302734 0.759375 0.302734 0.760156 0.303711 0.760156 0.304688 0.779687 0.304688 0.779687 0.303711 0.780469 0.302734 0.781250 0.302734 0.783594 0.299805 0.784375 0.299805 0.786719 0.296875 0.787500 0.296875 0.787500 0.295898 0.788281 0.294922 0.788281 0.293945 0.789062 0.292969 0.789844 0.292969 0.790625 0.291992 0.790625 0.291016 0.792188 0.289062 0.792188 0.288086 0.792969 0.287109 0.792969 0.286133 0.793750 0.285156 0.793750 0.284180 0.794531 0.283203 0.794531 0.282227 0.795312 0.281250 0.795312 0.280273 0.796875 0.278320 0.796875 0.254883 0.795312 0.252930 0.795312 0.251953 0.794531 0.250977 0.794531 0.250000 0.793750 0.249023 0.793750 0.248047 0.792188 0.246094 0.792188 0.245117 0.789844 0.242188 0.789062 0.242188 0.786719 0.239258
0 0.505469 0.898438 0.503906 0.900391 0.503125 0.900391 0.502344 0.901367 0.501563 0.901367 0.500781 0.902344 0.500000 0.902344 0.496875 0.906250 0.496875 0.913086 0.497656 0.913086 0.503906 0.920898 0.503906 0.921875 0.506250 0.924805 0.506250 0.925781 0.507031 0.926758 0.507031 0.927734 0.507812 0.928711 0.507812 0.929688 0.509375 0.931641 0.510938 0.931641 0.511719 0.932617 0.521875 0.932617 0.524219 0.935547 0.542188 0.935547 0.542188 0.934570 0.542969 0.933594 0.542969 0.923828 0.543750 0.922852 0.543750 0.918945 0.542969 0.917969 0.542969 0.916992 0.542188 0.916016 0.542188 0.915039 0.539844 0.912109 0.539844 0.911133 0.533594 0.903320 0.533594 0.902344 0.532813 0.901367 0.532031 0.901367 0.530469 0.899414 0.528906 0.899414 0.528125 0.898438
9 0.338281 0.288086 0.337500 0.289062 0.336719 0.289062 0.335938 0.290039 0.334375 0.290039 0.333594 0.291016 0.332031 0.291016 0.331250 0.291992 0.329688 0.291992 0.328125 0.293945 0.327344 0.293945 0.325781 0.295898 0.325000 0.295898 0.325000 0.296875 0.322656 0.299805 0.322656 0.300781 0.321875 0.301758 0.321094 0.301758 0.321094 0.324219 0.321875 0.324219 0.324219 0.327148 0.325000 0.327148 0.325781 0.328125 0.332813 0.328125 0.333594 0.327148 0.335156 0.327148 0.335938 0.326172 0.337500 0.326172 0.338281 0.325195 0.341406 0.325195 0.342187 0.326172 0.345313 0.326172 0.346094 0.327148 0.347656 0.327148 0.349219 0.329102 0.350000 0.329102 0.350781 0.330078 0.351562 0.330078 0.353906 0.333008 0.353906 0.333984 0.357031 0.337891 0.357812 0.337891 0.358594 0.338867 0.359375 0.338867 0.360156 0.339844 0.361719 0.339844 0.363281 0.341797 0.364844 0.341797 0.365625 0.342773 0.370312 0.342773 0.371875 0.340820 0.371875 0.310547 0.370312 0.308594 0.370312 0.306641 0.362500 0.296875 0.361719 0.296875 0.360938 0.295898 0.360156 0.295898 0.359375 0.294922 0.358594 0.294922 0.357812 0.293945 0.357031 0.293945 0.354687 0.291016 0.352344 0.291016 0.351562 0.290039 0.350781 0.290039 0.350000 0.289062 0.346875 0.289062 0.346094 0.288086
8 0.280469 0.689453 0.279687 0.690430 0.277344 0.690430 0.276562 0.691406 0.274219 0.691406 0.272656 0.693359 0.271094 0.693359 0.269531 0.695312 0.268750 0.695312 0.266406 0.698242 0.265625 0.698242 0.260937 0.704102 0.260937 0.705078 0.259375 0.707031 0.259375 0.708008 0.257812 0.709961 0.257812 0.725586 0.258594 0.726562 0.258594 0.727539 0.259375 0.728516 0.259375 0.729492 0.260937 0.731445 0.261719 0.731445 0.262500 0.732422 0.264062 0.732422 0.264844 0.733398 0.268750 0.733398 0.269531 0.732422 0.271094 0.732422 0.272656 0.730469 0.273438 0.730469 0.274219 0.729492 0.275000 0.729492 0.277344 0.726562 0.278125 0.726562 0.279687 0.724609 0.280469 0.724609 0.281250 0.723633 0.281250 0.722656 0.282031 0.721680 0.282031 0.720703 0.282813 0.719727 0.283594 0.719727 0.285938 0.716797 0.290625 0.716797 0.291406 0.717773 0.292969 0.717773 0.295312 0.720703 0.295312 0.726562 0.294531 0.727539 0.294531 0.731445 0.295312 0.732422 0.295312 0.735352 0.296875 0.737305 0.297656 0.737305 0.299219 0.739258 0.300000 0.739258 0.300781 0.740234 0.303906 0.740234 0.304688 0.741211 0.307031 0.741211 0.307812 0.740234 0.310937 0.740234 0.312500 0.738281 0.313281 0.738281 0.317188 0.733398 0.317188 0.732422 0.317969 0.731445 0.317969 0.729492 0.319531 0.727539 0.319531 0.708984 0.318750 0.708008 0.318750 0.706055 0.317188 0.704102 0.317188 0.703125 0.316406 0.702148 0.316406 0.701172 0.315625 0.700195 0.314844 0.700195 0.314063 0.699219 0.314063 0.698242 0.313281 0.697266 0.312500 0.697266 0.309375 0.693359 0.308594 0.693359 0.307812 0.692383 0.307031 0.692383 0.305469 0.690430 0.304688 0.690430 0.303906 0.689453
12 0.255469 0.621094 0.253906 0.623047 0.250781 0.623047 0.249219 0.625000 0.248438 0.625000 0.246875 0.626953 0.246094 0.626953 0.241406 0.632812 0.241406 0.653320 0.242188 0.653320 0.242969 0.654297 0.242969 0.655273 0.243750 0.656250 0.244531 0.656250 0.246875 0.659180 0.248438 0.659180 0.249219 0.660156 0.251563 0.660156 0.252344 0.659180 0.253906 0.659180 0.254688 0.658203 0.263281 0.658203 0.264062 0.659180 0.267188 0.659180 0.267969 0.660156 0.268750 0.660156 0.269531 0.661133 0.269531 0.664062 0.270313 0.665039 0.270313 0.666016 0.269531 0.666992 0.269531 0.667969 0.268750 0.668945 0.268750 0.669922 0.267969 0.670898 0.267969 0.671875 0.267188 0.672852 0.267188 0.684570 0.267969 0.685547 0.267969 0.687500 0.268750 0.688477 0.268750 0.690430 0.271875 0.694336 0.272656 0.694336 0.273438 0.695312 0.274219 0.695312 0.275000 0.696289 0.279687 0.696289 0.281250 0.694336 0.282031 0.694336 0.284375 0.691406 0.285156 0.691406 0.285156 0.690430 0.287500 0.687500 0.287500 0.686523 0.289062 0.684570 0.289062 0.683594 0.289844 0.682617 0.289844 0.681641 0.290625 0.680664 0.290625 0.679688 0.291406 0.678711 0.291406 0.676758 0.292187 0.675781 0.292187 0.674805 0.292969 0.673828 0.292969 0.651367 0.292187 0.650391 0.292187 0.649414 0.291406 0.648438 0.291406 0.647461 0.290625 0.646484 0.290625 0.645508 0.289844 0.644531 0.289844 0.643555 0.288281 0.641602 0.288281 0.639648 0.285938 0.636719 0.285938 0.635742 0.285156 0.634766 0.285156 0.633789 0.284375 0.632812 0.283594 0.632812 0.278906 0.626953 0.277344 0.626953 0.275781 0.625000 0.275000 0.625000 0.274219 0.624023 0.272656 0.624023 0.271875 0.623047 0.270313 0.623047 0.269531 0.622070 0.268750 0.622070 0.267969 0.621094
4 0.420312 0.764648 0.419531 0.765625 0.417969 0.765625 0.417187 0.766602 0.414844 0.766602 0.414062 0.767578 0.413281 0.767578 0.412500 0.768555 0.410938 0.768555 0.409375 0.770508 0.408594 0.770508 0.407031 0.772461 0.406250 0.772461 0.400000 0.780273 0.400000 0.781250 0.398438 0.783203 0.398438 0.784180 0.397656 0.785156 0.397656 0.786133 0.396094 0.788086 0.396094 0.807617 0.397656 0.809570 0.397656 0.810547 0.400781 0.814453 0.400781 0.815430 0.404687 0.820312 0.405469 0.820312 0.406250 0.821289 0.409375 0.821289 0.410156 0.820312 0.412500 0.820312 0.414062 0.818359 0.414844 0.818359 0.415625 0.817383 0.416406 0.817383 0.417969 0.815430 0.418750 0.815430 0.418750 0.814453 0.421094 0.811523 0.421094 0.809570 0.421875 0.808594 0.421875 0.803711 0.424219 0.800781 0.425000 0.800781 0.425781 0.799805 0.427344 0.799805 0.428125 0.798828 0.430469 0.798828 0.431250 0.799805 0.438281 0.799805 0.439063 0.800781 0.439844 0.800781 0.440625 0.801758 0.458594 0.801758 0.459375 0.800781 0.460156 0.800781 0.460938 0.799805 0.460938 0.788086 0.459375 0.786133 0.459375 0.785156 0.458594 0.784180 0.458594 0.783203 0.456250 0.780273 0.456250 0.779297 0.454688 0.777344 0.454688 0.776367 0.453125 0.774414 0.452344 0.774414 0.450000 0.771484 0.449219 0.771484 0.447656 0.769531 0.446875 0.769531 0.445312 0.767578 0.444531 0.767578 0.442969 0.765625 0.440625 0.765625 0.439844 0.764648
6 0.239063 0.208984 0.238281 0.209961 0.236719 0.209961 0.235937 0.210938 0.235156 0.210938 0.234375 0.211914 0.233594 0.211914 0.231250 0.214844 0.231250 0.215820 0.230469 0.216797 0.230469 0.217773 0.229687 0.218750 0.229687 0.219727 0.230469 0.220703 0.230469 0.222656 0.229687 0.223633 0.229687 0.228516 0.228906 0.229492 0.228906 0.234375 0.228125 0.235352 0.228125 0.236328 0.226562 0.238281 0.225781 0.238281 0.225000 0.239258 0.224219 0.239258 0.223438 0.238281 0.222656 0.238281 0.221875 0.237305 0.221094 0.237305 0.220312 0.236328 0.219531 0.236328 0.217969 0.234375 0.217188 0.234375 0.214062 0.230469 0.213281 0.230469 0.212500 0.229492 0.211719 0.229492 0.210938 0.228516 0.206250 0.228516 0.205469 0.229492 0.204687 0.229492 0.203125 0.231445 0.202344 0.231445 0.201563 0.232422 0.200781 0.232422 0.199219 0.234375 0.198437 0.234375 0.197656 0.235352 0.197656 0.254883 0.200000 0.257812 0.200000 0.258789 0.206250 0.266602 0.207031 0.266602 0.207813 0.267578 0.208594 0.267578 0.210156 0.269531 0.213281 0.269531 0.214844 0.271484 0.229687 0.271484 0.230469 0.270508 0.231250 0.270508 0.232031 0.269531 0.232813 0.269531 0.233594 0.268555 0.235156 0.268555 0.236719 0.266602 0.237500 0.266602 0.238281 0.265625 0.239063 0.265625 0.240625 0.263672 0.241406 0.263672 0.243750 0.260742 0.244531 0.260742 0.244531 0.259766 0.246094 0.257812 0.246875 0.257812 0.247656 0.256836 0.247656 0.255859 0.249219 0.253906 0.249219 0.252930 0.250000 0.251953 0.250000 0.250977 0.250781 0.250000 0.250781 0.249023 0.251563 0.248047 0.251563 0.213867 0.249219 0.210938 0.248438 0.210938 0.247656 0.209961 0.246094 0.209961 0.245312 0.208984
8 0.642188 0.190430 0.640625 0.192383 0.639062 0.192383 0.637500 0.194336 0.636719 0.194336 0.635156 0.196289 0.634375 0.196289 0.629687 0.202148 0.629687 0.203125 0.628906 0.204102 0.628906 0.205078 0.628125 0.206055 0.628125 0.208008 0.628906 0.208984 0.628906 0.214844 0.631250 0.217773 0.632812 0.217773 0.633594 0.218750 0.636719 0.218750 0.637500 0.219727 0.638281 0.219727 0.639062 0.218750 0.648438 0.218750 0.649219 0.219727 0.651563 0.219727 0.656250 0.225586 0.656250 0.226562 0.657031 0.227539 0.657031 0.235352 0.656250 0.236328 0.657031 0.237305 0.657031 0.240234 0.656250 0.241211 0.656250 0.243164 0.657031 0.244141 0.657031 0.245117 0.658594 0.247070 0.676562 0.247070 0.676562 0.246094 0.678125 0.244141 0.678125 0.243164 0.680469 0.240234 0.680469 0.239258 0.681250 0.238281 0.681250 0.236328 0.682031 0.235352 0.682031 0.234375 0.682813 0.233398 0.682813 0.232422 0.683594 0.231445 0.683594 0.229492 0.682813 0.228516 0.682813 0.227539 0.683594 0.226562 0.683594 0.218750 0.682813 0.217773 0.682813 0.213867 0.682031 0.212891 0.682031 0.210938 0.681250 0.209961 0.681250 0.208008 0.679688 0.206055 0.679688 0.205078 0.675000 0.199219 0.674219 0.199219 0.671875 0.196289 0.671094 0.196289 0.670312 0.195312 0.669531 0.195312 0.667969 0.193359 0.667188 0.193359 0.666406 0.192383 0.665625 0.192383 0.664844 0.191406 0.664062 0.191406 0.663281 0.190430
3 0.329688 0.805664 0.328906 0.806641 0.327344 0.806641 0.326562 0.807617 0.325781 0.807617 0.324219 0.809570 0.323437 0.809570 0.319531 0.814453 0.319531 0.815430 0.315625 0.820312 0.314063 0.820312 0.313281 0.821289 0.312500 0.820312 0.296875 0.820312 0.296094 0.821289 0.292969 0.821289 0.291406 0.823242 0.290625 0.823242 0.289844 0.824219 0.289844 0.842773 0.291406 0.844727 0.291406 0.845703 0.297656 0.853516 0.298438 0.853516 0.299219 0.854492 0.300000 0.854492 0.300781 0.855469 0.303906 0.855469 0.304688 0.856445 0.317969 0.856445 0.318750 0.855469 0.319531 0.855469 0.320312 0.854492 0.321094 0.854492 0.321875 0.853516 0.323437 0.853516 0.324219 0.852539 0.325000 0.852539 0.326562 0.850586 0.328125 0.850586 0.329688 0.848633 0.330469 0.848633 0.333594 0.844727 0.334375 0.844727 0.335938 0.842773 0.335938 0.841797 0.338281 0.838867 0.338281 0.836914 0.339062 0.835938 0.339062 0.834961 0.339844 0.833984 0.339844 0.832031 0.340625 0.831055 0.340625 0.812500 0.336719 0.807617 0.335938 0.807617 0.335156 0.806641 0.334375 0.806641 0.333594 0.805664
7 0.494531 0.427734 0.493750 0.428711 0.493750 0.429688 0.492969 0.430664 0.492969 0.431641 0.492188 0.432617 0.492188 0.433594 0.489844 0.436523 0.489844 0.437500 0.485938 0.442383 0.485156 0.442383 0.484375 0.443359 0.482812 0.443359 0.482031 0.442383 0.481250 0.442383 0.480469 0.441406 0.479687 0.441406 0.478906 0.440430 0.474219 0.440430 0.473438 0.441406 0.471875 0.441406 0.471094 0.442383 0.470313 0.442383 0.467969 0.445312 0.467969 0.458008 0.469531 0.459961 0.469531 0.460938 0.471875 0.463867 0.472656 0.463867 0.475000 0.466797 0.475781 0.466797 0.477344 0.468750 0.500000 0.468750 0.500781 0.467773 0.502344 0.467773 0.503906 0.465820 0.504687 0.465820 0.505469 0.464844 0.506250 0.464844 0.507812 0.462891 0.508594 0.462891 0.512500 0.458008 0.512500 0.457031 0.514844 0.454102 0.514844 0.453125 0.515625 0.452148 0.515625 0.449219 0.516406 0.448242 0.516406 0.431641 0.514844 0.429688 0.514844 0.428711 0.514062 0.427734
0 0.035937 0.371094 0.034375 0.373047 0.033594 0.373047 0.032031 0.375000 0.032031 0.375977 0.031250 0.376953 0.030469 0.376953 0.030469 0.377930 0.028125 0.380859 0.027344 0.380859 0.027344 0.381836 0.026562 0.382812 0.026562 0.383789 0.025781 0.384766 0.025781 0.385742 0.025000 0.386719 0.025000 0.387695 0.024219 0.388672 0.024219 0.415039 0.025000 0.416016 0.025000 0.416992 0.025781 0.417969 0.025781 0.418945 0.026562 0.419922 0.026562 0.420898 0.027344 0.421875 0.027344 0.422852 0.028125 0.423828 0.028125 0.424805 0.030469 0.427734 0.030469 0.428711 0.032031 0.430664 0.039844 0.430664 0.040625 0.429688 0.040625 0.428711 0.041406 0.427734 0.041406 0.426758 0.042188 0.425781 0.042188 0.424805 0.042969 0.423828 0.042969 0.422852 0.044531 0.420898 0.044531 0.419922 0.045312 0.418945 0.045312 0.417969 0.046094 0.416992 0.046094 0.416016 0.046875 0.415039 0.046875 0.412109 0.047656 0.411133 0.047656 0.404297 0.048438 0.403320 0.048438 0.400391 0.049219 0.399414 0.049219 0.398438 0.052344 0.394531 0.052344 0.393555 0.053125 0.392578 0.053906 0.392578 0.055469 0.390625 0.055469 0.389648 0.056250 0.388672 0.056250 0.387695 0.057813 0.385742 0.057813 0.383789 0.057031 0.382812 0.057031 0.379883 0.057813 0.378906 0.057813 0.376953 0.057031 0.375977 0.057031 0.373047 0.056250 0.372070 0.056250 0.371094
2 0.507031 0.604492 0.504687 0.607422 0.504687 0.608398 0.502344 0.611328 0.502344 0.612305 0.501563 0.613281 0.501563 0.615234 0.500781 0.616211 0.500781 0.637695 0.501563 0.638672 0.501563 0.640625 0.502344 0.641602 0.502344 0.642578 0.503125 0.643555 0.503125 0.644531 0.503906 0.645508 0.503906 0.646484 0.504687 0.647461 0.504687 0.648438 0.507812 0.652344 0.507812 0.653320 0.509375 0.655273 0.510156 0.655273 0.514062 0.660156 0.514844 0.660156 0.517188 0.663086 0.532813 0.663086 0.533594 0.662109 0.534375 0.662109 0.535156 0.661133 0.535937 0.661133 0.537500 0.659180 0.538281 0.659180 0.539062 0.658203 0.539844 0.658203 0.541406 0.656250 0.542188 0.656250 0.545312 0.652344 0.545312 0.651367 0.547656 0.648438 0.548438 0.648438 0.549219 0.647461 0.549219 0.646484 0.550781 0.644531 0.550781 0.643555 0.551562 0.642578 0.551562 0.641602 0.552344 0.640625 0.552344 0.626953 0.550781 0.625000 0.550781 0.624023 0.550000 0.624023 0.548438 0.622070 0.543750 0.622070 0.542969 0.623047 0.542188 0.623047 0.540625 0.625000 0.539844 0.625000 0.539062 0.625977 0.538281 0.625977 0.537500 0.626953 0.535937 0.626953 0.535156 0.627930 0.532813 0.627930 0.532031 0.628906 0.531250 0.628906 0.530469 0.629883 0.526563 0.629883 0.525781 0.628906 0.525000 0.628906 0.523438 0.626953 0.523438 0.625977 0.522656 0.625000 0.522656 0.623047 0.521875 0.622070 0.521875 0.608398 0.521094 0.607422 0.521094 0.606445 0.519531 0.604492
2 0.555469 0.104492 0.554688 0.105469 0.553906 0.105469 0.553125 0.106445 0.552344 0.106445 0.551562 0.107422 0.550000 0.107422 0.549219 0.108398 0.548438 0.108398 0.546875 0.110352 0.546094 0.110352 0.541406 0.116211 0.540625 0.116211 0.537500 0.120117 0.537500 0.121094 0.535937 0.123047 0.535937 0.142578 0.536719 0.142578 0.537500 0.143555 0.538281 0.143555 0.539062 0.144531 0.548438 0.144531 0.549219 0.143555 0.550000 0.143555 0.553125 0.139648 0.553906 0.139648 0.557031 0.135742 0.557813 0.135742 0.559375 0.133789 0.560937 0.133789 0.561719 0.132812 0.564063 0.132812 0.564844 0.133789 0.566406 0.133789 0.568750 0.136719 0.569531 0.136719 0.573438 0.141602 0.573438 0.142578 0.574219 0.143555 0.574219 0.144531 0.575781 0.146484 0.575781 0.148438 0.576562 0.149414 0.576562 0.150391 0.578125 0.152344 0.578125 0.153320 0.580469 0.156250 0.581250 0.156250 0.582031 0.157227 0.582812 0.157227 0.583594 0.158203 0.584375 0.158203 0.585156 0.157227 0.586719 0.157227 0.587500 0.156250 0.589063 0.156250 0.591406 0.153320 0.591406 0.124023 0.590625 0.123047 0.590625 0.122070 0.589063 0.120117 0.589063 0.119141 0.584375 0.113281 0.583594 0.113281 0.582031 0.111328 0.581250 0.111328 0.579688 0.109375 0.578125 0.109375 0.577344 0.108398 0.576562 0.108398 0.575781 0.107422 0.575000 0.107422 0.574219 0.106445 0.571875 0.106445 0.571094 0.105469 0.569531 0.105469 0.568750 0.104492
1 0.371875 0.684570 0.366406 0.691406 0.365625 0.691406 0.364844 0.692383 0.363281 0.692383 0.362500 0.693359 0.359375 0.693359 0.358594 0.692383 0.355469 0.692383 0.354687 0.691406 0.353906 0.691406 0.353125 0.690430 0.352344 0.690430 0.351562 0.689453 0.350000 0.689453 0.345313 0.695312 0.345313 0.696289 0.344531 0.697266 0.344531 0.699219 0.343750 0.700195 0.343750 0.702148 0.340625 0.706055 0.340625 0.708984 0.339844 0.709961 0.339844 0.710938 0.339062 0.711914 0.339062 0.714844 0.337500 0.716797 0.337500 0.727539 0.338281 0.728516 0.338281 0.729492 0.339062 0.730469 0.339062 0.732422 0.339844 0.733398 0.339844 0.735352 0.340625 0.736328 0.340625 0.737305 0.341406 0.738281 0.341406 0.740234 0.342187 0.741211 0.342187 0.742188 0.342969 0.743164 0.342969 0.744141 0.344531 0.746094 0.344531 0.747070 0.370312 0.747070 0.373437 0.743164 0.373437 0.742188 0.374219 0.741211 0.374219 0.740234 0.375000 0.739258 0.375000 0.732422 0.374219 0.731445 0.374219 0.727539 0.373437 0.726562 0.373437 0.720703 0.375000 0.718750 0.375000 0.717773 0.376563 0.715820 0.376563 0.714844 0.377344 0.713867 0.377344 0.712891 0.378906 0.710938 0.379688 0.710938 0.380469 0.709961 0.382031 0.709961 0.382812 0.708984 0.384375 0.708984 0.385156 0.708008 0.385937 0.708008 0.387500 0.706055 0.388281 0.706055 0.389062 0.705078 0.390625 0.705078 0.392188 0.703125 0.392188 0.702148 0.393750 0.700195 0.393750 0.699219 0.394531 0.698242 0.394531 0.694336 0.393750 0.693359 0.393750 0.692383 0.392188 0.690430 0.392188 0.689453 0.389062 0.685547 0.389062 0.684570
0 0.573438 0.668945 0.572656 0.669922 0.571875 0.669922 0.571094 0.670898 0.570312 0.670898 0.569531 0.671875 0.568750 0.671875 0.567969 0.672852 0.567187 0.672852 0.566406 0.673828 0.565625 0.673828 0.564063 0.675781 0.564063 0.676758 0.560937 0.680664 0.560937 0.695312 0.561719 0.695312 0.562500 0.696289 0.569531 0.696289 0.570312 0.695312 0.571094 0.695312 0.571875 0.694336 0.572656 0.694336 0.574219 0.692383 0.575000 0.692383 0.576562 0.690430 0.577344 0.690430 0.578906 0.688477 0.580469 0.688477 0.581250 0.687500 0.584375 0.687500 0.587500 0.691406 0.587500 0.692383 0.588281 0.693359 0.588281 0.694336 0.589844 0.696289 0.589844 0.697266 0.590625 0.698242 0.590625 0.699219 0.592187 0.701172 0.592187 0.702148 0.592969 0.703125 0.592969 0.704102 0.593750 0.705078 0.594531 0.705078 0.595313 0.706055 0.596094 0.706055 0.597656 0.708008 0.604688 0.708008 0.606250 0.706055 0.607031 0.706055 0.607031 0.705078 0.607812 0.704102 0.607812 0.703125 0.609375 0.701172 0.609375 0.688477 0.607812 0.686523 0.607812 0.684570 0.607031 0.683594 0.607031 0.682617 0.605469 0.680664 0.605469 0.679688 0.603906 0.677734 0.603125 0.677734 0.600781 0.674805 0.600000 0.674805 0.598437 0.672852 0.597656 0.672852 0.596875 0.671875 0.596094 0.671875 0.595313 0.670898 0.593750 0.670898 0.592969 0.669922 0.592187 0.669922 0.591406 0.668945
4 0.678906 0.140625 0.678125 0.141602 0.676562 0.141602 0.675781 0.142578 0.675000 0.142578 0.674219 0.143555 0.673438 0.143555 0.669531 0.148438 0.668750 0.148438 0.665625 0.152344 0.665625 0.153320 0.663281 0.156250 0.663281 0.157227 0.661719 0.159180 0.661719 0.160156 0.660156 0.162109 0.660156 0.165039 0.659375 0.166016 0.659375 0.167969 0.658594 0.168945 0.658594 0.185547 0.659375 0.186523 0.659375 0.189453 0.660156 0.190430 0.660156 0.191406 0.660937 0.192383 0.660937 0.194336 0.661719 0.195312 0.661719 0.197266 0.662500 0.198242 0.662500 0.199219 0.663281 0.200195 0.663281 0.201172 0.664844 0.203125 0.664844 0.204102 0.665625 0.205078 0.665625 0.206055 0.666406 0.207031 0.666406 0.208008 0.672656 0.215820 0.673438 0.215820 0.675000 0.217773 0.698438 0.217773 0.701562 0.213867 0.701562 0.212891 0.702344 0.211914 0.702344 0.208984 0.703125 0.208008 0.703125 0.203125 0.702344 0.202148 0.702344 0.201172 0.701562 0.200195 0.701562 0.199219 0.700781 0.198242 0.700781 0.194336 0.700000 0.193359 0.700000 0.192383 0.699219 0.191406 0.699219 0.190430 0.698438 0.189453 0.696875 0.189453 0.695312 0.187500 0.690625 0.187500 0.689844 0.186523 0.689063 0.186523 0.685937 0.182617 0.685937 0.181641 0.685156 0.180664 0.685156 0.167969 0.685937 0.166992 0.685937 0.166016 0.691406 0.159180 0.692187 0.159180 0.694531 0.156250 0.694531 0.154297 0.695312 0.153320 0.695312 0.151367 0.696094 0.150391 0.696094 0.149414 0.695312 0.148438 0.695312 0.146484 0.694531 0.145508 0.694531 0.144531 0.692969 0.142578 0.692187 0.142578 0.690625 0.140625
0 0.880469 0.209961 0.875000 0.216797 0.875000 0.217773 0.874219 0.218750 0.874219 0.219727 0.873437 0.220703 0.873437 0.221680 0.871875 0.223633 0.871875 0.248047 0.872656 0.248047 0.873437 0.249023 0.875000 0.249023 0.875781 0.250000 0.880469 0.250000 0.881250 0.249023 0.882031 0.249023 0.882031 0.248047 0.889062 0.239258 0.889844 0.239258 0.890625 0.238281 0.893750 0.238281 0.894531 0.237305 0.897656 0.237305 0.898438 0.236328 0.899219 0.236328 0.900000 0.235352 0.901563 0.235352 0.902344 0.236328 0.903125 0.236328 0.910156 0.245117 0.910156 0.246094 0.913281 0.250000 0.914844 0.250000 0.915625 0.250977 0.917969 0.250977 0.918750 0.250000 0.919531 0.250000 0.922656 0.246094 0.922656 0.245117 0.923438 0.244141 0.923438 0.239258 0.922656 0.238281 0.922656 0.237305 0.921875 0.236328 0.921875 0.233398 0.921094 0.232422 0.921094 0.230469 0.920312 0.229492 0.920312 0.228516 0.919531 0.227539 0.919531 0.226562 0.918750 0.225586 0.918750 0.224609 0.917188 0.222656 0.917188 0.221680 0.915625 0.219727 0.914844 0.219727 0.910937 0.214844 0.910156 0.214844 0.908594 0.212891 0.907813 0.212891 0.907031 0.211914 0.906250 0.211914 0.904687 0.209961
9 0.240625 0.645508 0.239844 0.646484 0.239063 0.646484 0.237500 0.648438 0.236719 0.648438 0.233594 0.652344 0.232813 0.652344 0.232813 0.653320 0.229687 0.657227 0.229687 0.658203 0.228125 0.660156 0.228125 0.690430 0.228906 0.691406 0.228906 0.692383 0.229687 0.693359 0.229687 0.695312 0.230469 0.696289 0.230469 0.697266 0.232031 0.699219 0.232031 0.700195 0.235156 0.704102 0.235156 0.705078 0.238281 0.708984 0.239063 0.708984 0.239844 0.709961 0.241406 0.709961 0.242188 0.710938 0.242969 0.710938 0.244531 0.712891 0.245312 0.712891 0.246094 0.713867 0.247656 0.713867 0.248438 0.714844 0.249219 0.714844 0.250000 0.715820 0.259375 0.715820 0.260156 0.714844 0.260937 0.714844 0.263281 0.711914 0.263281 0.710938 0.264062 0.709961 0.264062 0.708984 0.264844 0.708008 0.264844 0.701172 0.264062 0.700195 0.264062 0.699219 0.262500 0.697266 0.262500 0.696289 0.260156 0.693359 0.259375 0.693359 0.256250 0.689453 0.256250 0.688477 0.255469 0.688477 0.254688 0.687500 0.254688 0.686523 0.253125 0.684570 0.253125 0.683594 0.252344 0.682617 0.252344 0.681641 0.251563 0.680664 0.251563 0.675781 0.252344 0.674805 0.252344 0.671875 0.253125 0.670898 0.253125 0.669922 0.257031 0.665039 0.257812 0.665039 0.258594 0.664062 0.260156 0.664062 0.260937 0.663086 0.261719 0.663086 0.264844 0.659180 0.264844 0.656250 0.265625 0.655273 0.265625 0.650391 0.264844 0.649414 0.264844 0.647461 0.263281 0.645508
11 0.157031 0.722656 0.156250 0.723633 0.155469 0.723633 0.153906 0.725586 0.153125 0.725586 0.148438 0.731445 0.148438 0.732422 0.146094 0.735352 0.146094 0.736328 0.145313 0.737305 0.145313 0.739258 0.143750 0.741211 0.143750 0.756836 0.145313 0.758789 0.145313 0.762695 0.144531 0.763672 0.144531 0.769531 0.146094 0.771484 0.146094 0.772461 0.146875 0.773438 0.146875 0.774414 0.147656 0.775391 0.147656 0.776367 0.148438 0.777344 0.148438 0.778320 0.149219 0.779297 0.149219 0.780273 0.150000 0.781250 0.150781 0.781250 0.156250 0.788086 0.156250 0.789062 0.160156 0.793945 0.177344 0.793945 0.177344 0.792969 0.178906 0.791016 0.179688 0.791016 0.181250 0.789062 0.182031 0.789062 0.182812 0.788086 0.183594 0.788086 0.185156 0.786133 0.191406 0.786133 0.192188 0.785156 0.192969 0.785156 0.194531 0.783203 0.194531 0.782227 0.196875 0.779297 0.196875 0.755859 0.192969 0.750977 0.192969 0.750000 0.191406 0.748047 0.190625 0.748047 0.189844 0.747070 0.189062 0.747070 0.188281 0.746094 0.186719 0.746094 0.178125 0.735352 0.177344 0.735352 0.176563 0.734375 0.176563 0.733398 0.175781 0.732422 0.175781 0.730469 0.175000 0.729492 0.175000 0.727539 0.171094 0.722656
8 0.020313 0.681641 0.019531 0.682617 0.017969 0.682617 0.017188 0.683594 0.016406 0.683594 0.014844 0.685547 0.014063 0.685547 0.013281 0.686523 0.012500 0.686523 0.008594 0.691406 0.007812 0.691406 0.006250 0.693359 0.006250 0.714844 0.007812 0.714844 0.012500 0.720703 0.013281 0.720703 0.014063 0.721680 0.014844 0.721680 0.015625 0.722656 0.018750 0.722656 0.019531 0.721680 0.023438 0.721680 0.024219 0.720703 0.025781 0.720703 0.026562 0.719727 0.027344 0.719727 0.028125 0.718750 0.028906 0.718750 0.029687 0.717773 0.030469 0.717773 0.031250 0.716797 0.032813 0.716797 0.033594 0.715820 0.035156 0.715820 0.035937 0.714844 0.037500 0.714844 0.038281 0.713867 0.039062 0.713867 0.039844 0.714844 0.041406 0.714844 0.042969 0.716797 0.042969 0.717773 0.045312 0.720703 0.045312 0.721680 0.050781 0.728516 0.051562 0.728516 0.053906 0.731445 0.055469 0.731445 0.056250 0.732422 0.060937 0.732422 0.061719 0.731445 0.063281 0.731445 0.063281 0.703125 0.053125 0.690430 0.052344 0.690430 0.051562 0.689453 0.050781 0.689453 0.048438 0.686523 0.046094 0.686523 0.045312 0.685547 0.044531 0.685547 0.043750 0.684570 0.042969 0.684570 0.042188 0.683594 0.041406 0.683594 0.040625 0.682617 0.038281 0.682617 0.037500 0.681641
8 0.085156 0.527344 0.084375 0.528320 0.083594 0.528320 0.080469 0.532227 0.079687 0.532227 0.078906 0.533203 0.078125 0.533203 0.074219 0.538086 0.074219 0.539062 0.072656 0.541016 0.072656 0.541992 0.071094 0.543945 0.071094 0.544922 0.070312 0.545898 0.070312 0.547852 0.069531 0.548828 0.069531 0.549805 0.068750 0.550781 0.068750 0.551758 0.067969 0.552734 0.067969 0.582031 0.068750 0.583008 0.068750 0.583984 0.069531 0.584961 0.069531 0.587891 0.070312 0.588867 0.070312 0.590820 0.071094 0.591797 0.071094 0.592773 0.072656 0.594727 0.073438 0.594727 0.075000 0.596680 0.075000 0.597656 0.075781 0.598633 0.076563 0.598633 0.079687 0.602539 0.080469 0.602539 0.082031 0.604492 0.082812 0.604492 0.083594 0.605469 0.100000 0.605469 0.100000 0.604492 0.100781 0.603516 0.101562 0.603516 0.105469 0.598633 0.105469 0.597656 0.107813 0.594727 0.107813 0.584961 0.107031 0.583984 0.107031 0.583008 0.106250 0.582031 0.106250 0.581055 0.105469 0.580078 0.105469 0.578125 0.103906 0.576172 0.101562 0.576172 0.100781 0.575195 0.099219 0.575195 0.098437 0.574219 0.097656 0.574219 0.095312 0.571289 0.095312 0.570312 0.094531 0.569336 0.094531 0.567383 0.093750 0.566406 0.093750 0.563477 0.092969 0.562500 0.092969 0.558594 0.093750 0.557617 0.093750 0.555664 0.095312 0.553711 0.095312 0.552734 0.096094 0.551758 0.096094 0.550781 0.096875 0.549805 0.096875 0.548828 0.099219 0.545898 0.100000 0.545898 0.100781 0.544922 0.100781 0.543945 0.101562 0.542969 0.101562 0.541992 0.102344 0.541016 0.102344 0.536133 0.101562 0.535156 0.101562 0.532227 0.097656 0.527344
