10 0.258594 0.640625 0.257812 0.641602 0.257031 0.641602 0.257031 0.642578 0.256250 0.643555 0.256250 0.644531 0.255469 0.645508 0.255469 0.647461 0.254688 0.648438 0.254688 0.650391 0.253906 0.651367 0.253906 0.656250 0.254688 0.657227 0.254688 0.658203 0.255469 0.659180 0.255469 0.660156 0.256250 0.661133 0.256250 0.662109 0.257031 0.663086 0.257031 0.664062 0.257812 0.665039 0.257031 0.666016 0.257031 0.668945 0.253906 0.672852 0.253125 0.672852 0.252344 0.673828 0.251563 0.673828 0.250781 0.674805 0.250000 0.674805 0.249219 0.675781 0.248438 0.675781 0.247656 0.676758 0.244531 0.676758 0.243750 0.677734 0.240625 0.677734 0.239844 0.678711 0.239063 0.678711 0.239063 0.701172 0.239844 0.701172 0.240625 0.702148 0.242188 0.702148 0.242969 0.703125 0.243750 0.702148 0.244531 0.703125 0.248438 0.703125 0.249219 0.704102 0.254688 0.704102 0.255469 0.703125 0.257031 0.703125 0.258594 0.701172 0.259375 0.701172 0.260156 0.700195 0.262500 0.700195 0.263281 0.699219 0.264062 0.699219 0.265625 0.697266 0.266406 0.697266 0.268750 0.694336 0.269531 0.694336 0.272656 0.690430 0.273438 0.690430 0.278906 0.683594 0.278906 0.657227 0.278125 0.656250 0.278125 0.654297 0.277344 0.653320 0.277344 0.651367 0.276562 0.650391 0.276562 0.649414 0.271094 0.642578 0.270313 0.642578 0.269531 0.641602 0.268750 0.641602 0.267969 0.640625
8 0.714844 0.068359 0.711719 0.072266 0.711719 0.073242 0.710938 0.074219 0.710938 0.078125 0.711719 0.079102 0.711719 0.083984 0.712500 0.084961 0.712500 0.086914 0.713281 0.087891 0.713281 0.089844 0.714063 0.090820 0.714063 0.095703 0.714844 0.096680 0.714844 0.103516 0.714063 0.104492 0.714063 0.111328 0.711719 0.114258 0.707812 0.114258 0.707031 0.115234 0.706250 0.115234 0.705469 0.114258 0.704688 0.115234 0.703125 0.115234 0.702344 0.116211 0.700781 0.116211 0.700000 0.117188 0.700000 0.118164 0.699219 0.119141 0.699219 0.127930 0.700000 0.128906 0.700000 0.130859 0.703125 0.134766 0.703906 0.134766 0.705469 0.136719 0.726562 0.136719 0.727344 0.135742 0.728125 0.135742 0.728906 0.134766 0.730469 0.134766 0.735156 0.128906 0.735156 0.127930 0.736719 0.125977 0.736719 0.125000 0.739062 0.122070 0.739062 0.121094 0.739844 0.120117 0.739844 0.119141 0.741406 0.117188 0.741406 0.116211 0.742188 0.115234 0.742188 0.110352 0.742969 0.109375 0.742969 0.105469 0.743750 0.104492 0.743750 0.101562 0.744531 0.100586 0.744531 0.091797 0.743750 0.090820 0.743750 0.089844 0.742969 0.088867 0.742969 0.087891 0.742188 0.086914 0.742188 0.085938 0.741406 0.084961 0.741406 0.083984 0.740625 0.083008 0.740625 0.081055 0.739062 0.079102 0.739062 0.078125 0.737500 0.076172 0.737500 0.075195 0.734375 0.071289 0.733594 0.071289 0.732812 0.070312 0.732031 0.070312 0.730469 0.068359
5 0.842187 0.276367 0.842187 0.277344 0.841406 0.278320 0.840625 0.278320 0.839063 0.280273 0.839063 0.281250 0.838281 0.282227 0.838281 0.283203 0.837500 0.284180 0.837500 0.286133 0.836719 0.287109 0.836719 0.291016 0.835938 0.291992 0.835938 0.294922 0.835156 0.295898 0.835156 0.296875 0.834375 0.297852 0.834375 0.299805 0.833594 0.300781 0.833594 0.301758 0.832812 0.302734 0.832812 0.303711 0.832031 0.304688 0.832031 0.305664 0.831250 0.306641 0.831250 0.307617 0.829688 0.309570 0.828906 0.309570 0.828125 0.310547 0.826562 0.310547 0.825781 0.311523 0.825000 0.311523 0.824219 0.310547 0.823438 0.310547 0.822656 0.309570 0.821875 0.309570 0.819531 0.306641 0.814063 0.306641 0.813281 0.307617 0.812500 0.307617 0.810156 0.310547 0.810156 0.321289 0.810937 0.321289 0.817969 0.330078 0.818750 0.330078 0.819531 0.331055 0.820312 0.331055 0.821094 0.332031 0.821875 0.332031 0.822656 0.333008 0.837500 0.333008 0.838281 0.332031 0.839063 0.332031 0.839844 0.331055 0.841406 0.331055 0.842187 0.330078 0.843750 0.330078 0.844531 0.329102 0.845313 0.329102 0.846875 0.327148 0.847656 0.327148 0.855469 0.317383 0.855469 0.316406 0.857031 0.314453 0.857031 0.313477 0.858594 0.311523 0.858594 0.310547 0.859375 0.309570 0.859375 0.308594 0.860938 0.306641 0.860938 0.285156 0.856250 0.279297 0.855469 0.279297 0.854688 0.278320 0.853906 0.278320 0.852344 0.276367
11 0.661719 0.929688 0.660937 0.930664 0.656250 0.930664 0.655469 0.931641 0.654687 0.931641 0.653906 0.932617 0.652344 0.932617 0.651563 0.933594 0.650000 0.933594 0.649219 0.934570 0.648438 0.934570 0.647656 0.935547 0.646875 0.935547 0.646094 0.936523 0.644531 0.936523 0.643750 0.937500 0.642188 0.937500 0.641406 0.938477 0.640625 0.938477 0.639844 0.939453 0.639062 0.939453 0.635156 0.944336 0.635156 0.945312 0.634375 0.946289 0.634375 0.948242 0.632812 0.950195 0.632812 0.951172 0.632031 0.952148 0.632031 0.953125 0.631250 0.954102 0.631250 0.955078 0.629687 0.957031 0.629687 0.958008 0.628906 0.958984 0.628906 0.970703 0.630469 0.972656 0.631250 0.972656 0.632031 0.973633 0.632812 0.973633 0.634375 0.975586 0.635156 0.975586 0.637500 0.978516 0.638281 0.978516 0.639062 0.979492 0.639844 0.979492 0.640625 0.980469 0.641406 0.980469 0.642188 0.981445 0.642969 0.981445 0.644531 0.983398 0.669531 0.983398 0.670312 0.982422 0.671875 0.982422 0.672656 0.981445 0.673438 0.981445 0.674219 0.980469 0.675000 0.980469 0.675781 0.979492 0.676562 0.979492 0.677344 0.978516 0.678125 0.978516 0.678906 0.977539 0.679688 0.977539 0.680469 0.976562 0.681250 0.976562 0.684375 0.972656 0.684375 0.971680 0.688281 0.966797 0.688281 0.965820 0.690625 0.962891 0.690625 0.960938 0.692187 0.958984 0.692187 0.958008 0.692969 0.957031 0.692969 0.956055 0.693750 0.955078 0.693750 0.939453 0.692187 0.937500 0.692187 0.936523 0.691406 0.935547 0.691406 0.934570 0.689844 0.932617 0.689844 0.931641 0.688281 0.929688
3 0.446094 0.580078 0.442969 0.583984 0.442969 0.584961 0.442188 0.585938 0.442188 0.586914 0.441406 0.587891 0.441406 0.590820 0.440625 0.591797 0.440625 0.596680 0.442188 0.598633 0.442188 0.599609 0.443750 0.601562 0.444531 0.601562 0.445312 0.602539 0.446094 0.602539 0.446875 0.603516 0.447656 0.603516 0.448437 0.604492 0.449219 0.604492 0.450781 0.606445 0.450781 0.615234 0.450000 0.616211 0.450000 0.617188 0.448437 0.619141 0.448437 0.620117 0.446094 0.623047 0.446094 0.624023 0.442188 0.628906 0.442188 0.629883 0.441406 0.630859 0.441406 0.632812 0.440625 0.633789 0.440625 0.635742 0.439844 0.636719 0.439844 0.643555 0.440625 0.644531 0.440625 0.646484 0.445312 0.652344 0.446094 0.652344 0.446875 0.653320 0.447656 0.653320 0.448437 0.654297 0.449219 0.654297 0.450000 0.655273 0.459375 0.655273 0.460156 0.654297 0.460938 0.654297 0.461719 0.653320 0.463281 0.653320 0.465625 0.650391 0.466406 0.650391 0.467187 0.649414 0.467187 0.648438 0.467969 0.647461 0.467969 0.646484 0.469531 0.644531 0.469531 0.643555 0.471094 0.641602 0.471094 0.640625 0.471875 0.639648 0.471875 0.638672 0.472656 0.637695 0.472656 0.636719 0.473438 0.635742 0.473438 0.634766 0.474219 0.633789 0.474219 0.631836 0.475000 0.630859 0.475000 0.628906 0.476562 0.626953 0.476562 0.598633 0.475000 0.596680 0.475000 0.595703 0.473438 0.593750 0.473438 0.591797 0.471094 0.588867 0.471094 0.587891 0.469531 0.585938 0.468750 0.585938 0.466406 0.583008 0.465625 0.583008 0.464062 0.581055 0.463281 0.581055 0.462500 0.580078
1 0.874219 0.040039 0.868750 0.046875 0.868750 0.047852 0.867969 0.048828 0.867969 0.050781 0.867188 0.051758 0.867188 0.054688 0.866406 0.055664 0.866406 0.066406 0.867969 0.068359 0.867969 0.071289 0.868750 0.072266 0.868750 0.073242 0.869531 0.074219 0.869531 0.075195 0.870313 0.076172 0.870313 0.077148 0.871094 0.078125 0.871094 0.079102 0.872656 0.081055 0.872656 0.082031 0.874219 0.083984 0.874219 0.084961 0.878906 0.090820 0.879687 0.090820 0.880469 0.091797 0.881250 0.091797 0.882031 0.092773 0.882812 0.092773 0.883594 0.093750 0.884375 0.093750 0.885156 0.094727 0.885938 0.094727 0.887500 0.096680 0.888281 0.096680 0.889062 0.097656 0.911719 0.097656 0.911719 0.096680 0.912500 0.095703 0.913281 0.095703 0.914062 0.094727 0.914844 0.094727 0.915625 0.093750 0.916406 0.093750 0.918750 0.090820 0.919531 0.090820 0.919531 0.089844 0.921875 0.086914 0.921875 0.085938 0.924219 0.083008 0.924219 0.075195 0.922656 0.073242 0.910937 0.073242 0.910156 0.074219 0.907031 0.074219 0.903906 0.070312 0.903906 0.066406 0.902344 0.064453 0.902344 0.063477 0.901563 0.063477 0.900781 0.062500 0.900000 0.062500 0.899219 0.061523 0.898438 0.061523 0.897656 0.060547 0.896875 0.060547 0.894531 0.057617 0.894531 0.051758 0.895312 0.050781 0.895312 0.048828 0.894531 0.047852 0.894531 0.045898 0.893750 0.044922 0.893750 0.043945 0.890625 0.040039
4 0.706250 0.119141 0.705469 0.120117 0.701562 0.120117 0.700781 0.121094 0.699219 0.121094 0.698438 0.122070 0.697656 0.122070 0.696875 0.123047 0.696094 0.123047 0.694531 0.125000 0.693750 0.125000 0.693750 0.125977 0.692969 0.126953 0.692187 0.126953 0.689844 0.129883 0.689063 0.129883 0.684375 0.135742 0.684375 0.136719 0.683594 0.137695 0.683594 0.139648 0.682031 0.141602 0.682031 0.165039 0.683594 0.166992 0.683594 0.168945 0.684375 0.169922 0.684375 0.170898 0.685937 0.172852 0.685937 0.173828 0.686719 0.174805 0.686719 0.175781 0.687500 0.176758 0.687500 0.177734 0.688281 0.178711 0.689063 0.178711 0.692187 0.182617 0.709375 0.182617 0.710938 0.180664 0.710938 0.179688 0.712500 0.177734 0.712500 0.174805 0.713281 0.173828 0.713281 0.168945 0.712500 0.167969 0.712500 0.166992 0.711719 0.166016 0.711719 0.165039 0.710156 0.163086 0.710156 0.162109 0.708594 0.160156 0.707812 0.160156 0.704688 0.156250 0.704688 0.154297 0.705469 0.153320 0.705469 0.151367 0.709375 0.146484 0.710156 0.146484 0.713281 0.142578 0.713281 0.141602 0.714844 0.139648 0.714844 0.138672 0.715625 0.137695 0.716406 0.137695 0.716406 0.124023 0.714844 0.122070 0.714063 0.122070 0.712500 0.120117 0.710938 0.120117 0.710156 0.119141
10 0.674219 0.744141 0.672656 0.746094 0.671875 0.746094 0.671094 0.747070 0.670312 0.747070 0.667969 0.750000 0.667969 0.750977 0.664844 0.754883 0.664844 0.756836 0.664062 0.757812 0.664062 0.760742 0.664844 0.761719 0.664844 0.764648 0.665625 0.765625 0.665625 0.766602 0.666406 0.767578 0.666406 0.768555 0.667188 0.769531 0.667188 0.770508 0.669531 0.773438 0.670312 0.773438 0.671094 0.774414 0.672656 0.774414 0.673438 0.775391 0.680469 0.775391 0.681250 0.776367 0.685156 0.776367 0.685937 0.775391 0.689063 0.779297 0.689063 0.781250 0.688281 0.782227 0.688281 0.784180 0.687500 0.785156 0.687500 0.787109 0.686719 0.788086 0.686719 0.791016 0.685937 0.791992 0.685937 0.793945 0.685156 0.794922 0.685156 0.796875 0.684375 0.797852 0.684375 0.798828 0.685156 0.799805 0.685156 0.800781 0.684375 0.801758 0.684375 0.805664 0.685156 0.806641 0.685156 0.808594 0.685937 0.809570 0.703906 0.809570 0.707812 0.804688 0.707812 0.803711 0.709375 0.801758 0.709375 0.800781 0.710938 0.798828 0.710938 0.797852 0.711719 0.796875 0.711719 0.794922 0.712500 0.793945 0.712500 0.791992 0.713281 0.791016 0.713281 0.789062 0.714063 0.788086 0.714063 0.775391 0.713281 0.774414 0.713281 0.773438 0.712500 0.772461 0.712500 0.771484 0.711719 0.770508 0.711719 0.769531 0.710938 0.768555 0.710938 0.765625 0.710156 0.764648 0.710156 0.763672 0.709375 0.762695 0.709375 0.760742 0.708594 0.759766 0.708594 0.758789 0.707812 0.757812 0.707812 0.756836 0.705469 0.753906 0.705469 0.752930 0.701562 0.748047 0.700000 0.748047 0.698438 0.746094 0.696875 0.746094 0.696094 0.745117 0.695312 0.745117 0.694531 0.744141
12 0.029687 0.101562 0.028906 0.102539 0.024219 0.102539 0.023438 0.103516 0.021094 0.103516 0.020313 0.104492 0.017969 0.104492 0.017188 0.105469 0.016406 0.105469 0.014063 0.108398 0.013281 0.108398 0.012500 0.109375 0.011719 0.109375 0.008594 0.113281 0.007812 0.113281 0.007812 0.114258 0.005469 0.117188 0.005469 0.118164 0.003125 0.121094 0.003125 0.122070 0.002344 0.123047 0.002344 0.154297 0.003125 0.155273 0.003906 0.155273 0.004687 0.156250 0.006250 0.156250 0.007031 0.157227 0.009375 0.157227 0.010156 0.156250 0.010937 0.156250 0.011719 0.155273 0.012500 0.155273 0.013281 0.154297 0.014063 0.154297 0.015625 0.152344 0.016406 0.152344 0.017188 0.151367 0.017188 0.149414 0.019531 0.146484 0.019531 0.145508 0.022656 0.141602 0.023438 0.141602 0.029687 0.133789 0.030469 0.133789 0.031250 0.132812 0.035937 0.132812 0.036719 0.133789 0.038281 0.133789 0.039062 0.134766 0.040625 0.134766 0.041406 0.135742 0.048438 0.135742 0.049219 0.134766 0.050781 0.134766 0.050781 0.113281 0.049219 0.111328 0.049219 0.110352 0.046875 0.107422 0.046094 0.107422 0.043750 0.104492 0.042969 0.104492 0.041406 0.102539 0.039844 0.102539 0.039062 0.101562 0.038281 0.101562 0.037500 0.102539 0.036719 0.101562 0.035937 0.101562 0.035156 0.102539 0.034375 0.101562
1 0.599219 0.323242 0.599219 0.324219 0.598437 0.325195 0.597656 0.325195 0.596094 0.327148 0.596094 0.328125 0.594531 0.330078 0.594531 0.331055 0.593750 0.332031 0.593750 0.333008 0.592187 0.334961 0.592187 0.336914 0.591406 0.337891 0.591406 0.339844 0.590625 0.340820 0.590625 0.341797 0.589844 0.342773 0.589844 0.347656 0.590625 0.348633 0.590625 0.351562 0.591406 0.352539 0.591406 0.355469 0.592187 0.356445 0.592187 0.357422 0.592969 0.358398 0.592969 0.359375 0.593750 0.360352 0.593750 0.362305 0.594531 0.363281 0.594531 0.364258 0.596094 0.366211 0.596094 0.367188 0.606250 0.379883 0.607031 0.379883 0.607812 0.380859 0.608594 0.380859 0.609375 0.381836 0.609375 0.382812 0.634375 0.382812 0.635156 0.381836 0.635156 0.379883 0.635938 0.378906 0.635938 0.376953 0.635156 0.375977 0.635156 0.375000 0.634375 0.374023 0.634375 0.371094 0.633594 0.370117 0.633594 0.369141 0.632812 0.368164 0.632812 0.367188 0.632031 0.366211 0.632031 0.365234 0.631250 0.364258 0.631250 0.363281 0.629687 0.361328 0.628906 0.361328 0.625781 0.357422 0.625000 0.357422 0.621875 0.353516 0.621875 0.352539 0.621094 0.351562 0.621094 0.350586 0.618750 0.347656 0.618750 0.346680 0.617969 0.345703 0.617969 0.334961 0.618750 0.333984 0.618750 0.333008 0.620313 0.331055 0.621875 0.331055 0.622656 0.330078 0.623437 0.330078 0.624219 0.329102 0.624219 0.326172 0.622656 0.324219 0.621875 0.324219 0.621094 0.323242
3 0.828906 0.178711 0.828906 0.179688 0.828125 0.180664 0.828125 0.187500 0.828906 0.188477 0.828906 0.189453 0.826562 0.192383 0.826562 0.193359 0.824219 0.196289 0.823438 0.196289 0.821875 0.198242 0.820312 0.198242 0.819531 0.199219 0.818750 0.199219 0.817969 0.200195 0.817187 0.200195 0.816406 0.201172 0.814844 0.201172 0.813281 0.203125 0.809375 0.203125 0.808594 0.204102 0.805469 0.204102 0.804688 0.205078 0.801562 0.205078 0.800781 0.206055 0.800000 0.206055 0.798438 0.208008 0.797656 0.208008 0.795312 0.210938 0.795312 0.211914 0.794531 0.212891 0.794531 0.213867 0.793750 0.214844 0.793750 0.217773 0.792969 0.218750 0.792969 0.220703 0.793750 0.221680 0.793750 0.222656 0.794531 0.223633 0.794531 0.224609 0.798438 0.229492 0.799219 0.229492 0.800000 0.230469 0.800781 0.230469 0.801562 0.231445 0.802344 0.231445 0.803906 0.233398 0.804688 0.233398 0.805469 0.234375 0.806250 0.234375 0.807031 0.235352 0.827344 0.235352 0.828906 0.233398 0.829688 0.233398 0.831250 0.231445 0.832031 0.231445 0.832812 0.230469 0.833594 0.230469 0.835938 0.227539 0.836719 0.227539 0.836719 0.226562 0.839063 0.223633 0.839063 0.222656 0.839844 0.221680 0.839844 0.220703 0.840625 0.219727 0.840625 0.218750 0.841406 0.217773 0.841406 0.214844 0.842187 0.213867 0.842187 0.208008 0.842969 0.207031 0.842969 0.205078 0.843750 0.204102 0.843750 0.202148 0.844531 0.201172 0.844531 0.200195 0.845313 0.199219 0.845313 0.198242 0.846875 0.196289 0.846875 0.195312 0.848437 0.193359 0.848437 0.191406 0.849219 0.190430 0.849219 0.189453 0.848437 0.188477 0.848437 0.186523 0.846094 0.183594 0.846094 0.182617 0.843750 0.179688 0.843750 0.178711
11 0.155469 0.901367 0.154688 0.902344 0.153906 0.902344 0.153125 0.903320 0.152344 0.903320 0.151562 0.904297 0.150000 0.904297 0.149219 0.905273 0.148438 0.905273 0.146875 0.907227 0.146094 0.907227 0.145313 0.908203 0.144531 0.908203 0.139844 0.914062 0.139844 0.915039 0.139063 0.916016 0.139063 0.916992 0.138281 0.917969 0.138281 0.918945 0.137500 0.919922 0.137500 0.920898 0.136719 0.921875 0.136719 0.922852 0.135937 0.923828 0.135937 0.927734 0.136719 0.928711 0.136719 0.930664 0.137500 0.931641 0.137500 0.932617 0.138281 0.933594 0.138281 0.934570 0.139063 0.935547 0.139063 0.936523 0.139844 0.937500 0.139844 0.938477 0.140625 0.939453 0.140625 0.940430 0.142187 0.942383 0.142969 0.942383 0.143750 0.943359 0.144531 0.943359 0.145313 0.944336 0.146875 0.944336 0.147656 0.945312 0.148438 0.945312 0.149219 0.946289 0.150000 0.946289 0.150781 0.947266 0.151562 0.947266 0.152344 0.948242 0.153125 0.948242 0.154688 0.950195 0.155469 0.950195 0.156250 0.951172 0.157031 0.951172 0.157812 0.952148 0.157812 0.953125 0.158594 0.954102 0.158594 0.957031 0.159375 0.958008 0.159375 0.967773 0.160156 0.968750 0.160156 0.969727 0.160938 0.970703 0.160938 0.972656 0.164062 0.976562 0.164062 0.977539 0.164844 0.978516 0.165625 0.978516 0.167187 0.980469 0.181250 0.980469 0.182031 0.979492 0.182812 0.979492 0.183594 0.978516 0.185938 0.978516 0.186719 0.977539 0.187500 0.977539 0.188281 0.976562 0.189844 0.976562 0.191406 0.974609 0.192188 0.974609 0.198437 0.966797 0.198437 0.965820 0.199219 0.964844 0.199219 0.963867 0.200000 0.962891 0.200000 0.961914 0.200781 0.960938 0.200781 0.957031 0.201563 0.956055 0.201563 0.934570 0.200781 0.933594 0.200781 0.932617 0.200000 0.931641 0.200000 0.930664 0.199219 0.929688 0.199219 0.928711 0.198437 0.927734 0.198437 0.925781 0.197656 0.924805 0.197656 0.923828 0.196875 0.922852 0.196875 0.921875 0.196094 0.920898 0.196094 0.919922 0.194531 0.917969 0.194531 0.916992 0.191406 0.913086 0.190625 0.913086 0.189062 0.911133 0.188281 0.911133 0.186719 0.909180 0.185938 0.909180 0.184375 0.907227 0.183594 0.907227 0.182812 0.906250 0.182031 0.906250 0.180469 0.904297 0.178906 0.904297 0.176563 0.901367
11 0.487500 0.818359 0.486719 0.819336 0.485938 0.819336 0.485156 0.820312 0.482812 0.820312 0.482031 0.821289 0.481250 0.821289 0.478125 0.825195 0.477344 0.825195 0.477344 0.826172 0.476562 0.827148 0.475781 0.827148 0.475000 0.828125 0.475000 0.829102 0.472656 0.832031 0.471875 0.832031 0.471875 0.833008 0.468750 0.836914 0.467969 0.836914 0.466406 0.838867 0.466406 0.839844 0.465625 0.840820 0.465625 0.841797 0.464844 0.842773 0.464844 0.843750 0.464062 0.844727 0.464062 0.845703 0.463281 0.846680 0.463281 0.848633 0.462500 0.849609 0.462500 0.851562 0.461719 0.852539 0.461719 0.853516 0.460938 0.854492 0.460938 0.857422 0.461719 0.858398 0.460938 0.859375 0.460938 0.871094 0.461719 0.872070 0.461719 0.875977 0.463281 0.877930 0.463281 0.878906 0.464062 0.879883 0.464062 0.880859 0.464844 0.881836 0.465625 0.881836 0.466406 0.882812 0.467187 0.882812 0.468750 0.884766 0.470313 0.884766 0.471094 0.885742 0.477344 0.885742 0.478125 0.884766 0.479687 0.884766 0.480469 0.883789 0.481250 0.883789 0.482812 0.881836 0.483594 0.881836 0.483594 0.880859 0.488281 0.875000 0.489063 0.875000 0.489844 0.874023 0.491406 0.874023 0.492188 0.873047 0.496094 0.873047 0.500000 0.877930 0.500781 0.877930 0.503125 0.880859 0.503125 0.881836 0.504687 0.883789 0.504687 0.884766 0.505469 0.885742 0.506250 0.885742 0.507812 0.887695 0.507812 0.888672 0.508594 0.888672 0.509375 0.889648 0.510938 0.889648 0.511719 0.890625 0.512500 0.889648 0.517188 0.889648 0.517969 0.888672 0.518750 0.888672 0.519531 0.887695 0.520312 0.887695 0.521094 0.886719 0.521875 0.886719 0.525781 0.881836 0.525781 0.880859 0.527344 0.878906 0.527344 0.877930 0.528125 0.876953 0.528125 0.853516 0.527344 0.852539 0.527344 0.847656 0.526563 0.846680 0.526563 0.840820 0.525000 0.838867 0.525000 0.837891 0.522656 0.834961 0.522656 0.833984 0.521094 0.832031 0.520312 0.832031 0.519531 0.831055 0.519531 0.830078 0.517969 0.828125 0.517188 0.828125 0.515625 0.826172 0.514062 0.826172 0.512500 0.824219 0.512500 0.823242 0.511719 0.822266 0.510156 0.822266 0.509375 0.821289 0.508594 0.821289 0.507812 0.820312 0.507031 0.820312 0.505469 0.818359
0 0.471875 0.636719 0.471094 0.637695 0.470313 0.637695 0.467969 0.640625 0.467187 0.640625 0.461719 0.647461 0.461719 0.648438 0.460938 0.649414 0.460938 0.650391 0.457813 0.654297 0.457813 0.656250 0.457031 0.657227 0.457031 0.658203 0.456250 0.659180 0.456250 0.668945 0.460156 0.673828 0.460156 0.674805 0.474219 0.674805 0.474219 0.673828 0.475000 0.672852 0.475000 0.669922 0.475781 0.668945 0.475781 0.667969 0.479687 0.663086 0.484375 0.663086 0.485156 0.664062 0.488281 0.664062 0.489063 0.665039 0.494531 0.665039 0.495312 0.664062 0.496094 0.664062 0.498437 0.661133 0.498437 0.660156 0.500781 0.657227 0.500781 0.648438 0.498437 0.645508 0.497656 0.645508 0.496094 0.643555 0.495312 0.643555 0.492969 0.640625 0.491406 0.640625 0.490625 0.639648 0.489063 0.639648 0.488281 0.638672 0.487500 0.638672 0.486719 0.637695 0.485156 0.637695 0.484375 0.636719
5 0.421094 0.695312 0.419531 0.697266 0.418750 0.697266 0.417187 0.699219 0.416406 0.699219 0.415625 0.700195 0.414844 0.700195 0.410938 0.705078 0.410938 0.706055 0.408594 0.708984 0.408594 0.710938 0.407813 0.711914 0.407813 0.735352 0.410938 0.739258 0.411719 0.739258 0.412500 0.740234 0.413281 0.740234 0.414062 0.741211 0.416406 0.741211 0.417187 0.740234 0.420312 0.740234 0.421094 0.739258 0.421875 0.739258 0.422656 0.738281 0.422656 0.736328 0.423438 0.735352 0.423438 0.732422 0.425000 0.730469 0.425000 0.729492 0.425781 0.728516 0.425781 0.727539 0.426563 0.726562 0.426563 0.725586 0.428125 0.723633 0.429688 0.723633 0.430469 0.722656 0.439844 0.722656 0.440625 0.723633 0.441406 0.723633 0.442188 0.724609 0.442969 0.724609 0.447656 0.730469 0.448437 0.730469 0.449219 0.731445 0.453125 0.731445 0.453906 0.730469 0.454688 0.730469 0.455469 0.729492 0.456250 0.729492 0.458594 0.726562 0.458594 0.712891 0.456250 0.709961 0.456250 0.708984 0.453125 0.705078 0.452344 0.705078 0.449219 0.701172 0.448437 0.701172 0.447656 0.700195 0.446875 0.700195 0.445312 0.698242 0.443750 0.698242 0.442969 0.697266 0.442188 0.697266 0.441406 0.696289 0.439844 0.696289 0.439063 0.695312
8 0.699219 0.843750 0.698438 0.844727 0.697656 0.844727 0.696094 0.846680 0.695312 0.846680 0.693750 0.848633 0.692969 0.848633 0.692187 0.849609 0.691406 0.849609 0.685156 0.857422 0.685156 0.858398 0.684375 0.859375 0.684375 0.860352 0.682031 0.863281 0.682031 0.878906 0.682813 0.879883 0.682813 0.880859 0.683594 0.881836 0.683594 0.882812 0.684375 0.883789 0.684375 0.884766 0.689844 0.891602 0.701562 0.891602 0.703125 0.889648 0.703906 0.889648 0.704688 0.888672 0.705469 0.888672 0.705469 0.887695 0.706250 0.886719 0.706250 0.885742 0.707031 0.884766 0.707031 0.883789 0.707812 0.882812 0.707812 0.875000 0.708594 0.874023 0.708594 0.873047 0.710938 0.870117 0.711719 0.870117 0.713281 0.868164 0.714844 0.868164 0.715625 0.867188 0.716406 0.867188 0.717187 0.866211 0.720313 0.866211 0.721094 0.867188 0.721875 0.867188 0.723437 0.869141 0.723437 0.870117 0.724219 0.871094 0.724219 0.874023 0.725000 0.875000 0.725000 0.875977 0.728125 0.879883 0.734375 0.879883 0.739062 0.874023 0.739062 0.862305 0.738281 0.861328 0.738281 0.859375 0.737500 0.858398 0.737500 0.857422 0.735938 0.855469 0.735938 0.854492 0.729688 0.846680 0.728906 0.846680 0.728125 0.845703 0.727344 0.845703 0.725781 0.843750
2 0.542969 0.669922 0.541406 0.671875 0.540625 0.671875 0.539844 0.672852 0.539062 0.672852 0.536719 0.675781 0.535937 0.675781 0.532813 0.679688 0.532813 0.680664 0.531250 0.682617 0.531250 0.683594 0.529687 0.685547 0.529687 0.687500 0.528906 0.688477 0.528906 0.690430 0.527344 0.692383 0.527344 0.713867 0.531250 0.718750 0.532031 0.718750 0.532813 0.719727 0.533594 0.719727 0.535156 0.721680 0.535937 0.721680 0.542969 0.730469 0.543750 0.730469 0.545312 0.732422 0.559375 0.732422 0.559375 0.731445 0.560156 0.730469 0.560156 0.728516 0.560937 0.727539 0.560937 0.722656 0.561719 0.721680 0.561719 0.720703 0.562500 0.719727 0.562500 0.718750 0.561719 0.717773 0.561719 0.716797 0.559375 0.713867 0.559375 0.712891 0.556250 0.708984 0.556250 0.708008 0.554688 0.706055 0.553906 0.706055 0.550781 0.702148 0.550781 0.699219 0.551562 0.698242 0.551562 0.696289 0.552344 0.695312 0.552344 0.694336 0.557031 0.688477 0.557813 0.688477 0.558594 0.687500 0.559375 0.687500 0.560937 0.685547 0.560937 0.684570 0.562500 0.682617 0.562500 0.675781 0.561719 0.675781 0.560937 0.674805 0.560937 0.673828 0.559375 0.671875 0.558594 0.671875 0.557813 0.670898 0.553906 0.670898 0.553125 0.669922
10 0.118750 0.096680 0.117969 0.097656 0.115625 0.097656 0.114844 0.098633 0.114062 0.098633 0.113281 0.099609 0.112500 0.099609 0.110937 0.101562 0.110156 0.101562 0.106250 0.106445 0.105469 0.106445 0.105469 0.107422 0.101562 0.112305 0.101562 0.128906 0.102344 0.128906 0.103906 0.130859 0.105469 0.130859 0.106250 0.131836 0.108594 0.131836 0.109375 0.132812 0.110156 0.132812 0.110937 0.131836 0.114062 0.131836 0.114844 0.130859 0.116406 0.130859 0.117188 0.129883 0.121875 0.129883 0.122656 0.130859 0.123438 0.130859 0.124219 0.129883 0.125000 0.130859 0.128125 0.130859 0.128906 0.129883 0.129688 0.129883 0.130469 0.130859 0.131250 0.130859 0.132812 0.132812 0.133594 0.132812 0.135156 0.134766 0.135156 0.135742 0.135937 0.136719 0.135937 0.138672 0.136719 0.139648 0.136719 0.142578 0.137500 0.143555 0.137500 0.144531 0.138281 0.145508 0.138281 0.146484 0.140625 0.149414 0.141406 0.149414 0.142187 0.150391 0.149219 0.150391 0.150000 0.149414 0.150781 0.149414 0.151562 0.148438 0.152344 0.148438 0.153906 0.146484 0.153906 0.145508 0.156250 0.142578 0.156250 0.117188 0.155469 0.116211 0.155469 0.115234 0.154688 0.114258 0.154688 0.113281 0.153906 0.112305 0.153906 0.111328 0.146875 0.102539 0.146094 0.102539 0.145313 0.101562 0.144531 0.101562 0.142969 0.099609 0.141406 0.099609 0.139844 0.097656 0.139063 0.097656 0.138281 0.096680
2 0.219531 0.919922 0.218750 0.920898 0.216406 0.920898 0.214844 0.922852 0.213281 0.922852 0.211719 0.924805 0.210156 0.924805 0.209375 0.925781 0.208594 0.925781 0.207813 0.926758 0.207031 0.926758 0.204687 0.929688 0.203906 0.929688 0.201563 0.932617 0.201563 0.948242 0.202344 0.949219 0.203125 0.949219 0.203906 0.950195 0.213281 0.950195 0.214062 0.949219 0.216406 0.949219 0.217188 0.948242 0.217969 0.948242 0.218750 0.947266 0.219531 0.947266 0.221094 0.945312 0.221875 0.945312 0.222656 0.944336 0.223438 0.944336 0.224219 0.943359 0.226562 0.943359 0.227344 0.944336 0.228125 0.944336 0.233594 0.951172 0.233594 0.952148 0.235156 0.954102 0.235156 0.958008 0.235937 0.958984 0.235937 0.961914 0.236719 0.962891 0.236719 0.965820 0.239063 0.968750 0.239844 0.968750 0.241406 0.970703 0.246094 0.970703 0.246875 0.969727 0.249219 0.969727 0.250781 0.967773 0.251563 0.967773 0.253906 0.964844 0.253906 0.963867 0.254688 0.962891 0.254688 0.940430 0.253125 0.938477 0.253125 0.937500 0.250781 0.934570 0.250781 0.933594 0.247656 0.929688 0.247656 0.928711 0.246875 0.927734 0.246094 0.927734 0.244531 0.925781 0.243750 0.925781 0.242969 0.924805 0.242188 0.924805 0.241406 0.923828 0.240625 0.923828 0.239844 0.922852 0.239063 0.922852 0.238281 0.921875 0.236719 0.921875 0.235937 0.920898 0.234375 0.920898 0.233594 0.919922
7 0.482031 0.868164 0.482031 0.869141 0.481250 0.870117 0.481250 0.872070 0.480469 0.873047 0.480469 0.875000 0.479687 0.875977 0.479687 0.877930 0.480469 0.878906 0.480469 0.879883 0.482812 0.882812 0.484375 0.882812 0.485156 0.883789 0.489063 0.883789 0.489844 0.884766 0.493750 0.884766 0.497656 0.889648 0.497656 0.899414 0.496094 0.901367 0.496094 0.903320 0.495312 0.904297 0.495312 0.906250 0.494531 0.907227 0.494531 0.910156 0.495312 0.911133 0.495312 0.912109 0.496094 0.913086 0.512500 0.913086 0.514844 0.910156 0.514844 0.909180 0.515625 0.908203 0.515625 0.906250 0.516406 0.905273 0.516406 0.903320 0.517188 0.902344 0.517188 0.901367 0.517969 0.900391 0.517969 0.886719 0.517188 0.885742 0.517188 0.884766 0.516406 0.883789 0.516406 0.882812 0.515625 0.881836 0.515625 0.880859 0.513281 0.877930 0.513281 0.876953 0.512500 0.875977 0.512500 0.875000 0.511719 0.874023 0.510938 0.874023 0.508594 0.871094 0.507812 0.871094 0.505469 0.868164
11 0.321094 0.729492 0.318750 0.732422 0.317969 0.732422 0.317188 0.733398 0.315625 0.733398 0.314844 0.734375 0.314063 0.734375 0.313281 0.735352 0.311719 0.735352 0.310156 0.737305 0.308594 0.737305 0.301563 0.746094 0.301563 0.747070 0.300781 0.748047 0.300781 0.750000 0.300000 0.750977 0.300000 0.752930 0.299219 0.753906 0.299219 0.754883 0.298438 0.755859 0.298438 0.756836 0.297656 0.757812 0.297656 0.770508 0.298438 0.771484 0.298438 0.774414 0.299219 0.775391 0.299219 0.776367 0.300000 0.777344 0.300000 0.778320 0.302344 0.781250 0.303125 0.781250 0.304688 0.783203 0.305469 0.783203 0.306250 0.784180 0.307031 0.784180 0.307812 0.785156 0.308594 0.785156 0.309375 0.786133 0.310156 0.786133 0.310937 0.787109 0.310937 0.791992 0.310156 0.792969 0.310156 0.793945 0.309375 0.794922 0.309375 0.796875 0.308594 0.797852 0.308594 0.798828 0.307812 0.799805 0.307812 0.807617 0.308594 0.808594 0.308594 0.809570 0.309375 0.810547 0.309375 0.811523 0.310156 0.812500 0.310156 0.813477 0.310937 0.814453 0.310937 0.815430 0.312500 0.817383 0.313281 0.817383 0.315625 0.820312 0.316406 0.820312 0.317188 0.821289 0.318750 0.821289 0.319531 0.822266 0.320312 0.822266 0.321094 0.823242 0.336719 0.823242 0.337500 0.822266 0.338281 0.822266 0.339844 0.820312 0.340625 0.820312 0.342969 0.817383 0.343750 0.817383 0.350781 0.808594 0.350781 0.807617 0.352344 0.805664 0.352344 0.804688 0.353125 0.803711 0.353125 0.802734 0.353906 0.801758 0.353906 0.800781 0.354687 0.799805 0.354687 0.798828 0.355469 0.797852 0.355469 0.796875 0.356250 0.795898 0.356250 0.793945 0.357812 0.791992 0.357812 0.762695 0.357031 0.761719 0.357031 0.759766 0.356250 0.758789 0.356250 0.756836 0.355469 0.755859 0.355469 0.754883 0.354687 0.753906 0.354687 0.752930 0.353906 0.751953 0.353906 0.750977 0.346875 0.742188 0.346094 0.742188 0.344531 0.740234 0.344531 0.739258 0.339062 0.732422 0.338281 0.732422 0.337500 0.731445 0.335938 0.731445 0.334375 0.729492
1 0.739062 0.058594 0.737500 0.060547 0.736719 0.060547 0.735156 0.062500 0.735156 0.063477 0.734375 0.064453 0.734375 0.065430 0.733594 0.066406 0.733594 0.067383 0.732031 0.069336 0.732031 0.083008 0.732812 0.083984 0.732812 0.084961 0.733594 0.085938 0.733594 0.089844 0.734375 0.090820 0.734375 0.091797 0.735156 0.092773 0.735156 0.093750 0.736719 0.095703 0.736719 0.096680 0.740625 0.101562 0.741406 0.101562 0.742188 0.102539 0.742969 0.102539 0.743750 0.103516 0.760156 0.103516 0.760156 0.098633 0.757812 0.095703 0.757812 0.094727 0.757031 0.093750 0.757031 0.089844 0.759375 0.086914 0.759375 0.085938 0.760156 0.084961 0.760156 0.082031 0.760938 0.081055 0.761719 0.081055 0.761719 0.071289 0.760938 0.070312 0.760156 0.070312 0.758594 0.068359 0.758594 0.067383 0.757031 0.065430 0.757031 0.064453 0.752344 0.058594
11 0.784375 0.834961 0.782031 0.837891 0.781250 0.837891 0.778125 0.841797 0.778125 0.842773 0.777344 0.843750 0.777344 0.846680 0.776563 0.847656 0.776563 0.851562 0.775781 0.852539 0.775781 0.853516 0.776563 0.854492 0.776563 0.860352 0.778125 0.862305 0.778125 0.863281 0.778906 0.863281 0.781250 0.866211 0.782031 0.866211 0.782813 0.867188 0.782813 0.871094 0.782031 0.872070 0.782031 0.873047 0.781250 0.874023 0.781250 0.875000 0.780469 0.875977 0.780469 0.876953 0.778906 0.878906 0.778906 0.879883 0.778125 0.880859 0.778125 0.881836 0.776563 0.883789 0.776563 0.884766 0.775781 0.885742 0.775781 0.886719 0.774219 0.888672 0.774219 0.890625 0.773438 0.891602 0.773438 0.898438 0.774219 0.899414 0.774219 0.900391 0.775000 0.901367 0.775000 0.902344 0.776563 0.904297 0.776563 0.905273 0.777344 0.906250 0.777344 0.907227 0.779687 0.910156 0.780469 0.910156 0.782813 0.913086 0.800781 0.913086 0.801562 0.912109 0.803906 0.912109 0.804688 0.911133 0.805469 0.911133 0.806250 0.910156 0.807031 0.910156 0.807031 0.891602 0.806250 0.890625 0.806250 0.884766 0.805469 0.883789 0.805469 0.881836 0.804688 0.880859 0.804688 0.875977 0.803906 0.875000 0.803906 0.867188 0.803125 0.866211 0.803125 0.864258 0.802344 0.863281 0.802344 0.861328 0.801562 0.860352 0.801562 0.859375 0.800781 0.858398 0.800781 0.857422 0.800000 0.856445 0.800000 0.854492 0.800781 0.853516 0.800781 0.848633 0.801562 0.847656 0.801562 0.846680 0.805469 0.841797 0.805469 0.838867 0.804688 0.837891 0.804688 0.836914 0.803125 0.834961
3 0.542188 0.568359 0.540625 0.570312 0.539844 0.570312 0.539062 0.571289 0.538281 0.571289 0.537500 0.572266 0.536719 0.572266 0.532813 0.577148 0.532813 0.578125 0.531250 0.580078 0.531250 0.581055 0.528906 0.583984 0.528906 0.585938 0.528125 0.586914 0.528125 0.588867 0.527344 0.589844 0.527344 0.591797 0.526563 0.592773 0.526563 0.593750 0.525781 0.594727 0.525781 0.618164 0.527344 0.620117 0.527344 0.623047 0.528125 0.624023 0.528125 0.625000 0.530469 0.627930 0.530469 0.629883 0.532031 0.631836 0.532031 0.632812 0.533594 0.634766 0.533594 0.635742 0.534375 0.635742 0.536719 0.638672 0.536719 0.639648 0.556250 0.639648 0.556250 0.638672 0.557031 0.637695 0.557031 0.636719 0.557813 0.635742 0.557813 0.633789 0.558594 0.632812 0.558594 0.630859 0.559375 0.629883 0.558594 0.628906 0.558594 0.627930 0.557813 0.626953 0.557813 0.625977 0.555469 0.623047 0.554688 0.623047 0.552344 0.620117 0.552344 0.619141 0.551562 0.618164 0.551562 0.614258 0.552344 0.613281 0.552344 0.602539 0.555469 0.598633 0.556250 0.598633 0.557031 0.597656 0.559375 0.597656 0.560937 0.595703 0.561719 0.595703 0.563281 0.593750 0.564063 0.593750 0.564063 0.580078 0.563281 0.579102 0.563281 0.578125 0.562500 0.577148 0.562500 0.576172 0.561719 0.575195 0.561719 0.574219 0.560156 0.572266 0.559375 0.572266 0.558594 0.571289 0.557813 0.571289 0.556250 0.569336 0.555469 0.569336 0.554688 0.568359
11 0.398438 0.180664 0.397656 0.181641 0.396094 0.181641 0.395313 0.182617 0.394531 0.182617 0.390625 0.187500 0.390625 0.188477 0.389844 0.189453 0.389844 0.190430 0.388281 0.192383 0.388281 0.215820 0.391406 0.215820 0.392969 0.213867 0.394531 0.213867 0.395313 0.212891 0.396094 0.212891 0.396875 0.213867 0.398438 0.213867 0.400000 0.215820 0.400000 0.221680 0.400781 0.222656 0.400781 0.224609 0.401562 0.225586 0.401562 0.231445 0.402344 0.232422 0.402344 0.242188 0.401562 0.243164 0.401562 0.244141 0.400781 0.245117 0.400781 0.246094 0.400000 0.247070 0.400000 0.249023 0.399219 0.250000 0.399219 0.250977 0.395313 0.255859 0.395313 0.258789 0.396875 0.260742 0.397656 0.260742 0.398438 0.261719 0.398438 0.262695 0.417187 0.262695 0.421875 0.256836 0.421875 0.255859 0.422656 0.254883 0.422656 0.253906 0.423438 0.252930 0.423438 0.250977 0.424219 0.250000 0.424219 0.249023 0.425000 0.248047 0.425000 0.247070 0.425781 0.246094 0.425781 0.243164 0.426563 0.242188 0.426563 0.238281 0.427344 0.237305 0.427344 0.211914 0.426563 0.210938 0.426563 0.208984 0.425781 0.208008 0.425781 0.206055 0.425000 0.205078 0.425000 0.202148 0.424219 0.201172 0.424219 0.200195 0.423438 0.199219 0.423438 0.198242 0.420312 0.194336 0.420312 0.193359 0.417969 0.190430 0.417969 0.189453 0.413281 0.183594 0.411719 0.183594 0.410938 0.182617 0.410156 0.182617 0.409375 0.181641 0.407813 0.181641 0.407031 0.180664 0.400781 0.180664 0.400000 0.181641 0.399219 0.180664
4 0.742969 0.925781 0.742188 0.926758 0.739844 0.926758 0.739062 0.927734 0.736719 0.927734 0.735938 0.928711 0.733594 0.928711 0.732812 0.929688 0.731250 0.929688 0.729688 0.931641 0.729688 0.949219 0.730469 0.949219 0.731250 0.950195 0.732031 0.950195 0.732812 0.951172 0.734375 0.951172 0.735156 0.952148 0.736719 0.952148 0.737500 0.953125 0.739062 0.953125 0.739844 0.954102 0.742969 0.954102 0.743750 0.955078 0.746094 0.955078 0.746875 0.956055 0.749219 0.956055 0.751563 0.958984 0.752344 0.958984 0.753906 0.960938 0.753906 0.961914 0.754687 0.962891 0.754687 0.965820 0.753125 0.967773 0.753125 0.968750 0.752344 0.969727 0.752344 0.970703 0.751563 0.971680 0.750781 0.971680 0.750781 0.972656 0.749219 0.974609 0.749219 0.982422 0.750000 0.983398 0.750000 0.985352 0.753125 0.989258 0.755469 0.989258 0.756250 0.990234 0.759375 0.990234 0.760156 0.991211 0.760938 0.991211 0.761719 0.990234 0.762500 0.990234 0.764062 0.988281 0.764844 0.988281 0.768750 0.983398 0.768750 0.982422 0.770312 0.980469 0.770312 0.979492 0.771094 0.978516 0.771094 0.976562 0.772656 0.974609 0.772656 0.948242 0.771875 0.947266 0.771875 0.946289 0.771094 0.945312 0.771094 0.944336 0.769531 0.942383 0.769531 0.941406 0.767969 0.939453 0.767969 0.938477 0.767188 0.937500 0.766406 0.937500 0.762500 0.932617 0.761719 0.932617 0.760156 0.930664 0.759375 0.930664 0.758594 0.929688 0.757812 0.929688 0.757031 0.928711 0.755469 0.928711 0.754687 0.927734 0.752344 0.927734 0.751563 0.926758 0.746875 0.926758 0.746094 0.925781 0.745313 0.926758 0.743750 0.926758
11 0.700781 0.618164 0.700000 0.619141 0.697656 0.619141 0.696875 0.620117 0.693750 0.620117 0.692969 0.621094 0.691406 0.621094 0.690625 0.622070 0.689063 0.622070 0.688281 0.623047 0.687500 0.623047 0.686719 0.624023 0.685937 0.624023 0.681250 0.629883 0.681250 0.630859 0.680469 0.631836 0.680469 0.632812 0.678125 0.635742 0.678125 0.636719 0.677344 0.637695 0.677344 0.638672 0.675781 0.640625 0.675781 0.641602 0.675000 0.642578 0.675000 0.659180 0.675781 0.660156 0.675781 0.661133 0.676562 0.662109 0.676562 0.664062 0.677344 0.665039 0.677344 0.666016 0.679688 0.668945 0.679688 0.669922 0.683594 0.674805 0.684375 0.674805 0.685156 0.675781 0.686719 0.675781 0.687500 0.676758 0.691406 0.676758 0.693750 0.673828 0.694531 0.673828 0.696875 0.670898 0.697656 0.670898 0.698438 0.669922 0.700000 0.669922 0.700781 0.670898 0.701562 0.670898 0.703125 0.672852 0.703125 0.682617 0.703906 0.683594 0.703906 0.684570 0.704688 0.685547 0.704688 0.686523 0.705469 0.687500 0.705469 0.688477 0.707031 0.690430 0.707812 0.690430 0.709375 0.692383 0.710156 0.692383 0.711719 0.694336 0.712500 0.694336 0.713281 0.695312 0.714844 0.695312 0.716406 0.697266 0.732812 0.697266 0.733594 0.696289 0.734375 0.696289 0.735156 0.695312 0.735938 0.695312 0.736719 0.694336 0.737500 0.694336 0.738281 0.693359 0.739844 0.693359 0.741406 0.691406 0.742188 0.691406 0.743750 0.689453 0.743750 0.688477 0.744531 0.687500 0.744531 0.686523 0.745313 0.685547 0.745313 0.683594 0.746875 0.681641 0.746875 0.680664 0.747656 0.679688 0.747656 0.678711 0.748437 0.677734 0.748437 0.676758 0.749219 0.675781 0.749219 0.674805 0.750000 0.673828 0.750000 0.672852 0.751563 0.670898 0.751563 0.668945 0.750781 0.667969 0.750781 0.660156 0.751563 0.659180 0.751563 0.643555 0.750000 0.641602 0.750000 0.640625 0.748437 0.638672 0.748437 0.637695 0.747656 0.636719 0.747656 0.635742 0.741406 0.627930 0.740625 0.627930 0.738281 0.625000 0.737500 0.625000 0.736719 0.624023 0.735938 0.624023 0.735156 0.623047 0.733594 0.623047 0.732812 0.622070 0.732031 0.622070 0.731250 0.621094 0.730469 0.621094 0.729688 0.620117 0.728906 0.620117 0.727344 0.618164
7 0.431250 0.282227 0.429688 0.284180 0.429688 0.285156 0.428125 0.287109 0.428125 0.288086 0.427344 0.289062 0.427344 0.296875 0.432031 0.302734 0.432812 0.302734 0.437500 0.308594 0.438281 0.308594 0.439844 0.310547 0.439844 0.311523 0.440625 0.312500 0.440625 0.314453 0.441406 0.315430 0.441406 0.321289 0.440625 0.322266 0.440625 0.323242 0.439063 0.325195 0.439063 0.326172 0.437500 0.328125 0.437500 0.329102 0.436719 0.330078 0.435937 0.330078 0.435156 0.331055 0.435156 0.333008 0.435937 0.333984 0.435937 0.337891 0.438281 0.340820 0.438281 0.341797 0.439844 0.343750 0.439844 0.344727 0.440625 0.345703 0.440625 0.346680 0.441406 0.346680 0.442188 0.347656 0.442188 0.348633 0.463281 0.348633 0.465625 0.345703 0.465625 0.344727 0.467187 0.342773 0.467187 0.341797 0.467969 0.340820 0.467969 0.339844 0.469531 0.337891 0.469531 0.335938 0.470313 0.334961 0.470313 0.333008 0.471094 0.332031 0.471094 0.329102 0.471875 0.328125 0.471875 0.323242 0.472656 0.322266 0.471875 0.321289 0.471875 0.320312 0.472656 0.319336 0.472656 0.312500 0.471875 0.311523 0.471875 0.308594 0.471094 0.307617 0.471094 0.306641 0.470313 0.305664 0.470313 0.304688 0.469531 0.303711 0.469531 0.301758 0.468750 0.300781 0.468750 0.299805 0.466406 0.296875 0.466406 0.295898 0.465625 0.294922 0.465625 0.293945 0.463281 0.291016 0.463281 0.290039 0.460938 0.287109 0.460938 0.286133 0.460156 0.286133 0.458594 0.284180 0.457813 0.284180 0.457031 0.283203 0.457031 0.282227
7 0.615625 0.405273 0.615625 0.406250 0.614844 0.407227 0.614844 0.408203 0.614062 0.409180 0.614062 0.412109 0.614844 0.413086 0.614844 0.414062 0.615625 0.415039 0.615625 0.416016 0.617188 0.417969 0.617188 0.421875 0.617969 0.422852 0.617969 0.423828 0.618750 0.424805 0.618750 0.425781 0.619531 0.426758 0.619531 0.427734 0.620313 0.428711 0.620313 0.431641 0.621094 0.432617 0.621094 0.437500 0.618750 0.440430 0.614844 0.440430 0.614062 0.439453 0.611719 0.439453 0.610938 0.440430 0.609375 0.440430 0.608594 0.441406 0.607812 0.441406 0.607031 0.442383 0.606250 0.442383 0.605469 0.443359 0.605469 0.452148 0.607812 0.455078 0.607812 0.456055 0.611719 0.460938 0.612500 0.460938 0.613281 0.461914 0.614062 0.461914 0.614844 0.462891 0.615625 0.462891 0.616406 0.463867 0.628906 0.463867 0.630469 0.461914 0.631250 0.461914 0.632031 0.460938 0.632812 0.460938 0.633594 0.459961 0.634375 0.459961 0.636719 0.457031 0.636719 0.456055 0.639062 0.453125 0.639062 0.452148 0.639844 0.451172 0.639844 0.450195 0.640625 0.449219 0.640625 0.424805 0.639844 0.423828 0.639844 0.422852 0.639062 0.421875 0.639062 0.420898 0.638281 0.419922 0.638281 0.418945 0.637500 0.417969 0.637500 0.416992 0.636719 0.416016 0.636719 0.415039 0.630469 0.407227 0.629687 0.407227 0.628906 0.406250 0.628125 0.406250 0.627344 0.405273
2 0.353125 0.840820 0.349219 0.845703 0.349219 0.857422 0.350000 0.858398 0.350000 0.859375 0.350781 0.860352 0.350781 0.861328 0.351562 0.862305 0.351562 0.865234 0.352344 0.866211 0.352344 0.869141 0.351562 0.870117 0.351562 0.874023 0.350781 0.875000 0.350781 0.875977 0.350000 0.876953 0.350000 0.877930 0.346875 0.881836 0.345313 0.881836 0.344531 0.882812 0.342969 0.882812 0.342187 0.883789 0.339062 0.883789 0.338281 0.882812 0.334375 0.882812 0.333594 0.881836 0.332813 0.881836 0.332031 0.880859 0.331250 0.880859 0.330469 0.879883 0.329688 0.879883 0.328125 0.877930 0.328125 0.876953 0.327344 0.875977 0.325781 0.875977 0.325000 0.876953 0.324219 0.876953 0.324219 0.877930 0.322656 0.879883 0.322656 0.903320 0.323437 0.904297 0.323437 0.905273 0.324219 0.906250 0.324219 0.908203 0.325000 0.909180 0.325000 0.910156 0.328906 0.915039 0.329688 0.915039 0.331250 0.916992 0.332813 0.916992 0.333594 0.917969 0.334375 0.917969 0.335156 0.918945 0.347656 0.918945 0.349219 0.916992 0.350781 0.916992 0.351562 0.916016 0.352344 0.916016 0.353125 0.915039 0.354687 0.915039 0.355469 0.914062 0.356250 0.914062 0.357812 0.912109 0.358594 0.912109 0.359375 0.911133 0.360156 0.911133 0.364844 0.905273 0.365625 0.905273 0.365625 0.904297 0.367969 0.901367 0.367969 0.900391 0.368750 0.899414 0.368750 0.898438 0.369531 0.897461 0.369531 0.896484 0.371094 0.894531 0.371094 0.893555 0.371875 0.892578 0.371875 0.891602 0.372656 0.890625 0.372656 0.888672 0.373437 0.887695 0.373437 0.886719 0.374219 0.885742 0.374219 0.858398 0.372656 0.856445 0.372656 0.855469 0.371875 0.854492 0.371875 0.853516 0.371094 0.852539 0.371094 0.851562 0.367969 0.847656 0.367969 0.846680 0.367188 0.845703 0.366406 0.845703 0.364844 0.843750 0.364063 0.843750 0.363281 0.842773 0.362500 0.842773 0.360938 0.840820
2 0.217188 0.460938 0.217188 0.461914 0.216406 0.462891 0.215625 0.462891 0.214844 0.463867 0.214062 0.463867 0.212500 0.465820 0.212500 0.466797 0.210938 0.468750 0.210938 0.469727 0.210156 0.470703 0.210156 0.475586 0.210938 0.476562 0.210938 0.478516 0.212500 0.480469 0.212500 0.481445 0.213281 0.482422 0.213281 0.483398 0.214844 0.485352 0.214844 0.486328 0.215625 0.487305 0.215625 0.488281 0.216406 0.489258 0.216406 0.492188 0.217969 0.494141 0.217969 0.497070 0.217188 0.498047 0.217188 0.499023 0.216406 0.500000 0.216406 0.502930 0.213281 0.506836 0.212500 0.506836 0.209375 0.510742 0.209375 0.512695 0.208594 0.513672 0.208594 0.517578 0.209375 0.518555 0.209375 0.521484 0.211719 0.524414 0.231250 0.524414 0.232031 0.523438 0.232813 0.523438 0.235156 0.520508 0.235937 0.520508 0.239063 0.516602 0.239844 0.516602 0.239844 0.515625 0.241406 0.513672 0.241406 0.511719 0.242188 0.510742 0.242188 0.509766 0.243750 0.507812 0.243750 0.506836 0.244531 0.505859 0.244531 0.482422 0.243750 0.481445 0.243750 0.478516 0.242188 0.476562 0.242188 0.474609 0.241406 0.473633 0.241406 0.472656 0.234375 0.463867 0.233594 0.463867 0.232031 0.461914 0.231250 0.461914 0.230469 0.460938
5 0.324219 0.433594 0.323437 0.434570 0.322656 0.434570 0.321094 0.436523 0.319531 0.436523 0.317969 0.438477 0.317188 0.438477 0.315625 0.440430 0.314844 0.440430 0.312500 0.443359 0.312500 0.444336 0.311719 0.445312 0.311719 0.446289 0.310156 0.448242 0.310156 0.449219 0.309375 0.450195 0.309375 0.459961 0.310156 0.460938 0.310156 0.461914 0.313281 0.465820 0.314063 0.465820 0.314844 0.466797 0.321094 0.466797 0.321875 0.467773 0.323437 0.467773 0.324219 0.466797 0.326562 0.466797 0.327344 0.465820 0.328125 0.465820 0.328906 0.464844 0.330469 0.464844 0.331250 0.463867 0.332031 0.463867 0.332813 0.462891 0.335156 0.462891 0.335938 0.463867 0.336719 0.463867 0.339062 0.466797 0.339062 0.467773 0.340625 0.469727 0.340625 0.470703 0.341406 0.471680 0.341406 0.472656 0.342187 0.473633 0.342187 0.482422 0.342969 0.483398 0.342969 0.486328 0.343750 0.487305 0.343750 0.488281 0.344531 0.489258 0.358594 0.489258 0.359375 0.488281 0.360156 0.488281 0.362500 0.485352 0.363281 0.485352 0.364063 0.484375 0.364063 0.483398 0.365625 0.481445 0.365625 0.459961 0.364844 0.458984 0.364844 0.458008 0.364063 0.457031 0.364063 0.455078 0.363281 0.454102 0.363281 0.452148 0.361719 0.450195 0.361719 0.449219 0.360938 0.448242 0.360938 0.447266 0.357812 0.443359 0.357031 0.443359 0.353125 0.438477 0.352344 0.438477 0.351562 0.437500 0.350781 0.437500 0.350000 0.436523 0.349219 0.436523 0.348438 0.435547 0.346875 0.435547 0.345313 0.433594
1 0.356250 0.159180 0.354687 0.161133 0.353906 0.161133 0.350781 0.165039 0.350781 0.166016 0.350000 0.166992 0.350000 0.167969 0.348438 0.169922 0.348438 0.170898 0.346094 0.173828 0.346094 0.174805 0.344531 0.176758 0.344531 0.177734 0.342969 0.179688 0.342187 0.179688 0.341406 0.180664 0.340625 0.180664 0.339844 0.181641 0.337500 0.181641 0.336719 0.182617 0.331250 0.182617 0.327344 0.177734 0.326562 0.177734 0.325781 0.176758 0.325000 0.176758 0.324219 0.175781 0.319531 0.175781 0.318750 0.176758 0.316406 0.176758 0.315625 0.177734 0.314063 0.177734 0.313281 0.178711 0.311719 0.178711 0.310156 0.180664 0.310156 0.181641 0.309375 0.182617 0.309375 0.200195 0.310937 0.202148 0.310937 0.203125 0.311719 0.204102 0.311719 0.205078 0.313281 0.207031 0.313281 0.208008 0.317188 0.212891 0.317188 0.213867 0.319531 0.216797 0.320312 0.216797 0.321875 0.218750 0.322656 0.218750 0.323437 0.219727 0.324219 0.219727 0.325000 0.220703 0.325781 0.220703 0.326562 0.221680 0.328125 0.221680 0.329688 0.223633 0.345313 0.223633 0.346094 0.222656 0.347656 0.222656 0.348438 0.221680 0.349219 0.221680 0.350781 0.219727 0.351562 0.219727 0.352344 0.218750 0.353906 0.218750 0.355469 0.216797 0.357031 0.216797 0.357812 0.215820 0.357812 0.214844 0.358594 0.213867 0.359375 0.213867 0.363281 0.208984 0.364063 0.208984 0.364063 0.208008 0.365625 0.206055 0.365625 0.205078 0.366406 0.204102 0.366406 0.203125 0.367969 0.201172 0.367969 0.200195 0.369531 0.198242 0.369531 0.165039 0.366406 0.161133 0.365625 0.161133 0.364844 0.160156 0.364063 0.160156 0.363281 0.159180
7 0.068750 0.173828 0.067187 0.175781 0.067187 0.176758 0.064844 0.179688 0.064844 0.180664 0.064062 0.181641 0.064062 0.182617 0.063281 0.183594 0.063281 0.184570 0.062500 0.185547 0.062500 0.187500 0.061719 0.188477 0.061719 0.189453 0.060937 0.190430 0.060937 0.192383 0.060156 0.193359 0.060156 0.196289 0.059375 0.197266 0.059375 0.224609 0.060156 0.224609 0.060937 0.225586 0.060937 0.226562 0.062500 0.228516 0.062500 0.229492 0.063281 0.230469 0.064062 0.230469 0.065625 0.232422 0.071094 0.232422 0.073438 0.229492 0.074219 0.229492 0.075000 0.228516 0.075000 0.227539 0.076563 0.225586 0.076563 0.224609 0.077344 0.223633 0.077344 0.222656 0.078125 0.221680 0.078125 0.220703 0.078906 0.219727 0.078906 0.218750 0.079687 0.217773 0.080469 0.217773 0.086719 0.209961 0.086719 0.208984 0.088281 0.207031 0.088281 0.206055 0.089063 0.205078 0.089063 0.204102 0.090625 0.202148 0.090625 0.180664 0.089844 0.180664 0.089063 0.179688 0.089063 0.178711 0.088281 0.177734 0.087500 0.177734 0.085938 0.175781 0.085156 0.175781 0.083594 0.173828
12 0.857812 0.867188 0.857031 0.868164 0.855469 0.868164 0.852344 0.872070 0.852344 0.873047 0.851562 0.874023 0.851562 0.875000 0.850781 0.875977 0.850781 0.876953 0.850000 0.877930 0.850000 0.880859 0.849219 0.881836 0.849219 0.885742 0.848437 0.886719 0.848437 0.890625 0.847656 0.891602 0.847656 0.893555 0.846094 0.895508 0.846094 0.897461 0.844531 0.899414 0.842969 0.899414 0.842187 0.900391 0.840625 0.900391 0.839844 0.901367 0.839063 0.901367 0.838281 0.902344 0.833594 0.902344 0.832812 0.901367 0.829688 0.901367 0.828906 0.900391 0.825000 0.900391 0.824219 0.901367 0.823438 0.901367 0.821094 0.904297 0.821094 0.930664 0.823438 0.933594 0.823438 0.934570 0.824219 0.934570 0.825781 0.936523 0.827344 0.936523 0.828906 0.938477 0.832031 0.938477 0.832812 0.939453 0.833594 0.938477 0.841406 0.938477 0.842187 0.937500 0.846875 0.937500 0.847656 0.936523 0.849219 0.936523 0.850000 0.935547 0.850781 0.935547 0.851562 0.934570 0.852344 0.934570 0.853906 0.932617 0.854688 0.932617 0.855469 0.931641 0.856250 0.931641 0.859375 0.927734 0.860156 0.927734 0.862500 0.924805 0.862500 0.923828 0.865625 0.919922 0.865625 0.918945 0.867188 0.916992 0.867188 0.915039 0.868750 0.913086 0.868750 0.911133 0.869531 0.910156 0.869531 0.876953 0.867188 0.874023 0.867188 0.873047 0.864062 0.869141 0.863281 0.869141 0.861719 0.867188
1 0.660156 0.620117 0.659375 0.621094 0.659375 0.622070 0.657031 0.625000 0.657031 0.625977 0.653125 0.630859 0.653125 0.631836 0.650000 0.635742 0.650000 0.636719 0.649219 0.637695 0.649219 0.638672 0.646875 0.641602 0.646875 0.642578 0.646094 0.643555 0.646094 0.654297 0.645312 0.655273 0.646094 0.656250 0.645312 0.657227 0.645312 0.663086 0.647656 0.666016 0.651563 0.666016 0.653125 0.667969 0.653125 0.671875 0.663281 0.671875 0.669531 0.664062 0.669531 0.663086 0.673438 0.658203 0.673438 0.657227 0.674219 0.656250 0.674219 0.655273 0.675000 0.654297 0.675000 0.653320 0.675781 0.652344 0.675781 0.649414 0.676562 0.648438 0.676562 0.647461 0.677344 0.646484 0.677344 0.639648 0.678125 0.638672 0.678125 0.633789 0.677344 0.632812 0.677344 0.630859 0.676562 0.629883 0.676562 0.627930 0.675000 0.625977 0.675000 0.625000 0.673438 0.623047 0.673438 0.622070 0.671875 0.620117
2 0.933594 0.671875 0.933594 0.672852 0.932813 0.673828 0.932813 0.678711 0.932031 0.679688 0.932031 0.680664 0.933594 0.682617 0.933594 0.683594 0.935156 0.685547 0.935156 0.687500 0.940625 0.694336 0.940625 0.695312 0.942969 0.698242 0.942969 0.699219 0.943750 0.700195 0.943750 0.709961 0.939844 0.714844 0.939063 0.714844 0.938281 0.715820 0.937500 0.715820 0.933594 0.720703 0.933594 0.721680 0.932813 0.722656 0.932813 0.724609 0.933594 0.725586 0.933594 0.728516 0.932813 0.729492 0.932813 0.733398 0.933594 0.734375 0.933594 0.737305 0.935156 0.739258 0.935937 0.739258 0.937500 0.741211 0.944531 0.741211 0.945312 0.740234 0.946094 0.740234 0.946875 0.739258 0.950000 0.739258 0.950781 0.738281 0.953125 0.738281 0.953906 0.737305 0.954688 0.737305 0.956250 0.735352 0.957031 0.735352 0.959375 0.732422 0.959375 0.731445 0.960156 0.730469 0.960156 0.729492 0.963281 0.725586 0.963281 0.724609 0.964844 0.722656 0.964844 0.721680 0.966406 0.719727 0.966406 0.695312 0.964063 0.692383 0.964063 0.691406 0.963281 0.690430 0.963281 0.689453 0.962500 0.688477 0.962500 0.687500 0.961719 0.686523 0.961719 0.685547 0.960938 0.684570 0.960938 0.682617 0.960156 0.681641 0.960156 0.680664 0.957031 0.676758 0.956250 0.676758 0.953125 0.672852 0.953125 0.671875
7 0.786719 0.214844 0.785937 0.215820 0.784375 0.215820 0.783594 0.216797 0.782813 0.216797 0.782031 0.217773 0.778125 0.217773 0.777344 0.216797 0.776563 0.216797 0.775781 0.215820 0.767188 0.215820 0.766406 0.216797 0.760938 0.216797 0.760156 0.217773 0.757812 0.217773 0.756250 0.219727 0.755469 0.219727 0.753125 0.222656 0.753125 0.245117 0.753906 0.246094 0.753906 0.247070 0.757812 0.251953 0.758594 0.251953 0.760156 0.253906 0.765625 0.253906 0.766406 0.252930 0.767188 0.252930 0.767969 0.253906 0.785156 0.253906 0.785937 0.252930 0.787500 0.252930 0.788281 0.251953 0.789062 0.251953 0.789844 0.250977 0.790625 0.250977 0.792188 0.249023 0.792969 0.249023 0.795312 0.246094 0.796094 0.246094 0.800000 0.241211 0.800000 0.240234 0.800781 0.239258 0.800781 0.226562 0.800000 0.225586 0.800000 0.224609 0.796875 0.220703 0.796094 0.220703 0.792188 0.215820 0.791406 0.215820 0.790625 0.214844
11 0.436719 0.376953 0.435156 0.378906 0.432812 0.378906 0.432031 0.379883 0.431250 0.379883 0.430469 0.380859 0.429688 0.380859 0.427344 0.383789 0.426563 0.383789 0.423438 0.387695 0.422656 0.387695 0.421094 0.389648 0.420312 0.389648 0.418750 0.391602 0.417969 0.391602 0.417187 0.392578 0.417187 0.401367 0.417969 0.401367 0.418750 0.402344 0.419531 0.402344 0.420312 0.403320 0.421094 0.403320 0.421875 0.402344 0.422656 0.403320 0.436719 0.403320 0.437500 0.404297 0.439844 0.404297 0.440625 0.405273 0.441406 0.405273 0.442188 0.406250 0.442969 0.406250 0.443750 0.407227 0.449219 0.407227 0.450000 0.406250 0.451562 0.406250 0.452344 0.405273 0.460938 0.405273 0.461719 0.406250 0.464844 0.406250 0.465625 0.407227 0.467187 0.407227 0.467969 0.408203 0.468750 0.408203 0.469531 0.409180 0.469531 0.412109 0.468750 0.413086 0.468750 0.415039 0.467969 0.416016 0.467969 0.419922 0.469531 0.421875 0.471875 0.421875 0.472656 0.422852 0.473438 0.421875 0.478125 0.421875 0.478906 0.420898 0.478906 0.398438 0.478125 0.397461 0.478125 0.396484 0.477344 0.395508 0.477344 0.394531 0.475000 0.391602 0.475000 0.390625 0.474219 0.389648 0.473438 0.389648 0.472656 0.388672 0.471875 0.388672 0.471094 0.387695 0.470313 0.387695 0.469531 0.386719 0.467969 0.386719 0.467187 0.385742 0.464844 0.385742 0.464062 0.384766 0.463281 0.384766 0.462500 0.383789 0.461719 0.383789 0.460938 0.382812 0.459375 0.382812 0.458594 0.381836 0.456250 0.381836 0.455469 0.380859 0.452344 0.380859 0.451562 0.379883 0.448437 0.379883 0.447656 0.378906 0.446094 0.378906 0.444531 0.376953
7 0.186719 0.664062 0.186719 0.665039 0.185938 0.666016 0.185938 0.668945 0.185156 0.669922 0.185156 0.670898 0.184375 0.671875 0.184375 0.674805 0.183594 0.675781 0.184375 0.676758 0.184375 0.678711 0.183594 0.679688 0.183594 0.680664 0.181250 0.683594 0.178906 0.683594 0.178125 0.682617 0.177344 0.682617 0.174219 0.678711 0.173437 0.678711 0.172656 0.677734 0.168750 0.677734 0.167969 0.676758 0.167187 0.676758 0.166406 0.677734 0.165625 0.677734 0.164844 0.678711 0.163281 0.678711 0.160938 0.681641 0.160938 0.694336 0.164062 0.698242 0.164844 0.698242 0.166406 0.700195 0.167187 0.700195 0.168750 0.702148 0.171094 0.702148 0.171875 0.703125 0.172656 0.703125 0.173437 0.704102 0.175781 0.704102 0.176563 0.705078 0.177344 0.705078 0.178906 0.707031 0.190625 0.707031 0.191406 0.706055 0.192188 0.706055 0.192969 0.705078 0.196094 0.705078 0.197656 0.703125 0.198437 0.703125 0.206250 0.693359 0.206250 0.692383 0.207031 0.691406 0.207031 0.689453 0.207813 0.688477 0.207813 0.686523 0.208594 0.685547 0.208594 0.683594 0.209375 0.682617 0.209375 0.675781 0.208594 0.674805 0.208594 0.670898 0.207813 0.669922 0.207813 0.667969 0.207031 0.666992 0.207031 0.665039 0.206250 0.664062
5 0.204687 0.783203 0.204687 0.784180 0.203125 0.786133 0.203125 0.788086 0.203906 0.789062 0.203906 0.790039 0.203125 0.791016 0.203125 0.795898 0.202344 0.796875 0.202344 0.798828 0.201563 0.799805 0.201563 0.800781 0.200781 0.801758 0.200781 0.806641 0.201563 0.807617 0.201563 0.808594 0.203906 0.811523 0.203906 0.812500 0.205469 0.814453 0.205469 0.816406 0.206250 0.817383 0.206250 0.818359 0.207031 0.819336 0.207031 0.820312 0.207813 0.821289 0.207813 0.825195 0.208594 0.826172 0.207813 0.827148 0.207813 0.829102 0.207031 0.830078 0.207031 0.831055 0.206250 0.832031 0.206250 0.833008 0.204687 0.834961 0.203906 0.834961 0.202344 0.836914 0.201563 0.836914 0.199219 0.839844 0.198437 0.839844 0.198437 0.840820 0.196875 0.842773 0.196875 0.843750 0.196094 0.844727 0.196094 0.850586 0.197656 0.852539 0.197656 0.854492 0.199219 0.856445 0.216406 0.856445 0.217188 0.855469 0.217969 0.855469 0.218750 0.854492 0.219531 0.854492 0.226562 0.845703 0.226562 0.844727 0.227344 0.843750 0.227344 0.842773 0.228125 0.841797 0.228125 0.840820 0.228906 0.839844 0.228906 0.837891 0.229687 0.836914 0.229687 0.833984 0.230469 0.833008 0.230469 0.832031 0.231250 0.831055 0.231250 0.810547 0.230469 0.809570 0.230469 0.808594 0.229687 0.807617 0.229687 0.806641 0.228906 0.805664 0.228906 0.803711 0.227344 0.801758 0.227344 0.800781 0.225781 0.798828 0.225781 0.797852 0.225000 0.796875 0.225000 0.795898 0.224219 0.794922 0.224219 0.793945 0.220312 0.789062 0.219531 0.789062 0.217188 0.786133 0.216406 0.786133 0.215625 0.785156 0.214844 0.785156 0.213281 0.783203
1 0.292969 0.030273 0.292187 0.031250 0.292187 0.032227 0.289062 0.036133 0.289062 0.037109 0.288281 0.038086 0.288281 0.039062 0.287500 0.040039 0.287500 0.041016 0.285938 0.042969 0.285938 0.043945 0.283594 0.046875 0.282813 0.046875 0.281250 0.048828 0.280469 0.048828 0.279687 0.049805 0.278906 0.049805 0.278125 0.050781 0.275000 0.050781 0.274219 0.049805 0.273438 0.049805 0.271875 0.047852 0.271094 0.047852 0.270313 0.046875 0.269531 0.046875 0.267969 0.044922 0.265625 0.044922 0.264844 0.045898 0.264062 0.045898 0.261719 0.048828 0.261719 0.049805 0.260937 0.050781 0.260937 0.051758 0.260156 0.052734 0.260156 0.053711 0.257031 0.057617 0.257031 0.073242 0.259375 0.076172 0.259375 0.077148 0.260156 0.077148 0.263281 0.081055 0.264062 0.081055 0.266406 0.083984 0.267188 0.083984 0.267969 0.084961 0.268750 0.084961 0.269531 0.085938 0.271094 0.085938 0.271875 0.086914 0.272656 0.086914 0.274219 0.088867 0.290625 0.088867 0.292187 0.086914 0.292969 0.086914 0.294531 0.084961 0.296094 0.084961 0.296875 0.083984 0.297656 0.083984 0.305469 0.074219 0.305469 0.073242 0.306250 0.072266 0.306250 0.071289 0.308594 0.068359 0.308594 0.067383 0.310937 0.064453 0.310937 0.058594 0.311719 0.057617 0.311719 0.056641 0.312500 0.055664 0.312500 0.051758 0.313281 0.050781 0.313281 0.040039 0.312500 0.039062 0.312500 0.038086 0.311719 0.037109 0.311719 0.035156 0.310937 0.034180 0.310937 0.033203 0.309375 0.031250 0.309375 0.030273
10 0.934375 0.563477 0.933594 0.564453 0.932813 0.564453 0.932031 0.565430 0.931250 0.565430 0.930469 0.566406 0.929688 0.566406 0.928906 0.567383 0.928125 0.567383 0.927344 0.568359 0.927344 0.569336 0.925000 0.572266 0.925000 0.584961 0.925781 0.584961 0.926562 0.585938 0.928125 0.585938 0.928906 0.586914 0.931250 0.586914 0.932031 0.587891 0.934375 0.587891 0.935156 0.588867 0.935937 0.588867 0.936719 0.589844 0.938281 0.589844 0.939844 0.591797 0.940625 0.591797 0.941406 0.592773 0.942187 0.592773 0.946875 0.598633 0.946875 0.603516 0.946094 0.604492 0.946094 0.610352 0.945312 0.611328 0.945312 0.614258 0.946094 0.615234 0.946094 0.616211 0.946875 0.617188 0.946875 0.618164 0.949219 0.621094 0.949219 0.622070 0.950000 0.623047 0.959375 0.623047 0.960938 0.621094 0.961719 0.621094 0.962500 0.620117 0.963281 0.620117 0.966406 0.616211 0.966406 0.615234 0.967187 0.614258 0.967187 0.613281 0.968750 0.611328 0.968750 0.610352 0.969531 0.609375 0.969531 0.608398 0.971094 0.606445 0.971094 0.583984 0.969531 0.582031 0.969531 0.581055 0.968750 0.580078 0.968750 0.579102 0.967187 0.577148 0.967187 0.576172 0.966406 0.575195 0.966406 0.574219 0.961719 0.568359 0.960938 0.568359 0.960156 0.567383 0.959375 0.567383 0.958594 0.566406 0.957812 0.566406 0.957031 0.565430 0.956250 0.565430 0.955469 0.564453 0.954688 0.564453 0.953906 0.563477
1 0.563281 0.806641 0.563281 0.807617 0.561719 0.809570 0.561719 0.812500 0.560937 0.813477 0.560937 0.818359 0.561719 0.819336 0.561719 0.820312 0.564844 0.824219 0.564844 0.825195 0.567187 0.828125 0.567969 0.828125 0.571875 0.833008 0.571875 0.834961 0.572656 0.835938 0.572656 0.846680 0.571875 0.847656 0.571875 0.848633 0.570312 0.850586 0.569531 0.850586 0.568750 0.851562 0.567187 0.851562 0.566406 0.852539 0.566406 0.857422 0.569531 0.861328 0.569531 0.862305 0.571094 0.864258 0.571875 0.864258 0.573438 0.866211 0.575781 0.866211 0.576562 0.867188 0.576562 0.868164 0.594531 0.868164 0.596094 0.866211 0.596875 0.866211 0.597656 0.865234 0.597656 0.864258 0.598437 0.863281 0.599219 0.863281 0.600000 0.862305 0.600000 0.861328 0.600781 0.860352 0.600781 0.859375 0.602344 0.857422 0.602344 0.854492 0.603906 0.852539 0.603906 0.838867 0.603125 0.837891 0.603125 0.834961 0.602344 0.833984 0.602344 0.832031 0.601562 0.831055 0.601562 0.829102 0.600781 0.828125 0.600781 0.827148 0.599219 0.825195 0.599219 0.824219 0.597656 0.822266 0.597656 0.821289 0.596875 0.820312 0.596875 0.819336 0.595313 0.817383 0.595313 0.816406 0.593750 0.814453 0.593750 0.813477 0.592969 0.812500 0.592187 0.812500 0.589844 0.809570 0.589063 0.809570 0.588281 0.808594 0.587500 0.808594 0.585938 0.806641
2 0.032813 0.754883 0.031250 0.756836 0.030469 0.756836 0.029687 0.757812 0.028906 0.757812 0.027344 0.759766 0.026562 0.759766 0.025781 0.760742 0.025000 0.760742 0.021875 0.764648 0.021094 0.764648 0.019531 0.766602 0.019531 0.767578 0.017969 0.769531 0.017969 0.770508 0.017188 0.771484 0.017188 0.773438 0.015625 0.775391 0.015625 0.801758 0.019531 0.806641 0.019531 0.807617 0.021094 0.809570 0.021875 0.809570 0.024219 0.812500 0.036719 0.812500 0.037500 0.811523 0.038281 0.811523 0.039844 0.809570 0.039844 0.808594 0.040625 0.807617 0.040625 0.803711 0.041406 0.802734 0.041406 0.798828 0.042188 0.797852 0.042188 0.792969 0.042969 0.791992 0.042969 0.790039 0.043750 0.789062 0.043750 0.786133 0.045312 0.784180 0.048438 0.784180 0.049219 0.783203 0.056250 0.783203 0.057031 0.782227 0.065625 0.782227 0.066406 0.781250 0.067187 0.781250 0.067969 0.780273 0.067969 0.768555 0.065625 0.765625 0.064844 0.765625 0.062500 0.762695 0.062500 0.761719 0.061719 0.760742 0.060156 0.760742 0.059375 0.759766 0.058594 0.759766 0.057813 0.758789 0.057031 0.758789 0.055469 0.756836 0.053125 0.756836 0.052344 0.755859 0.051562 0.755859 0.050781 0.754883
11 0.650000 0.465820 0.649219 0.466797 0.649219 0.467773 0.647656 0.469727 0.647656 0.470703 0.646094 0.472656 0.646094 0.473633 0.645312 0.474609 0.644531 0.474609 0.643750 0.475586 0.643750 0.476562 0.642969 0.477539 0.642969 0.478516 0.640625 0.481445 0.637500 0.481445 0.636719 0.482422 0.633594 0.482422 0.632812 0.483398 0.629687 0.483398 0.628906 0.484375 0.625781 0.484375 0.625000 0.485352 0.622656 0.485352 0.621875 0.486328 0.619531 0.486328 0.618750 0.487305 0.617969 0.487305 0.615625 0.490234 0.614844 0.490234 0.614062 0.491211 0.614062 0.492188 0.612500 0.494141 0.612500 0.495117 0.610938 0.497070 0.610938 0.498047 0.610156 0.499023 0.610156 0.500977 0.609375 0.501953 0.609375 0.502930 0.608594 0.503906 0.608594 0.519531 0.610156 0.521484 0.610156 0.522461 0.610938 0.523438 0.610938 0.526367 0.611719 0.527344 0.611719 0.528320 0.613281 0.530273 0.613281 0.531250 0.615625 0.534180 0.615625 0.535156 0.616406 0.536133 0.616406 0.537109 0.617188 0.538086 0.617188 0.539062 0.617969 0.540039 0.617969 0.541016 0.618750 0.541992 0.618750 0.542969 0.619531 0.543945 0.619531 0.544922 0.651563 0.544922 0.654687 0.541016 0.655469 0.541016 0.656250 0.540039 0.657031 0.540039 0.660156 0.536133 0.660937 0.536133 0.661719 0.535156 0.662500 0.535156 0.664062 0.533203 0.664062 0.532227 0.665625 0.530273 0.665625 0.529297 0.668750 0.525391 0.668750 0.524414 0.669531 0.523438 0.670312 0.523438 0.671094 0.522461 0.671094 0.521484 0.674219 0.517578 0.674219 0.516602 0.675781 0.514648 0.675781 0.513672 0.676562 0.512695 0.676562 0.511719 0.678125 0.509766 0.678125 0.508789 0.678906 0.507812 0.678906 0.504883 0.679688 0.503906 0.679688 0.499023 0.680469 0.498047 0.679688 0.497070 0.679688 0.496094 0.680469 0.495117 0.680469 0.493164 0.679688 0.492188 0.679688 0.490234 0.680469 0.489258 0.679688 0.488281 0.679688 0.484375 0.678906 0.483398 0.678906 0.479492 0.678125 0.478516 0.678125 0.477539 0.677344 0.476562 0.677344 0.475586 0.676562 0.474609 0.676562 0.473633 0.675781 0.472656 0.675781 0.471680 0.675000 0.470703 0.675000 0.469727 0.674219 0.469727 0.673438 0.468750 0.673438 0.467773 0.672656 0.466797 0.672656 0.465820
7 0.244531 0.297852 0.243750 0.298828 0.242969 0.298828 0.241406 0.300781 0.241406 0.301758 0.240625 0.302734 0.240625 0.303711 0.239063 0.305664 0.239063 0.307617 0.238281 0.308594 0.238281 0.310547 0.237500 0.311523 0.237500 0.313477 0.235156 0.316406 0.232031 0.316406 0.231250 0.315430 0.229687 0.315430 0.228125 0.313477 0.227344 0.313477 0.226562 0.312500 0.225781 0.312500 0.225000 0.311523 0.224219 0.311523 0.223438 0.310547 0.222656 0.310547 0.221875 0.309570 0.221094 0.309570 0.220312 0.308594 0.219531 0.308594 0.218750 0.307617 0.213281 0.307617 0.212500 0.308594 0.211719 0.308594 0.209375 0.311523 0.209375 0.327148 0.210156 0.327148 0.211719 0.329102 0.211719 0.330078 0.214844 0.333984 0.214844 0.334961 0.217969 0.338867 0.219531 0.338867 0.221094 0.340820 0.221875 0.340820 0.222656 0.341797 0.223438 0.341797 0.224219 0.342773 0.242969 0.342773 0.244531 0.340820 0.245312 0.340820 0.246094 0.339844 0.246875 0.339844 0.247656 0.338867 0.248438 0.338867 0.250000 0.336914 0.250000 0.335938 0.251563 0.333984 0.251563 0.333008 0.252344 0.332031 0.252344 0.331055 0.253906 0.329102 0.253906 0.327148 0.254688 0.326172 0.254688 0.301758 0.253906 0.300781 0.252344 0.300781 0.251563 0.299805 0.250000 0.299805 0.249219 0.298828 0.247656 0.298828 0.246875 0.297852
1 0.921875 0.617188 0.921094 0.618164 0.918750 0.618164 0.917969 0.619141 0.917188 0.619141 0.914062 0.623047 0.914062 0.624023 0.913281 0.625000 0.913281 0.625977 0.911719 0.627930 0.911719 0.628906 0.910156 0.630859 0.910156 0.632812 0.909375 0.633789 0.909375 0.635742 0.908594 0.636719 0.908594 0.642578 0.907813 0.643555 0.908594 0.644531 0.907813 0.645508 0.907813 0.647461 0.907031 0.648438 0.903125 0.648438 0.902344 0.647461 0.900781 0.647461 0.900000 0.646484 0.898438 0.646484 0.897656 0.645508 0.896094 0.645508 0.895312 0.644531 0.892969 0.644531 0.892188 0.645508 0.891406 0.645508 0.888281 0.649414 0.888281 0.672852 0.889062 0.672852 0.891406 0.675781 0.892188 0.675781 0.893750 0.677734 0.894531 0.677734 0.895312 0.678711 0.896875 0.678711 0.897656 0.679688 0.899219 0.679688 0.900000 0.680664 0.901563 0.680664 0.902344 0.681641 0.912500 0.681641 0.913281 0.680664 0.914844 0.680664 0.915625 0.679688 0.917969 0.679688 0.918750 0.678711 0.919531 0.678711 0.920312 0.677734 0.921094 0.677734 0.923438 0.674805 0.924219 0.674805 0.928125 0.669922 0.928125 0.668945 0.931250 0.665039 0.931250 0.664062 0.932031 0.663086 0.932031 0.662109 0.932813 0.661133 0.932813 0.659180 0.933594 0.658203 0.933594 0.624023 0.930469 0.620117 0.929688 0.620117 0.928125 0.618164 0.927344 0.618164 0.926562 0.617188
7 0.410938 0.291016 0.410156 0.291992 0.409375 0.291992 0.405469 0.296875 0.405469 0.297852 0.404687 0.298828 0.404687 0.299805 0.403125 0.301758 0.403125 0.302734 0.402344 0.303711 0.402344 0.305664 0.401562 0.306641 0.401562 0.308594 0.400781 0.309570 0.400781 0.310547 0.400000 0.311523 0.400000 0.329102 0.401562 0.331055 0.401562 0.332031 0.403125 0.333984 0.403125 0.334961 0.403906 0.335938 0.403906 0.336914 0.407813 0.341797 0.408594 0.341797 0.410156 0.343750 0.410938 0.343750 0.412500 0.345703 0.413281 0.345703 0.414062 0.346680 0.416406 0.346680 0.417187 0.347656 0.425000 0.347656 0.425781 0.346680 0.428125 0.346680 0.428906 0.345703 0.430469 0.345703 0.432031 0.343750 0.432812 0.343750 0.432812 0.324219 0.428906 0.324219 0.428125 0.323242 0.427344 0.323242 0.426563 0.322266 0.425781 0.322266 0.425000 0.321289 0.425000 0.320312 0.424219 0.319336 0.424219 0.318359 0.423438 0.317383 0.423438 0.316406 0.422656 0.315430 0.422656 0.314453 0.421875 0.313477 0.421875 0.306641 0.422656 0.305664 0.422656 0.302734 0.423438 0.301758 0.423438 0.297852 0.422656 0.296875 0.422656 0.293945 0.421875 0.292969 0.421875 0.291992 0.421094 0.291016
3 0.336719 0.391602 0.335938 0.392578 0.333594 0.392578 0.332813 0.393555 0.332031 0.393555 0.331250 0.394531 0.330469 0.394531 0.329688 0.395508 0.328906 0.395508 0.328125 0.396484 0.327344 0.396484 0.326562 0.397461 0.325781 0.397461 0.323437 0.400391 0.322656 0.400391 0.316406 0.408203 0.316406 0.409180 0.314844 0.411133 0.314844 0.412109 0.314063 0.413086 0.314063 0.440430 0.314844 0.441406 0.314844 0.442383 0.315625 0.443359 0.315625 0.444336 0.322656 0.453125 0.323437 0.453125 0.324219 0.454102 0.325000 0.454102 0.325781 0.455078 0.332031 0.455078 0.332813 0.454102 0.333594 0.454102 0.339844 0.446289 0.339844 0.444336 0.340625 0.443359 0.340625 0.424805 0.343750 0.420898 0.343750 0.419922 0.344531 0.418945 0.346094 0.418945 0.346875 0.417969 0.353906 0.417969 0.353906 0.394531 0.352344 0.394531 0.351562 0.393555 0.350000 0.393555 0.349219 0.392578 0.347656 0.392578 0.346875 0.391602
5 0.060156 0.369141 0.059375 0.370117 0.057813 0.370117 0.056250 0.372070 0.054688 0.372070 0.053906 0.373047 0.053125 0.373047 0.052344 0.374023 0.051562 0.374023 0.049219 0.376953 0.049219 0.377930 0.046875 0.380859 0.046094 0.380859 0.044531 0.382812 0.044531 0.383789 0.043750 0.384766 0.043750 0.386719 0.042969 0.387695 0.042969 0.388672 0.042188 0.389648 0.042188 0.390625 0.041406 0.391602 0.041406 0.392578 0.040625 0.393555 0.040625 0.413086 0.041406 0.414062 0.041406 0.416992 0.042188 0.417969 0.042188 0.419922 0.043750 0.421875 0.043750 0.422852 0.045312 0.424805 0.045312 0.426758 0.046875 0.428711 0.046875 0.429688 0.062500 0.429688 0.062500 0.428711 0.063281 0.427734 0.063281 0.426758 0.065625 0.423828 0.065625 0.422852 0.067187 0.420898 0.067187 0.419922 0.067969 0.418945 0.067969 0.417969 0.067187 0.416992 0.067187 0.412109 0.066406 0.411133 0.066406 0.409180 0.067187 0.408203 0.067187 0.407227 0.066406 0.406250 0.066406 0.403320 0.067187 0.402344 0.067187 0.401367 0.066406 0.400391 0.066406 0.398438 0.067187 0.397461 0.067187 0.396484 0.070312 0.392578 0.071094 0.392578 0.071875 0.391602 0.072656 0.391602 0.073438 0.390625 0.074219 0.390625 0.075000 0.389648 0.077344 0.389648 0.078125 0.388672 0.082031 0.388672 0.082812 0.387695 0.085938 0.387695 0.089844 0.382812 0.089844 0.377930 0.089063 0.376953 0.089063 0.375977 0.087500 0.374023 0.087500 0.373047 0.085938 0.371094 0.083594 0.371094 0.082812 0.370117 0.082031 0.370117 0.081250 0.369141
11 0.421094 0.505859 0.420312 0.506836 0.419531 0.506836 0.418750 0.507812 0.417187 0.507812 0.416406 0.508789 0.414844 0.508789 0.414062 0.509766 0.412500 0.509766 0.411719 0.510742 0.410938 0.510742 0.410156 0.511719 0.409375 0.511719 0.407813 0.513672 0.407031 0.513672 0.405469 0.515625 0.404687 0.515625 0.398438 0.523438 0.398438 0.531250 0.399219 0.531250 0.400000 0.530273 0.401562 0.530273 0.402344 0.531250 0.402344 0.533203 0.400781 0.535156 0.400781 0.536133 0.400000 0.537109 0.400000 0.539062 0.399219 0.540039 0.399219 0.541016 0.398438 0.541992 0.398438 0.548828 0.400000 0.550781 0.400000 0.555664 0.400781 0.556641 0.400781 0.558594 0.401562 0.559570 0.401562 0.560547 0.400781 0.561523 0.401562 0.562500 0.401562 0.563477 0.403906 0.566406 0.404687 0.566406 0.405469 0.567383 0.407813 0.567383 0.408594 0.568359 0.409375 0.567383 0.410938 0.567383 0.411719 0.566406 0.413281 0.566406 0.416406 0.562500 0.421094 0.562500 0.423438 0.565430 0.423438 0.566406 0.425000 0.568359 0.425781 0.568359 0.426563 0.569336 0.427344 0.569336 0.428125 0.570312 0.428906 0.570312 0.429688 0.571289 0.430469 0.571289 0.431250 0.572266 0.432031 0.572266 0.432812 0.573242 0.433594 0.573242 0.434375 0.574219 0.447656 0.574219 0.448437 0.573242 0.449219 0.573242 0.450781 0.571289 0.451562 0.571289 0.461719 0.558594 0.461719 0.530273 0.460938 0.529297 0.460938 0.528320 0.460156 0.527344 0.460156 0.526367 0.458594 0.524414 0.458594 0.522461 0.457813 0.521484 0.457813 0.519531 0.457031 0.518555 0.457031 0.517578 0.453906 0.513672 0.453125 0.513672 0.451562 0.511719 0.450781 0.511719 0.450000 0.510742 0.449219 0.510742 0.447656 0.508789 0.446875 0.508789 0.446094 0.507812 0.445312 0.507812 0.443750 0.505859
5 0.839063 0.230469 0.838281 0.231445 0.837500 0.231445 0.835938 0.233398 0.834375 0.233398 0.833594 0.234375 0.832812 0.234375 0.830469 0.237305 0.829688 0.237305 0.825000 0.243164 0.824219 0.243164 0.824219 0.244141 0.821875 0.247070 0.821875 0.248047 0.821094 0.249023 0.821094 0.250000 0.820312 0.250977 0.820312 0.251953 0.819531 0.252930 0.819531 0.253906 0.818750 0.254883 0.818750 0.276367 0.819531 0.277344 0.819531 0.278320 0.820312 0.279297 0.820312 0.280273 0.821094 0.281250 0.821094 0.282227 0.821875 0.283203 0.821875 0.284180 0.822656 0.285156 0.822656 0.286133 0.824219 0.288086 0.824219 0.289062 0.825000 0.290039 0.825000 0.291016 0.826562 0.292969 0.826562 0.293945 0.829688 0.297852 0.830469 0.297852 0.831250 0.298828 0.846875 0.298828 0.848437 0.296875 0.849219 0.296875 0.849219 0.295898 0.851562 0.292969 0.851562 0.291016 0.852344 0.290039 0.852344 0.283203 0.851562 0.282227 0.851562 0.281250 0.850781 0.280273 0.850781 0.279297 0.850000 0.278320 0.850000 0.277344 0.848437 0.275391 0.847656 0.275391 0.845313 0.272461 0.844531 0.272461 0.842187 0.269531 0.842187 0.268555 0.841406 0.267578 0.841406 0.265625 0.840625 0.264648 0.840625 0.262695 0.841406 0.261719 0.841406 0.260742 0.844531 0.256836 0.845313 0.256836 0.846094 0.255859 0.847656 0.255859 0.848437 0.254883 0.853125 0.254883 0.853906 0.253906 0.856250 0.253906 0.857031 0.252930 0.857812 0.252930 0.858594 0.251953 0.859375 0.251953 0.862500 0.248047 0.863281 0.248047 0.863281 0.237305 0.857812 0.230469
0 0.264844 0.761719 0.264062 0.762695 0.263281 0.762695 0.262500 0.763672 0.262500 0.764648 0.260156 0.767578 0.260156 0.768555 0.259375 0.769531 0.259375 0.770508 0.258594 0.771484 0.258594 0.772461 0.255469 0.776367 0.254688 0.776367 0.253906 0.777344 0.253125 0.777344 0.252344 0.778320 0.251563 0.778320 0.250781 0.777344 0.248438 0.777344 0.247656 0.776367 0.247656 0.775391 0.246875 0.774414 0.246875 0.772461 0.246094 0.771484 0.246094 0.770508 0.244531 0.768555 0.244531 0.767578 0.242969 0.765625 0.242188 0.765625 0.241406 0.764648 0.240625 0.764648 0.239844 0.763672 0.239063 0.763672 0.238281 0.762695 0.234375 0.762695 0.233594 0.763672 0.232813 0.763672 0.231250 0.765625 0.231250 0.766602 0.230469 0.767578 0.230469 0.768555 0.229687 0.769531 0.229687 0.770508 0.228906 0.771484 0.228906 0.789062 0.229687 0.790039 0.229687 0.791016 0.230469 0.791992 0.230469 0.792969 0.236719 0.800781 0.237500 0.800781 0.238281 0.801758 0.239063 0.801758 0.239844 0.802734 0.240625 0.802734 0.242188 0.804688 0.261719 0.804688 0.262500 0.803711 0.264062 0.803711 0.264844 0.802734 0.266406 0.802734 0.276562 0.790039 0.276562 0.789062 0.278125 0.787109 0.278125 0.786133 0.278906 0.785156 0.278906 0.784180 0.280469 0.782227 0.280469 0.770508 0.278125 0.767578 0.278125 0.766602 0.275000 0.762695 0.273438 0.762695 0.272656 0.761719
0 0.689063 0.291992 0.686719 0.294922 0.685937 0.294922 0.684375 0.296875 0.683594 0.296875 0.680469 0.300781 0.680469 0.301758 0.679688 0.302734 0.679688 0.304688 0.678906 0.305664 0.678906 0.307617 0.678125 0.308594 0.678125 0.311523 0.677344 0.312500 0.677344 0.329102 0.678125 0.330078 0.678125 0.333984 0.678906 0.334961 0.678906 0.339844 0.679688 0.340820 0.679688 0.341797 0.680469 0.342773 0.680469 0.344727 0.681250 0.345703 0.681250 0.347656 0.682031 0.348633 0.682031 0.349609 0.683594 0.351562 0.683594 0.352539 0.684375 0.353516 0.685156 0.353516 0.689063 0.358398 0.706250 0.358398 0.707031 0.357422 0.707812 0.357422 0.709375 0.355469 0.709375 0.354492 0.710156 0.353516 0.710156 0.350586 0.710938 0.349609 0.710938 0.340820 0.709375 0.338867 0.708594 0.338867 0.703906 0.333008 0.703125 0.333008 0.700781 0.330078 0.700781 0.328125 0.700000 0.327148 0.700781 0.326172 0.700000 0.325195 0.700000 0.324219 0.700781 0.323242 0.700781 0.317383 0.701562 0.316406 0.701562 0.315430 0.707031 0.308594 0.707812 0.308594 0.709375 0.306641 0.710156 0.306641 0.712500 0.303711 0.712500 0.297852 0.710938 0.295898 0.710938 0.294922 0.708594 0.291992
