5 0.000000 0.370644 0.000000 0.374300 0.000000 0.375234 0.000000 0.376453 0.000000 0.377386 0.000000 0.378605 0.000000 0.379539 0.000000 0.380758 0.000000 0.384495 0.000000 0.385714 0.000000 0.399727 0.000000 0.400377 0.000000 0.401311 0.000000 0.402562 0.000000 0.403459 0.000000 0.403954 0.000000 0.406647 0.000000 0.407141 0.000000 0.408038 0.000000 0.408532 0.000000 0.409431 0.000000 0.410419 0.000000 0.411316 0.000000 0.413292 0.000000 0.414190 0.000000 0.413785 0.000000 0.415761 0.000000 0.415357 0.001758 0.416345 0.002476 0.415941 0.003518 0.416435 0.004954 0.415628 0.005996 0.416122 0.006714 0.415718 0.007755 0.416212 0.027147 0.405306 0.027542 0.404005 0.028261 0.403600 0.028656 0.402298 0.029374 0.401894 0.029768 0.400592 0.029445 0.399695 0.030235 0.397091 0.030953 0.396688 0.031742 0.394084 0.032461 0.393680 0.032138 0.392782 0.032927 0.390179 0.032604 0.389280 0.033394 0.386677 0.030807 0.379494 0.024557 0.376530 0.023839 0.376934 0.022798 0.376441 0.020643 0.377652 0.020249 0.378954 0.018812 0.379762 0.018417 0.381064 0.017699 0.381467 0.017304 0.382770 0.015868 0.383578 0.015473 0.384879 0.014754 0.385283 0.013713 0.384790 0.009404 0.387213 0.007320 0.386224 0.005884 0.387032 0.003801 0.386044 0.003083 0.386448 0.002041 0.385955 0.001718 0.385056 0.000000 0.383574 0.000000 0.381779 0.000000 0.381285 0.000000 0.377693 0.000000 0.377200 0.000000 0.375404 0.000000 0.374102 0.000000 0.373205 0.000000 0.372711 0.000000 0.367324 0.000000 0.366829 0.000000 0.365932 0.000000 0.365438 0.000000 0.363642
0 0.668130 0.089094 0.667735 0.090397 0.668382 0.092192 0.667987 0.093493 0.670251 0.099778 0.671292 0.100273 0.672909 0.104762 0.673950 0.105256 0.674274 0.106154 0.675316 0.106647 0.675639 0.107545 0.676681 0.108040 0.677004 0.108937 0.678045 0.109432 0.678368 0.110329 0.681493 0.111811 0.681817 0.112709 0.683900 0.113697 0.684618 0.113293 0.687742 0.114774 0.688461 0.114370 0.690544 0.115358 0.691263 0.114954 0.692304 0.115448 0.693022 0.115045 0.694064 0.115539 0.710583 0.106249 0.710977 0.104947 0.712414 0.104139 0.712809 0.102837 0.713527 0.102433 0.716686 0.092019 0.711513 0.077653 0.709430 0.076665 0.708711 0.077070 0.707670 0.076575 0.704079 0.078595 0.703684 0.079897 0.702247 0.080705 0.701852 0.082006 0.701134 0.082410 0.700344 0.085013 0.699626 0.085417 0.699232 0.086719 0.698514 0.087123 0.698118 0.088426 0.693091 0.091253 0.689966 0.089771 0.689248 0.090174 0.687165 0.089187 0.686841 0.088289 0.685800 0.087795 0.684830 0.085101 0.683788 0.084607 0.683465 0.083710 0.680340 0.082228
11 0.578490 0.363005 0.578095 0.364306 0.577376 0.364710 0.576587 0.367314 0.575869 0.367717 0.575474 0.369019 0.574755 0.369424 0.574360 0.370725 0.572923 0.371533 0.572529 0.372835 0.571093 0.373643 0.570698 0.374945 0.569262 0.375753 0.568867 0.377054 0.566712 0.378266 0.565671 0.377772 0.564952 0.378176 0.563910 0.377682 0.561756 0.378893 0.560714 0.378399 0.558559 0.379611 0.557375 0.383516 0.557699 0.384415 0.557304 0.385716 0.559244 0.391104 0.560285 0.391597 0.560932 0.393393 0.561973 0.393887 0.562943 0.396581 0.563985 0.397075 0.564308 0.397973 0.566392 0.398960 0.566715 0.399858 0.567756 0.400352 0.568079 0.401250 0.569121 0.401744 0.569444 0.402642 0.570486 0.403135 0.570810 0.404034 0.576018 0.406504 0.576341 0.407401 0.582590 0.410365 0.583309 0.409961 0.585391 0.410949 0.586109 0.410545 0.587151 0.411039 0.605107 0.400941 0.605896 0.398337 0.606614 0.397934 0.607404 0.395330 0.607081 0.394432 0.608660 0.389225 0.608337 0.388327 0.608732 0.387025 0.605175 0.377149 0.604134 0.376655 0.603811 0.375757 0.602769 0.375263 0.602446 0.374365 0.601404 0.373872 0.600757 0.372076 0.599715 0.371581 0.599392 0.370684 0.598351 0.370190 0.597704 0.368394 0.595621 0.367407 0.595297 0.366508 0.594256 0.366015 0.593609 0.364219 0.592568 0.363725 0.592245 0.362827 0.585995 0.359863 0.585277 0.360267 0.584235 0.359774
5 0.509823 0.913399 0.509427 0.914701 0.507991 0.915509 0.507596 0.916810 0.506877 0.917214 0.514961 0.939661 0.517834 0.938045 0.518876 0.938539 0.522467 0.936519 0.522862 0.935217 0.523581 0.934813 0.524622 0.935307 0.525340 0.934904 0.527423 0.935892 0.528069 0.937687 0.529112 0.938181 0.530405 0.941772 0.531446 0.942267 0.532093 0.944063 0.533134 0.944556 0.533781 0.946352 0.534822 0.946846 0.536116 0.950437 0.537158 0.950931 0.539745 0.958114 0.540786 0.958608 0.541433 0.960404 0.542474 0.960898 0.542797 0.961796 0.545922 0.963278 0.550232 0.960854 0.550627 0.959552 0.551345 0.959148 0.551739 0.957847 0.552458 0.957443 0.554037 0.952235 0.553714 0.951338 0.554504 0.948734 0.543833 0.919105 0.542792 0.918611 0.542469 0.917713 0.540385 0.916725 0.540062 0.915827 0.539021 0.915333 0.538697 0.914435 0.534531 0.912460 0.534207 0.911561 0.533166 0.911068 0.532448 0.911472 0.531406 0.910978 0.531083 0.910080 0.530365 0.910484 0.529323 0.909990 0.528605 0.910393 0.526522 0.909406 0.525804 0.909810 0.524761 0.909316 0.524043 0.909720 0.523002 0.909226 0.522284 0.909630 0.521242 0.909136 0.519088 0.910347 0.518046 0.909854 0.515892 0.911066 0.514850 0.910571
7 0.569459 0.239600 0.567485 0.246108 0.566767 0.246512 0.567090 0.247410 0.566300 0.250013 0.566623 0.250911 0.566228 0.252213 0.566875 0.254008 0.566481 0.255310 0.566804 0.256209 0.566408 0.257510 0.566732 0.258408 0.566337 0.259710 0.566984 0.261505 0.566589 0.262807 0.567236 0.264603 0.566841 0.265905 0.567164 0.266802 0.566770 0.268104 0.569356 0.275287 0.570398 0.275781 0.571368 0.278475 0.572409 0.278969 0.573379 0.281662 0.576504 0.283143 0.576827 0.284042 0.594065 0.274348 0.594854 0.271744 0.594531 0.270846 0.594926 0.269545 0.594602 0.268647 0.594998 0.267345 0.594674 0.266447 0.595069 0.265146 0.594422 0.263349 0.594817 0.262048 0.593524 0.258457 0.593918 0.257155 0.592948 0.254461 0.593344 0.253159 0.592374 0.250466 0.592768 0.249164 0.592445 0.248266 0.593235 0.245662 0.592912 0.244764 0.593307 0.243463 0.592983 0.242565 0.593378 0.241264 0.593055 0.240365 0.592013 0.239871 0.591043 0.237178 0.590002 0.236684 0.589355 0.234888 0.588313 0.234395 0.587595 0.234799 0.586554 0.234304 0.585835 0.234709 0.584793 0.234214 0.584075 0.234618 0.583034 0.234124 0.581597 0.234932 0.579515 0.233944
2 0.390125 0.940766 0.389731 0.942068 0.389013 0.942471 0.388618 0.943773 0.387181 0.944582 0.385207 0.951090 0.392320 0.970843 0.393038 0.970439 0.394080 0.970933 0.394403 0.971831 0.402735 0.975782 0.403453 0.975378 0.405537 0.976366 0.406255 0.975962 0.407296 0.976456 0.409451 0.975245 0.410493 0.975739 0.411212 0.975335 0.413294 0.976323 0.414013 0.975918 0.416096 0.976906 0.416814 0.976503 0.417856 0.976996 0.418574 0.976592 0.419615 0.977086 0.431825 0.970220 0.432220 0.968917 0.432938 0.968514 0.434123 0.964609 0.434841 0.964205 0.435236 0.962903 0.435954 0.962499 0.436744 0.959895 0.436421 0.958997 0.438395 0.952489 0.437749 0.950694 0.438143 0.949392 0.437820 0.948493 0.438215 0.947192 0.433042 0.932826 0.433831 0.930223 0.433185 0.928427 0.432143 0.927933 0.430850 0.924341 0.429808 0.923847 0.429485 0.922950 0.427402 0.921962 0.426684 0.922366 0.425641 0.921872 0.423487 0.923083 0.423092 0.924386 0.420938 0.925597 0.420542 0.926899 0.419824 0.927303 0.417850 0.933812 0.419467 0.938301 0.419072 0.939602 0.420042 0.942296 0.419648 0.943598 0.417493 0.944810 0.416450 0.944316 0.415732 0.944720 0.413650 0.943732 0.410777 0.945347 0.409735 0.944853 0.408298 0.945661 0.406216 0.944673 0.404779 0.945481 0.399571 0.943011 0.399248 0.942114 0.398206 0.941620 0.397883 0.940723 0.396841 0.940228 0.396518 0.939331 0.395476 0.938836 0.394758 0.939240 0.393716 0.938746
3 0.765840 0.000674 0.765445 0.001975 0.764009 0.002783 0.763219 0.005386 0.761782 0.006194 0.761388 0.007496 0.760670 0.007900 0.759880 0.010504 0.759162 0.010907 0.757977 0.014813 0.757259 0.015217 0.756864 0.016518 0.757187 0.017416 0.754818 0.025227 0.755141 0.026125 0.754352 0.028728 0.754675 0.029626 0.753885 0.032230 0.754208 0.033128 0.753814 0.034430 0.754460 0.036225 0.754066 0.037527 0.758269 0.049199 0.759310 0.049693 0.760280 0.052386 0.762363 0.053374 0.763010 0.055170 0.764052 0.055664 0.764375 0.056561 0.767500 0.058043 0.767824 0.058942 0.787215 0.048036 0.786568 0.046241 0.787358 0.043636 0.786388 0.040943 0.786783 0.039641 0.785813 0.036947 0.786208 0.035646 0.785238 0.032952 0.785632 0.031651 0.785309 0.030753 0.786099 0.028149 0.785776 0.027251 0.786565 0.024648 0.788002 0.023840 0.788397 0.022538 0.795579 0.018499 0.796621 0.018993 0.797339 0.018589 0.798380 0.019083 0.799099 0.018679 0.800140 0.019173 0.800858 0.018769 0.802942 0.019757 0.804378 0.018950 0.805420 0.019443 0.806138 0.019039 0.807180 0.019533 0.807574 0.018231 0.810447 0.016616 0.810843 0.015314 0.811561 0.014910 0.813140 0.009702 0.812817 0.008805 0.813606 0.006202 0.810049 0.000000 0.809008 0.000000 0.808361 0.000000 0.805236 0.000000 0.804913 0.000000 0.798664 0.000000 0.797945 0.000000 0.795862 0.000000 0.795144 0.000000 0.793061 0.000000 0.791625 0.000000 0.789541 0.000000
2 0.710961 0.246397 0.710170 0.249001 0.709452 0.249404 0.708267 0.253309 0.708914 0.255106 0.708520 0.256407 0.711106 0.263590 0.712148 0.264084 0.712794 0.265879 0.714877 0.266868 0.715200 0.267766 0.716243 0.268260 0.716961 0.267856 0.718002 0.268349 0.718721 0.267945 0.719762 0.268440 0.721198 0.267632 0.722240 0.268125 0.725831 0.266106 0.726873 0.266600 0.727591 0.266196 0.731757 0.268172 0.732080 0.269070 0.733121 0.269564 0.734092 0.272257 0.735134 0.272750 0.737721 0.279934 0.737325 0.281236 0.739265 0.286623 0.738870 0.287925 0.739517 0.289721 0.739122 0.291022 0.739769 0.292818 0.739374 0.294120 0.740021 0.295915 0.739627 0.297217 0.740596 0.299910 0.740201 0.301213 0.740848 0.303008 0.740453 0.304309 0.740776 0.305208 0.741818 0.305702 0.741423 0.307003 0.745627 0.318676 0.746668 0.319170 0.746991 0.320068 0.748033 0.320561 0.748357 0.321459 0.764875 0.312169 0.767245 0.304358 0.766922 0.303461 0.768106 0.299555 0.767783 0.298658 0.768178 0.297356 0.767854 0.296457 0.768249 0.295156 0.767926 0.294258 0.768715 0.291655 0.768068 0.289859 0.768858 0.287255 0.767242 0.282766 0.767637 0.281465 0.766990 0.279668 0.767385 0.278367 0.766739 0.276571 0.767528 0.273968 0.757504 0.246134 0.755422 0.245146 0.754775 0.243350 0.753733 0.242856 0.753409 0.241959 0.751327 0.240971 0.751003 0.240073 0.745796 0.237603 0.745473 0.236705 0.744754 0.237110 0.738505 0.234145 0.737786 0.234549 0.736744 0.234056 0.736026 0.234460 0.733944 0.233472
5 0.143073 0.645665 0.142677 0.646968 0.141959 0.647372 0.141169 0.649975 0.139733 0.650783 0.138944 0.653386 0.138225 0.653791 0.138548 0.654689 0.138153 0.655990 0.137435 0.656394 0.133881 0.668110 0.134204 0.669008 0.133415 0.671611 0.133738 0.672510 0.133344 0.673811 0.133990 0.675606 0.133595 0.676909 0.133918 0.677806 0.133523 0.679108 0.135787 0.685393 0.136828 0.685887 0.137798 0.688581 0.139882 0.689568 0.151373 0.683106 0.151768 0.681805 0.153205 0.680996 0.153994 0.678393 0.154713 0.677989 0.155108 0.676687 0.155826 0.676283 0.156615 0.673680 0.157334 0.673276 0.157728 0.671974 0.158446 0.671570 0.159237 0.668966 0.161392 0.667754 0.161786 0.666453 0.163940 0.665242 0.164982 0.665735 0.166418 0.664927 0.169543 0.666409 0.170261 0.666005 0.171304 0.666498 0.172022 0.666095 0.174104 0.667084 0.179132 0.664256 0.179527 0.662954 0.180964 0.662146 0.182148 0.658240 0.175359 0.639386 0.169109 0.636422 0.168391 0.636826 0.166307 0.635838 0.165589 0.636242 0.163505 0.635255 0.162787 0.635658 0.161746 0.635164
4 0.710445 0.424836 0.711092 0.426633 0.710697 0.427934 0.711344 0.429730 0.710948 0.431032 0.711271 0.431930 0.710877 0.433232 0.711200 0.434130 0.710805 0.435431 0.711129 0.436329 0.709944 0.440234 0.710267 0.441132 0.709477 0.443736 0.709801 0.444634 0.709011 0.447238 0.708293 0.447641 0.707503 0.450245 0.706785 0.450649 0.706390 0.451950 0.705671 0.452354 0.705277 0.453656 0.703841 0.454464 0.703446 0.455766 0.697699 0.458998 0.697305 0.460299 0.695869 0.461106 0.695474 0.462408 0.694037 0.463217 0.693642 0.464518 0.692924 0.464922 0.692529 0.466224 0.692852 0.467121 0.692458 0.468423 0.692781 0.469321 0.692386 0.470623 0.692710 0.471521 0.692315 0.472822 0.692638 0.473720 0.692243 0.475022 0.693213 0.477716 0.694255 0.478210 0.695548 0.481801 0.697631 0.482789 0.698278 0.484585 0.702444 0.486560 0.726864 0.472827 0.727653 0.470224 0.728371 0.469820 0.729162 0.467216 0.729880 0.466812 0.731459 0.461606 0.732177 0.461202 0.732967 0.458598 0.732644 0.457700 0.733828 0.453795 0.733505 0.452897 0.733900 0.451595 0.733577 0.450697 0.733971 0.449395 0.733648 0.448498 0.734043 0.447196 0.733719 0.446298 0.734115 0.444996 0.733792 0.444098 0.734186 0.442797 0.733863 0.441898 0.734258 0.440597 0.733611 0.438802 0.734006 0.437500 0.733359 0.435704 0.733753 0.434402 0.732784 0.431709 0.733179 0.430406 0.732137 0.429913 0.729550 0.422730 0.728509 0.422236 0.727862 0.420440 0.726821 0.419946 0.726174 0.418151 0.725133 0.417656 0.724809 0.416758
8 0.822050 0.310247 0.822697 0.312043 0.822302 0.313344 0.822948 0.315139 0.822553 0.316442 0.823200 0.318238 0.822805 0.319540 0.825392 0.326722 0.824997 0.328024 0.826038 0.328518 0.826362 0.329416 0.825967 0.330717 0.827260 0.334309 0.828302 0.334803 0.829595 0.338394 0.830636 0.338888 0.830960 0.339787 0.832002 0.340280 0.832325 0.341178 0.833367 0.341671 0.833690 0.342570 0.834731 0.343063 0.835055 0.343962 0.836097 0.344455 0.836420 0.345353 0.840585 0.347329 0.840909 0.348227 0.849241 0.352178 0.849960 0.351774 0.851002 0.352268 0.871830 0.340555 0.871506 0.339657 0.872297 0.337053 0.871650 0.335257 0.872045 0.333955 0.871398 0.332160 0.871793 0.330859 0.869206 0.323675 0.868165 0.323182 0.867841 0.322283 0.866800 0.321790 0.866477 0.320892 0.865435 0.320399 0.865111 0.319500 0.864070 0.319006 0.863746 0.318109 0.863028 0.318512 0.861987 0.318018 0.861269 0.318422 0.859185 0.317434 0.857749 0.318242 0.850458 0.314784 0.850135 0.313887 0.845969 0.311910 0.845645 0.311013 0.838354 0.307556 0.838031 0.306657 0.836990 0.306164 0.835696 0.302573
12 0.557363 0.568152 0.556573 0.570755 0.555137 0.571563 0.554742 0.572865 0.554024 0.573269 0.553234 0.575872 0.552516 0.576276 0.552121 0.577578 0.552444 0.578476 0.551259 0.582381 0.555140 0.593156 0.557223 0.594143 0.557546 0.595041 0.558588 0.595535 0.559306 0.595132 0.560348 0.595625 0.561784 0.594818 0.562825 0.595311 0.572162 0.590061 0.573204 0.590555 0.573922 0.590151 0.579130 0.592620 0.579777 0.594416 0.580819 0.594909 0.581789 0.597603 0.582830 0.598097 0.586387 0.607974 0.585992 0.609275 0.587285 0.612866 0.585705 0.618075 0.586028 0.618972 0.585634 0.620274 0.586281 0.622070 0.587322 0.622563 0.587645 0.623461 0.588688 0.623955 0.589011 0.624853 0.589729 0.624449 0.590770 0.624943 0.591489 0.624539 0.597738 0.627503 0.608511 0.621444 0.609301 0.618841 0.610019 0.618437 0.610414 0.617134 0.611132 0.616730 0.611527 0.615429 0.612246 0.615025 0.613035 0.612422 0.612712 0.611524 0.613501 0.608920 0.613178 0.608022 0.613573 0.606721 0.613250 0.605822 0.613645 0.604521 0.613321 0.603623 0.613716 0.602322 0.613393 0.601424 0.613787 0.600122 0.613464 0.599224 0.613859 0.597922 0.613536 0.597024 0.614326 0.594421 0.608829 0.579157 0.607788 0.578664 0.607464 0.577765 0.606423 0.577271 0.605453 0.574578 0.604410 0.574084 0.603764 0.572288 0.602723 0.571795 0.602076 0.569998 0.601034 0.569505 0.600711 0.568606 0.599670 0.568113 0.599346 0.567215 0.598304 0.566722 0.597981 0.565823 0.594857 0.564341 0.594534 0.563443 0.587242 0.559986 0.586524 0.560390 0.584441 0.559402 0.583723 0.559806 0.581640 0.558818 0.580921 0.559222 0.579880 0.558728 0.578443 0.559536 0.577401 0.559041 0.576683 0.559445 0.575642 0.558952 0.574924 0.559356 0.573882 0.558862
12 0.040264 0.468110 0.040587 0.469007 0.040193 0.470309 0.040516 0.471207 0.040121 0.472509 0.041414 0.476100 0.041020 0.477402 0.042313 0.480993 0.043355 0.481488 0.044325 0.484181 0.045366 0.484675 0.045689 0.485572 0.050897 0.488042 0.052334 0.487234 0.056500 0.489210 0.057218 0.488806 0.059302 0.489794 0.060020 0.489391 0.061061 0.489884 0.061708 0.491680 0.062749 0.492174 0.062354 0.493475 0.063324 0.496169 0.062930 0.497471 0.063900 0.500164 0.063505 0.501466 0.065768 0.507751 0.065373 0.509053 0.067636 0.515338 0.068679 0.515832 0.069002 0.516729 0.072126 0.518212 0.072449 0.519110 0.073168 0.518706 0.075251 0.519694 0.088897 0.512019 0.090081 0.508114 0.090800 0.507710 0.093563 0.498598 0.093240 0.497700 0.094030 0.495096 0.093707 0.494198 0.094496 0.491595 0.087706 0.472740 0.086665 0.472246 0.086342 0.471348 0.085300 0.470854 0.084653 0.469058 0.083612 0.468565 0.083289 0.467666 0.082246 0.467172 0.081923 0.466275 0.079841 0.465287 0.079194 0.463491 0.078153 0.462997 0.077829 0.462100 0.074704 0.460618 0.074381 0.459719 0.071256 0.458238 0.070538 0.458642 0.067413 0.457160 0.066695 0.457564 0.065654 0.457069 0.064936 0.457473 0.062852 0.456486 0.062134 0.456890 0.061093 0.456396
7 0.723641 0.821223 0.723246 0.822524 0.722528 0.822928 0.720949 0.828136 0.720230 0.828540 0.719440 0.831143 0.719763 0.832041 0.718184 0.837249 0.718831 0.839044 0.718436 0.840345 0.718759 0.841243 0.718365 0.842545 0.725155 0.861400 0.726196 0.861894 0.726843 0.863690 0.727884 0.864183 0.728531 0.865980 0.729572 0.866473 0.729896 0.867372 0.733020 0.868853 0.733344 0.869751 0.734385 0.870246 0.734709 0.871143 0.735750 0.871637 0.736469 0.871233 0.739594 0.872714 0.751803 0.865848 0.753778 0.859340 0.751191 0.852156 0.750149 0.851662 0.749503 0.849866 0.744294 0.847398 0.743971 0.846499 0.742929 0.846005 0.742606 0.845108 0.741565 0.844613 0.741242 0.843716 0.740200 0.843221 0.738907 0.839630 0.737865 0.839136 0.736249 0.834647 0.738223 0.828138 0.739659 0.827331 0.740054 0.826028 0.741490 0.825221 0.743070 0.820014 0.741130 0.814627 0.739046 0.813638 0.738723 0.812741
5 0.753829 0.705993 0.753039 0.708597 0.752321 0.709001 0.750742 0.714208 0.750024 0.714611 0.749629 0.715913 0.749952 0.716811 0.749162 0.719414 0.749485 0.720313 0.748696 0.722916 0.749020 0.723814 0.748625 0.725115 0.749271 0.726911 0.748481 0.729515 0.748805 0.730413 0.748410 0.731715 0.757463 0.756854 0.758505 0.757349 0.758828 0.758246 0.759869 0.758740 0.760193 0.759639 0.761235 0.760132 0.761558 0.761030 0.762600 0.761523 0.762923 0.762422 0.765006 0.763410 0.765329 0.764307 0.769495 0.766284 0.769819 0.767181 0.770861 0.767675 0.771579 0.767271 0.776787 0.769741 0.777505 0.769337 0.778546 0.769831 0.779265 0.769427 0.781347 0.770415 0.782784 0.769606 0.784867 0.770594 0.792049 0.766555 0.793235 0.762650 0.793953 0.762246 0.794347 0.760944 0.794024 0.760047 0.794418 0.758745 0.794095 0.757847 0.794491 0.756545 0.794167 0.755647 0.794562 0.754346 0.794239 0.753447 0.794633 0.752146 0.794310 0.751248 0.794705 0.749947 0.793663 0.749452 0.792370 0.745861 0.791329 0.745367 0.790682 0.743571 0.789641 0.743078 0.788922 0.743482 0.784755 0.741506 0.784432 0.740608 0.782350 0.739620 0.781379 0.736926 0.780337 0.736432 0.779690 0.734637 0.777608 0.733649 0.773728 0.722874 0.774122 0.721573 0.773799 0.720675 0.775379 0.715468 0.776097 0.715064 0.778466 0.707254 0.777819 0.705457 0.778214 0.704156 0.777568 0.702360 0.776526 0.701866 0.775556 0.699172 0.774515 0.698679 0.774191 0.697780 0.771067 0.696299
10 0.267735 0.140440 0.267340 0.141741 0.266622 0.142145 0.266226 0.143447 0.264791 0.144255 0.264396 0.145556 0.262959 0.146364 0.261379 0.151572 0.265259 0.162345 0.266302 0.162839 0.267738 0.162032 0.268779 0.162525 0.269497 0.162122 0.270539 0.162615 0.271975 0.161808 0.273017 0.162302 0.273736 0.161898 0.274777 0.162392 0.276932 0.161180 0.277973 0.161674 0.286592 0.156827 0.287633 0.157321 0.287956 0.158219 0.288998 0.158713 0.290938 0.164100 0.290543 0.165401 0.291513 0.168095 0.291119 0.169397 0.292412 0.172989 0.292017 0.174290 0.293957 0.179677 0.294998 0.180171 0.295322 0.181069 0.299488 0.183045 0.299812 0.183943 0.303978 0.185918 0.312596 0.181071 0.316150 0.169356 0.315827 0.168457 0.316617 0.165854 0.316294 0.164956 0.317083 0.162352 0.309646 0.141702 0.307563 0.140714 0.306917 0.138918 0.305876 0.138424 0.305552 0.137526 0.297219 0.133576 0.296501 0.133979 0.295459 0.133485 0.294741 0.133889 0.292658 0.132901 0.291940 0.133305 0.289857 0.132317 0.289138 0.132721 0.288097 0.132227 0.286661 0.133034 0.285619 0.132541 0.284183 0.133349 0.283141 0.132854 0.280986 0.134066 0.279944 0.133573
3 0.174471 0.449857 0.173681 0.452462 0.172245 0.453269 0.171850 0.454570 0.170413 0.455378 0.170019 0.456680 0.169301 0.457084 0.168905 0.458386 0.168187 0.458790 0.167003 0.462695 0.167327 0.463593 0.166537 0.466197 0.166860 0.467094 0.166465 0.468396 0.166788 0.469294 0.165604 0.473199 0.165927 0.474098 0.165532 0.475399 0.167796 0.481684 0.168837 0.482178 0.169160 0.483076 0.172285 0.484558 0.172608 0.485455 0.173650 0.485949 0.175805 0.484737 0.176846 0.485232 0.179719 0.483616 0.180114 0.482314 0.182987 0.480699 0.184028 0.481193 0.189774 0.477962 0.190816 0.478455 0.192970 0.477243 0.194012 0.477737 0.194730 0.477334 0.195771 0.477827 0.196490 0.477423 0.197532 0.477917 0.197855 0.478815 0.199938 0.479804 0.200585 0.481599 0.201626 0.482093 0.201231 0.483395 0.202272 0.483888 0.206153 0.494663 0.207195 0.495157 0.208488 0.498748 0.222135 0.491073 0.221811 0.490175 0.222206 0.488874 0.222924 0.488470 0.223714 0.485866 0.223391 0.484968 0.224180 0.482365 0.223857 0.481467 0.224252 0.480166 0.223605 0.478370 0.223999 0.477068 0.223676 0.476171 0.224072 0.474868 0.223102 0.472174 0.223496 0.470873 0.218323 0.456507 0.217281 0.456013 0.216635 0.454217 0.215593 0.453724 0.215269 0.452826 0.214228 0.452332 0.213905 0.451434 0.212863 0.450940 0.212540 0.450042 0.211498 0.449548 0.211175 0.448651 0.210134 0.448156 0.209811 0.447259 0.206686 0.445777 0.206362 0.444879 0.203238 0.443398 0.202520 0.443801 0.200436 0.442813 0.200112 0.441916 0.198030 0.440928 0.197311 0.441332 0.196269 0.440837 0.195551 0.441241 0.194510 0.440748 0.193792 0.441151 0.191708 0.440163
4 0.097613 0.428300 0.096823 0.430903 0.096105 0.431307 0.095710 0.432608 0.094992 0.433012 0.094598 0.434314 0.093879 0.434718 0.093089 0.437322 0.092370 0.437726 0.091581 0.440329 0.091905 0.441227 0.091510 0.442528 0.095067 0.452406 0.096108 0.452899 0.096826 0.452495 0.097867 0.452990 0.099304 0.452182 0.100345 0.452675 0.104655 0.450252 0.105050 0.448950 0.107923 0.447335 0.108964 0.447828 0.109682 0.447425 0.115932 0.450388 0.116255 0.451286 0.117297 0.451780 0.119237 0.457167 0.118842 0.458469 0.119165 0.459366 0.118771 0.460668 0.119094 0.461566 0.118699 0.462868 0.119669 0.465562 0.119274 0.466863 0.120244 0.469557 0.121285 0.470051 0.121609 0.470949 0.125776 0.472924 0.126099 0.473822 0.127140 0.474316 0.127464 0.475214 0.129546 0.476202 0.129870 0.477100 0.140643 0.471042 0.141828 0.467136 0.142546 0.466732 0.142223 0.465834 0.143012 0.463231 0.142689 0.462333 0.143479 0.459730 0.143156 0.458831 0.143550 0.457529 0.143227 0.456632 0.143622 0.455329 0.142976 0.453534 0.143371 0.452233 0.142724 0.450437 0.143119 0.449135 0.142148 0.446441 0.142543 0.445140 0.135753 0.426285 0.133670 0.425297 0.133347 0.424399 0.130222 0.422917 0.129899 0.422019 0.125733 0.420044 0.125015 0.420447 0.121890 0.418966 0.120453 0.419774 0.119411 0.419279 0.118693 0.419683 0.117652 0.419189 0.116215 0.419997 0.115174 0.419503 0.113738 0.420311 0.112696 0.419818
8 0.331644 0.560130 0.331250 0.561432 0.328377 0.563048 0.327981 0.564350 0.325827 0.565561 0.325432 0.566864 0.323996 0.567671 0.323601 0.568972 0.322164 0.569780 0.321375 0.572384 0.320657 0.572787 0.320261 0.574090 0.319543 0.574494 0.318358 0.578399 0.316922 0.579207 0.314553 0.587018 0.313835 0.587421 0.313045 0.590025 0.313369 0.590923 0.312578 0.593527 0.312902 0.594424 0.312113 0.597028 0.312436 0.597925 0.312040 0.599228 0.312363 0.600125 0.311969 0.601427 0.312292 0.602325 0.311898 0.603627 0.320628 0.627869 0.321669 0.628363 0.321992 0.629260 0.324076 0.630248 0.324399 0.631146 0.325441 0.631640 0.325764 0.632538 0.327847 0.633526 0.328170 0.634424 0.330254 0.635412 0.330972 0.635008 0.335138 0.636983 0.335856 0.636580 0.336897 0.637074 0.337616 0.636670 0.339699 0.637658 0.345445 0.634427 0.345840 0.633124 0.346558 0.632720 0.348138 0.627513 0.347168 0.624819 0.347562 0.623518 0.346916 0.621723 0.347310 0.620421 0.344724 0.613238 0.343682 0.612744 0.343359 0.611846 0.342318 0.611352 0.341994 0.610454 0.340952 0.609961 0.340305 0.608165 0.339264 0.607671 0.338617 0.605875 0.337576 0.605381 0.337253 0.604483 0.337647 0.603181 0.337324 0.602284 0.337718 0.600982 0.337395 0.600084 0.337791 0.598782 0.338509 0.598378 0.338903 0.597076 0.341776 0.595460 0.342171 0.594159 0.349354 0.590120 0.351437 0.591107 0.352873 0.590300 0.353268 0.588998 0.356859 0.586978 0.357254 0.585677 0.358690 0.584869 0.359086 0.583567 0.360522 0.582759 0.361312 0.580155 0.354522 0.561300 0.353803 0.561704 0.352762 0.561211 0.352115 0.559415 0.350032 0.558426 0.349709 0.557529 0.348990 0.557933 0.346907 0.556945 0.346189 0.557350 0.344106 0.556362 0.343388 0.556765 0.342346 0.556271 0.341628 0.556675 0.340586 0.556182 0.339150 0.556989 0.338108 0.556495
10 0.206465 1.000000 0.205425 1.000000 0.204678 1.000000 0.204158 1.000000 0.202663 1.000000 0.202143 1.000000 0.201396 1.000000 0.200875 1.000000 0.200128 1.000000 0.199089 1.000000 0.198340 1.000000 0.197821 1.000000 0.198048 1.000000 0.197529 1.000000 0.197756 1.000000 0.196717 1.000000 0.196944 1.000000 0.196424 1.000000 0.195677 1.000000 0.198406 1.000000 0.199153 1.000000 0.203053 1.000000 0.203800 1.000000 0.204776 1.000000 0.205523 1.000000 0.206497 1.000000 0.213972 1.000000 0.214491 1.000000 0.215987 1.000000 0.217026 1.000000 0.217773 1.000000 0.217546 1.000000 0.218066 1.000000 0.219561 1.000000 0.220080 1.000000 0.220829 1.000000 0.221803 1.000000 0.222550 1.000000 0.225475 1.000000 0.226222 1.000000 0.228172 1.000000 0.229309 1.000000 0.228789 1.000000 0.230382 1.000000 0.231357 1.000000 0.231584 1.000000 0.232560 1.000000 0.232787 1.000000 0.233762 1.000000 0.250952 1.000000 0.250724 1.000000 0.251764 1.000000 0.251537 1.000000 0.252056 1.000000 0.251829 1.000000 0.252869 1.000000 0.252642 1.000000 0.253161 1.000000 0.252706 1.000000 0.253227 1.000000 0.251634 1.000000 0.250659 1.000000 0.249976 1.000000 0.249002 1.000000 0.248547 1.000000 0.247572 1.000000 0.247345 1.000000 0.246369 1.000000 0.245914 1.000000 0.244939 1.000000 0.244485 1.000000 0.243510 1.000000 0.243282 1.000000 0.234509 1.000000 0.233762 1.000000 0.231811 1.000000 0.231064 1.000000 0.230089 1.000000 0.229341 1.000000 0.228367 1.000000 0.226872 1.000000 0.225897 1.000000
5 0.132754 0.832859 0.132359 0.834160 0.130922 0.834968 0.130527 0.836270 0.129809 0.836674 0.129415 0.837976 0.127978 0.838784 0.127583 0.840085 0.126864 0.840489 0.126470 0.841791 0.125752 0.842195 0.124962 0.844798 0.124243 0.845203 0.123849 0.846504 0.124172 0.847402 0.123777 0.848703 0.124101 0.849601 0.123705 0.850904 0.122987 0.851308 0.122593 0.852609 0.122916 0.853507 0.122521 0.854808 0.122845 0.855706 0.122054 0.858310 0.122378 0.859207 0.121589 0.861812 0.122235 0.863607 0.121839 0.864909 0.122163 0.865807 0.121768 0.867108 0.122415 0.868905 0.122020 0.870206 0.123313 0.873797 0.124355 0.874291 0.125002 0.876087 0.126043 0.876582 0.127336 0.880173 0.140983 0.872498 0.140659 0.871600 0.141055 0.870298 0.140732 0.869400 0.141521 0.866797 0.142239 0.866393 0.143424 0.862487 0.144142 0.862084 0.144537 0.860782 0.147409 0.859167 0.147805 0.857864 0.151396 0.855845 0.152437 0.856339 0.155310 0.854724 0.156352 0.855217 0.159225 0.853601 0.160267 0.854095 0.160661 0.852793 0.161379 0.852390 0.162420 0.852884 0.163857 0.852076 0.164252 0.850774 0.166407 0.849562 0.167197 0.846958 0.167915 0.846555 0.168704 0.843951 0.169423 0.843547 0.169818 0.842246 0.163675 0.825186 0.154300 0.820741
10 0.729451 0.480010 0.729055 0.481312 0.727619 0.482119 0.724460 0.492534 0.724783 0.493431 0.723993 0.496036 0.724640 0.497832 0.724245 0.499133 0.724569 0.500031 0.724174 0.501332 0.724497 0.502230 0.724102 0.503533 0.724749 0.505329 0.724354 0.506630 0.734054 0.533565 0.735095 0.534060 0.735419 0.534957 0.736461 0.535451 0.736784 0.536349 0.740951 0.538325 0.741274 0.539222 0.745440 0.541198 0.746158 0.540794 0.749283 0.542276 0.750001 0.541872 0.751042 0.542367 0.751761 0.541962 0.752803 0.542456 0.753521 0.542052 0.755603 0.543040 0.757040 0.542232 0.759124 0.543220 0.759842 0.542816 0.760883 0.543310 0.771657 0.537251 0.772051 0.535949 0.774924 0.534334 0.775713 0.531731 0.777150 0.530922 0.777545 0.529621 0.778264 0.529217 0.778659 0.527915 0.770899 0.506367 0.770181 0.506771 0.769138 0.506277 0.767702 0.507084 0.766660 0.506591 0.765942 0.506995 0.764901 0.506501 0.763465 0.507308 0.760340 0.505826 0.759621 0.506230 0.755455 0.504254 0.754809 0.502459 0.753766 0.501965 0.753443 0.501068 0.752402 0.500573 0.747875 0.488003 0.748270 0.486702 0.746330 0.481314 0.746725 0.480012 0.746402 0.479114 0.744318 0.478127 0.743348 0.475433 0.741265 0.474445 0.740941 0.473548
8 0.230421 0.149547 0.230027 0.150849 0.229309 0.151253 0.228519 0.153856 0.229166 0.155651 0.228770 0.156954 0.230710 0.162341 0.230316 0.163643 0.232256 0.169030 0.231861 0.170332 0.232831 0.173025 0.233873 0.173519 0.234196 0.174416 0.232616 0.179624 0.221843 0.185683 0.220801 0.185189 0.218646 0.186400 0.218252 0.187703 0.216816 0.188510 0.216420 0.189812 0.215702 0.190216 0.214123 0.195423 0.214446 0.196321 0.214052 0.197623 0.213333 0.198027 0.218506 0.212393 0.220590 0.213380 0.220913 0.214278 0.224038 0.215760 0.224756 0.215356 0.225797 0.215850 0.226516 0.215446 0.228599 0.216434 0.231472 0.214818 0.233554 0.215806 0.241455 0.211363 0.241850 0.210061 0.244004 0.208849 0.244400 0.207547 0.245118 0.207144 0.245513 0.205842 0.247668 0.204630 0.248062 0.203329 0.248780 0.202925 0.249175 0.201623 0.249894 0.201219 0.251868 0.194710 0.252586 0.194306 0.253376 0.191702 0.253053 0.190805 0.253448 0.189503 0.254166 0.189099 0.254561 0.187796 0.254238 0.186899 0.254632 0.185597 0.255350 0.185193 0.255027 0.184296 0.255817 0.181693 0.255493 0.180794 0.255889 0.179493 0.255565 0.178595 0.256355 0.175991 0.247625 0.151749 0.246907 0.152153 0.245865 0.151659 0.245542 0.150761 0.242417 0.149279 0.242093 0.148381 0.240011 0.147393 0.239292 0.147797 0.237209 0.146809 0.235772 0.147618 0.234731 0.147123
2 0.425628 0.542906 0.425234 0.544207 0.420924 0.546631 0.420529 0.547933 0.419811 0.548336 0.419416 0.549637 0.418697 0.550042 0.418303 0.551344 0.417585 0.551748 0.416400 0.555652 0.416723 0.556551 0.416329 0.557853 0.416976 0.559648 0.419058 0.560636 0.421931 0.559021 0.422973 0.559514 0.423691 0.559110 0.424733 0.559604 0.430230 0.574868 0.429440 0.577472 0.428721 0.577876 0.428326 0.579177 0.425454 0.580793 0.425059 0.582095 0.421467 0.584115 0.420426 0.583620 0.418990 0.584428 0.417949 0.583934 0.416512 0.584742 0.415470 0.584248 0.409724 0.587479 0.409329 0.588782 0.408611 0.589186 0.407822 0.591789 0.407103 0.592193 0.411630 0.604763 0.413713 0.605751 0.414036 0.606648 0.416119 0.607637 0.416838 0.607233 0.417879 0.607726 0.419316 0.606918 0.420358 0.607413 0.421076 0.607009 0.422117 0.607502 0.427145 0.604675 0.428186 0.605169 0.428904 0.604765 0.430988 0.605753 0.447507 0.596463 0.447901 0.595161 0.448619 0.594757 0.449015 0.593455 0.449733 0.593051 0.450128 0.591749 0.450846 0.591346 0.451241 0.590044 0.450918 0.589146 0.451313 0.587845 0.450666 0.586048 0.451061 0.584747 0.449767 0.581156 0.450557 0.578551 0.451993 0.577744 0.452388 0.576442 0.453106 0.576039 0.454291 0.572133 0.453968 0.571236 0.454758 0.568631 0.445704 0.543492 0.442579 0.542010 0.442256 0.541111 0.434965 0.537655
2 0.410369 0.296678 0.408789 0.301885 0.409112 0.302784 0.408718 0.304085 0.409041 0.304983 0.408646 0.306284 0.409940 0.309876 0.410981 0.310370 0.411628 0.312165 0.412669 0.312660 0.412992 0.313557 0.417159 0.315534 0.417482 0.316431 0.418524 0.316925 0.418847 0.317822 0.420930 0.318810 0.421577 0.320607 0.422618 0.321100 0.422224 0.322402 0.422870 0.324198 0.421686 0.328104 0.420968 0.328507 0.419782 0.332412 0.419064 0.332816 0.417485 0.338023 0.416048 0.338831 0.415259 0.341435 0.413823 0.342243 0.413427 0.343544 0.412709 0.343948 0.411524 0.347854 0.411848 0.348751 0.411453 0.350053 0.414040 0.357236 0.415081 0.357730 0.415405 0.358628 0.416447 0.359121 0.416770 0.360020 0.417811 0.360513 0.440076 0.347992 0.440471 0.346691 0.441907 0.345883 0.442302 0.344581 0.443739 0.343773 0.444923 0.339867 0.444600 0.338970 0.447364 0.329858 0.447040 0.328959 0.447831 0.326356 0.447507 0.325458 0.447902 0.324156 0.447579 0.323259 0.447974 0.321956 0.447651 0.321058 0.448045 0.319757 0.447399 0.317961 0.447793 0.316659 0.447147 0.314864 0.447542 0.313563 0.442368 0.299196 0.441327 0.298703 0.440357 0.296009 0.439315 0.295515 0.438992 0.294617 0.437951 0.294123 0.437627 0.293225 0.434502 0.291743 0.434179 0.290846 0.426888 0.287388
12 0.189400 0.359405 0.188610 0.362009 0.187892 0.362412 0.185127 0.371525 0.185450 0.372422 0.185056 0.373724 0.194110 0.398865 0.195151 0.399358 0.195797 0.401154 0.197881 0.402141 0.198204 0.403040 0.199246 0.403534 0.199569 0.404431 0.202694 0.405913 0.203017 0.406811 0.211350 0.410763 0.212068 0.410359 0.214151 0.411346 0.214869 0.410943 0.215911 0.411437 0.217348 0.410629 0.218389 0.411123 0.219107 0.410719 0.220148 0.411213 0.220866 0.410809 0.221908 0.411303 0.236991 0.402820 0.237386 0.401519 0.238823 0.400711 0.239217 0.399409 0.239935 0.399005 0.240331 0.397704 0.241049 0.397300 0.241838 0.394697 0.242557 0.394292 0.243346 0.391688 0.239466 0.380915 0.238425 0.380420 0.237707 0.380824 0.235623 0.379837 0.234905 0.380240 0.233864 0.379746 0.232427 0.380554 0.231386 0.380060 0.229949 0.380868 0.228907 0.380374 0.227470 0.381182 0.226429 0.380689 0.222838 0.382708 0.221797 0.382214 0.221079 0.382617 0.217954 0.381135 0.215691 0.374851 0.216085 0.373549 0.215439 0.371754 0.215833 0.370452 0.215187 0.368656 0.215582 0.367354 0.215259 0.366456 0.215653 0.365154 0.215330 0.364257 0.215725 0.362955 0.214755 0.360262 0.215149 0.358960 0.213533 0.354470 0.212492 0.353977 0.212168 0.353078 0.210085 0.352090 0.209367 0.352495 0.208325 0.352000 0.207607 0.352404 0.206566 0.351910 0.204411 0.353122 0.203369 0.352628 0.202651 0.353032 0.201609 0.352539
12 0.964537 0.720297 0.964142 0.721599 0.962706 0.722406 0.962311 0.723708 0.960156 0.724920 0.959761 0.726223 0.959043 0.726626 0.958648 0.727927 0.957930 0.728331 0.957536 0.729633 0.956817 0.730038 0.956422 0.731339 0.955704 0.731743 0.953729 0.738252 0.954052 0.739150 0.953658 0.740451 0.953981 0.741350 0.953192 0.743953 0.959982 0.762808 0.962065 0.763796 0.962783 0.763392 0.964866 0.764380 0.965584 0.763976 0.966626 0.764469 0.970935 0.762046 0.971330 0.760745 0.972048 0.760341 0.972443 0.759038 0.973161 0.758634 0.974346 0.754730 0.975064 0.754326 0.975459 0.753024 0.979050 0.751004 0.980092 0.751498 0.981528 0.750691 0.983612 0.751678 0.984330 0.751274 0.985371 0.751768 0.986089 0.751364 0.987131 0.751858 0.987849 0.751454 0.988890 0.751948 0.990327 0.751140 0.995535 0.753610 0.996182 0.755405 0.999307 0.756887 0.999630 0.757786 1.000000 0.758279 1.000000 0.757875 1.000000 0.758863 1.000000 0.758459 1.000000 0.758954 1.000000 0.757338 1.000000 0.757832 1.000000 0.757428 1.000000 0.756126 1.000000 0.754914 1.000000 0.753612 1.000000 0.752805 1.000000 0.724971 1.000000 0.723489 1.000000 0.722592 0.999732 0.722098 0.999409 0.721200 0.998368 0.720706 0.998044 0.719808 0.993878 0.717832 0.993160 0.718236 0.985869 0.714778 0.985151 0.715182 0.984110 0.714689 0.983392 0.715092 0.981308 0.714105 0.979871 0.714913 0.978830 0.714418 0.975957 0.716034 0.974915 0.715540 0.973478 0.716348 0.972437 0.715854
11 0.226941 0.993669 0.226545 0.994972 0.225827 0.995375 0.225433 0.996677 0.224715 0.997080 0.224319 0.998383 0.222883 0.999190 0.222488 1.000000 0.221769 1.000000 0.221375 1.000000 0.220657 1.000000 0.220261 1.000000 0.219543 1.000000 0.218358 1.000000 0.217640 1.000000 0.217246 1.000000 0.216528 1.000000 0.214158 1.000000 0.214481 1.000000 0.214087 1.000000 0.214410 1.000000 0.214015 1.000000 0.213296 1.000000 0.211322 1.000000 0.214879 1.000000 0.218004 1.000000 0.219297 1.000000 0.220339 1.000000 0.223200 1.000000 0.224174 1.000000 0.224402 1.000000 0.225377 1.000000 0.225832 1.000000 0.226807 1.000000 0.227034 1.000000 0.228009 1.000000 0.228236 1.000000 0.231161 1.000000 0.231389 1.000000 0.237238 1.000000 0.237986 1.000000 0.238960 1.000000 0.239707 1.000000 0.241658 1.000000 0.260342 1.000000 0.263462 1.000000 0.264210 1.000000 0.264728 1.000000 0.265446 1.000000 0.265841 1.000000 0.267278 1.000000 0.267673 1.000000 0.270545 1.000000 0.270941 1.000000 0.271659 1.000000 0.272700 1.000000 0.274855 1.000000 0.275897 1.000000 0.283079 1.000000 0.283474 1.000000 0.284192 1.000000 0.284587 1.000000 0.285305 1.000000 0.288069 1.000000 0.287746 1.000000 0.288931 1.000000 0.288607 1.000000 0.289397 1.000000 0.289073 1.000000 0.289469 1.000000 0.288499 1.000000 0.289288 1.000000 0.284761 0.993543 0.283720 0.993049 0.283397 0.992151 0.281313 0.991164 0.280990 0.990265 0.274741 0.987302 0.274417 0.986403 0.272334 0.985416 0.272011 0.984519 0.271293 0.984922 0.267126 0.982946 0.266408 0.983350 0.265367 0.982856 0.264649 0.983260 0.263607 0.982766 0.262889 0.983170 0.261847 0.982676 0.261129 0.983081 0.259046 0.982093 0.258328 0.982496 0.257286 0.982002 0.256567 0.982406 0.254485 0.981418 0.253767 0.981822 0.252724 0.981328 0.250571 0.982539 0.248487 0.981552
0 0.267493 0.494716 0.267099 0.496018 0.265662 0.496826 0.264873 0.499429 0.264155 0.499833 0.263364 0.502437 0.262646 0.502841 0.262252 0.504142 0.260815 0.504950 0.260420 0.506252 0.259702 0.506656 0.258912 0.509259 0.257476 0.510067 0.257081 0.511369 0.255645 0.512177 0.259525 0.522951 0.262649 0.524433 0.263367 0.524029 0.264409 0.524523 0.265127 0.524119 0.266169 0.524612 0.266887 0.524209 0.267928 0.524703 0.268647 0.524299 0.269688 0.524792 0.270406 0.524389 0.271448 0.524883 0.272885 0.524075 0.273926 0.524569 0.274644 0.524166 0.275685 0.524659 0.279995 0.522235 0.281037 0.522730 0.289655 0.517883 0.290051 0.516580 0.291487 0.515773 0.291882 0.514472 0.293319 0.513664 0.293713 0.512362 0.295149 0.511554 0.295544 0.510251 0.296262 0.509848 0.297053 0.507244 0.297771 0.506840 0.298956 0.502935 0.298632 0.502037 0.299422 0.499434 0.298775 0.497638 0.299170 0.496336 0.298846 0.495439 0.299241 0.494137 0.296331 0.486056 0.295289 0.485562 0.294966 0.484664 0.291842 0.483182 0.291123 0.483586 0.289041 0.482598
2 0.658960 0.000000 0.658565 0.000000 0.657128 0.000000 0.655944 0.000000 0.655225 0.000000 0.652856 0.005910 0.653180 0.006808 0.652785 0.008109 0.652066 0.008513 0.652390 0.009411 0.651600 0.012015 0.651924 0.012913 0.651528 0.014215 0.651851 0.015113 0.651457 0.016414 0.651780 0.017312 0.650991 0.019915 0.651961 0.022609 0.651566 0.023910 0.652213 0.025707 0.651817 0.027009 0.655374 0.036885 0.656416 0.037379 0.657063 0.039174 0.656667 0.040476 0.656991 0.041374 0.658033 0.041868 0.660620 0.049051 0.661661 0.049545 0.662631 0.052238 0.663672 0.052732 0.663996 0.053631 0.665037 0.054124 0.665361 0.055023 0.666402 0.055516 0.666725 0.056414 0.668809 0.057402 0.669132 0.058299 0.672257 0.059781 0.672975 0.059377 0.675058 0.060365 0.675776 0.059961 0.678901 0.061443 0.690392 0.054981 0.691182 0.052377 0.690859 0.051479 0.691254 0.050178 0.690284 0.047484 0.690678 0.046182 0.690031 0.044386 0.688990 0.043893 0.688667 0.042995 0.689062 0.041693 0.688415 0.039898 0.687374 0.039403 0.684464 0.031323 0.683422 0.030828 0.682775 0.029033 0.681734 0.028539 0.681411 0.027641 0.680368 0.027147 0.678752 0.022658 0.679937 0.018753 0.679613 0.017854 0.680798 0.013949 0.681516 0.013546 0.681912 0.012243 0.682630 0.011839 0.683419 0.009236 0.684137 0.008832 0.684927 0.006229 0.685645 0.005825 0.686830 0.001919 0.686507 0.001022 0.686901 0.000000 0.685285 0.000000 0.684244 0.000000 0.682627 0.000000 0.681585 0.000000 0.680615 0.000000 0.678532 0.000000 0.678208 0.000000 0.677167 0.000000 0.676844 0.000000 0.675802 0.000000 0.675479 0.000000
10 0.000000 0.352600 0.000000 0.355204 0.000000 0.355608 0.000000 0.363418 0.000000 0.364316 0.000000 0.365617 0.000000 0.379086 0.000000 0.380073 0.000496 0.379266 0.001537 0.379759 0.002974 0.378951 0.004016 0.379446 0.010479 0.375811 0.010874 0.374509 0.011593 0.374104 0.011988 0.372803 0.012706 0.372399 0.013100 0.371097 0.016692 0.369077 0.018774 0.370065 0.019493 0.369661 0.020535 0.370156 0.021971 0.369348 0.025096 0.370830 0.025814 0.370426 0.027897 0.371414 0.028221 0.372311 0.029262 0.372805 0.029585 0.373703 0.031669 0.374691 0.031992 0.375589 0.033034 0.376083 0.047398 0.368005 0.046428 0.365311 0.046823 0.364009 0.045853 0.361316 0.044811 0.360821 0.042871 0.355435 0.041829 0.354941 0.040859 0.352247 0.039818 0.351753 0.039494 0.350855 0.038453 0.350361 0.037806 0.348566 0.035724 0.347578 0.035400 0.346680 0.032275 0.345198 0.031952 0.344300 0.029869 0.343313 0.029545 0.342414 0.026421 0.340932 0.025702 0.341336 0.021536 0.339361 0.020818 0.339764 0.019777 0.339271
11 0.000000 0.396722 0.000000 0.399159 0.000000 0.400012 0.000000 0.402449 0.000000 0.403017 0.000000 0.404236 0.000000 0.404805 0.000000 0.406024 0.000000 0.406308 0.000000 0.420931 0.000000 0.421866 0.000000 0.423085 0.000000 0.424019 0.000000 0.425237 0.000000 0.427106 0.000000 0.428324 0.000000 0.429258 0.000000 0.430477 0.000000 0.431411 0.000000 0.432630 0.000000 0.433564 0.000000 0.437220 0.000000 0.443760 0.000000 0.445060 0.000000 0.445993 0.000000 0.446644 0.000000 0.445791 0.000000 0.446441 0.000000 0.445019 0.000000 0.445668 0.000000 0.445100 0.000000 0.446399 0.000000 0.445831 0.000000 0.446481 0.000000 0.446197 0.000000 0.446846 0.000000 0.445709 0.000000 0.446359 0.000000 0.446074 0.000000 0.444856 0.000000 0.444287 0.000000 0.444937 0.000000 0.444369 0.000000 0.443150 0.000000 0.442012 0.000000 0.440794 0.000000 0.439941 0.000000 0.437504 0.000000 0.437220 0.000000 0.433563 0.000000 0.433279 0.000000 0.432060 0.000000 0.431491 0.000000 0.432142 0.000000 0.431858 0.000000 0.432508 0.000000 0.434376 0.000000 0.435025 0.000000 0.436894 0.000000 0.438195 0.000000 0.435920 0.000000 0.434701 0.000000 0.434416 0.000000 0.433132 0.000000 0.432728 0.000000 0.431426 0.000000 0.431023 0.000000 0.429721 0.000000 0.429317 0.000000 0.428016 0.000000 0.426804 0.000000 0.424200 0.000000 0.422989 0.000000 0.420384 0.000000 0.419980 0.000000 0.417377 0.000000 0.416973 0.000000 0.397220 0.000000 0.395738 0.000000 0.394841 0.000000 0.389816 0.000000 0.390101 0.000000 0.388800 0.000000 0.389369 0.000000 0.388069 0.000000 0.388353 0.000000 0.387054
4 0.151740 0.736884 0.150949 0.739488 0.150231 0.739892 0.149442 0.742496 0.149765 0.743394 0.148975 0.745997 0.149299 0.746895 0.148903 0.748197 0.149227 0.749095 0.148832 0.750397 0.149155 0.751294 0.148366 0.753898 0.160006 0.786221 0.161048 0.786715 0.161694 0.788510 0.162736 0.789005 0.163059 0.789902 0.167225 0.791879 0.167548 0.792776 0.168591 0.793270 0.168914 0.794167 0.170997 0.795155 0.171715 0.794751 0.172757 0.795245 0.173080 0.796143 0.175163 0.797132 0.175881 0.796728 0.179006 0.798209 0.179724 0.797805 0.180765 0.798300 0.181088 0.799197 0.181807 0.798793 0.182849 0.799287 0.183567 0.798883 0.185650 0.799871 0.187086 0.799063 0.188129 0.799557 0.189565 0.798750 0.190606 0.799243 0.194916 0.796819 0.195311 0.795518 0.197465 0.794306 0.197860 0.793004 0.188806 0.767864 0.188088 0.768268 0.187047 0.767774 0.186328 0.768179 0.183203 0.766697 0.182485 0.767101 0.181444 0.766607 0.180726 0.767011 0.179685 0.766516 0.179361 0.765618 0.176236 0.764137 0.175913 0.763239 0.174872 0.762745 0.173902 0.760051 0.172859 0.759557 0.170596 0.753272 0.170992 0.751971 0.169698 0.748379 0.170093 0.747077 0.169123 0.744384 0.169518 0.743082 0.167901 0.738593 0.166859 0.738098 0.165890 0.735406 0.163806 0.734418 0.163483 0.733520 0.162765 0.733924 0.160682 0.732936 0.159963 0.733340 0.158922 0.732845
11 0.808673 0.179569 0.806303 0.187379 0.806626 0.188276 0.806232 0.189579 0.806555 0.190477 0.806161 0.191778 0.806484 0.192676 0.806089 0.193977 0.806413 0.194876 0.806017 0.196177 0.808604 0.203361 0.809646 0.203854 0.810616 0.206547 0.810221 0.207850 0.810544 0.208747 0.810149 0.210049 0.810472 0.210947 0.810078 0.212249 0.810725 0.214044 0.809540 0.217950 0.807385 0.219162 0.806990 0.220463 0.803399 0.222483 0.803004 0.223785 0.802286 0.224189 0.801496 0.226792 0.800778 0.227196 0.799594 0.231102 0.799917 0.231999 0.799521 0.233301 0.799845 0.234199 0.799450 0.235501 0.799773 0.236398 0.798984 0.239002 0.799307 0.239900 0.798913 0.241202 0.799236 0.242099 0.798841 0.243402 0.799883 0.243895 0.800530 0.245691 0.801571 0.246185 0.802217 0.247980 0.803259 0.248475 0.803905 0.250270 0.804947 0.250765 0.805270 0.251662 0.807354 0.252650 0.807677 0.253548 0.808718 0.254041 0.809042 0.254940 0.818416 0.259385 0.819134 0.258981 0.821217 0.259969 0.849946 0.243812 0.850341 0.242510 0.851059 0.242106 0.851454 0.240805 0.852172 0.240401 0.852567 0.239099 0.853285 0.238695 0.853680 0.237394 0.854398 0.236990 0.856373 0.230481 0.856049 0.229583 0.858419 0.221772 0.859137 0.221368 0.861111 0.214859 0.860788 0.213962 0.861182 0.212660 0.860859 0.211763 0.861255 0.210460 0.860931 0.209562 0.861721 0.206959 0.861397 0.206061 0.861793 0.204759 0.861470 0.203861 0.861864 0.202559 0.861541 0.201661 0.861936 0.200360 0.860965 0.197666 0.861360 0.196365 0.859420 0.190977 0.859815 0.189676 0.858198 0.185187 0.857157 0.184692 0.857551 0.183391 0.857228 0.182493 0.856187 0.181999 0.855540 0.180204 0.854499 0.179709 0.853852 0.177914 0.851769 0.176926 0.850333 0.177734 0.848249 0.176746 0.847926 0.175848 0.845843 0.174860 0.845519 0.173962 0.843437 0.172974 0.842790 0.171178 0.841748 0.170685 0.841101 0.168888 0.839018 0.167900 0.838695 0.167003 0.837976 0.167407 0.836935 0.166913 0.836217 0.167317 0.834133 0.166329 0.833810 0.165432
2 0.388991 0.227724 0.388596 0.229025 0.387878 0.229429 0.387484 0.230731 0.386765 0.231135 0.385975 0.233738 0.386298 0.234635 0.385903 0.235938 0.386227 0.236836 0.385832 0.238137 0.385114 0.238541 0.396431 0.269966 0.398513 0.270955 0.398837 0.271853 0.399879 0.272346 0.400526 0.274141 0.404692 0.276117 0.405015 0.277015 0.408140 0.278497 0.408463 0.279395 0.411587 0.280877 0.412306 0.280473 0.415431 0.281955 0.416149 0.281551 0.419273 0.283032 0.420710 0.282224 0.421752 0.282719 0.422470 0.282315 0.423512 0.282808 0.424230 0.282404 0.425271 0.282899 0.426707 0.282091 0.427749 0.282585 0.443550 0.273699 0.444340 0.271095 0.445776 0.270287 0.446172 0.268985 0.446890 0.268582 0.447284 0.267280 0.448002 0.266876 0.448792 0.264272 0.449510 0.263868 0.450695 0.259963 0.451413 0.259559 0.446240 0.245194 0.445522 0.245598 0.441355 0.243621 0.441032 0.242724 0.438949 0.241736 0.436795 0.242948 0.435752 0.242454 0.435034 0.242858 0.434640 0.244160 0.431767 0.245775 0.431371 0.247077 0.430330 0.246583 0.427457 0.248199 0.426416 0.247705 0.425698 0.248108 0.423614 0.247121 0.422896 0.247525 0.413522 0.243079 0.413199 0.242181 0.412157 0.241688 0.411833 0.240790 0.410792 0.240296 0.409499 0.236704 0.408457 0.236210 0.407487 0.233517 0.406446 0.233023 0.406123 0.232125 0.405081 0.231630 0.404758 0.230733 0.401633 0.229251 0.401310 0.228354 0.400591 0.228758 0.399550 0.228263 0.399226 0.227365 0.395060 0.225390 0.393624 0.226197 0.392583 0.225704
4 0.000000 0.359474 0.000000 0.360692 0.000000 0.360977 0.000000 0.362195 0.000000 0.362480 0.000000 0.368573 0.000000 0.368857 0.000000 0.374950 0.000000 0.375885 0.000000 0.377103 0.000000 0.378037 0.000000 0.379256 0.000000 0.379540 0.000000 0.380759 0.000000 0.381693 0.000000 0.382911 0.000000 0.384780 0.000000 0.385999 0.000000 0.386933 0.000000 0.388151 0.000000 0.390020 0.000000 0.391239 0.000000 0.393107 0.000000 0.394326 0.000000 0.400865 0.000000 0.402084 0.000000 0.411427 0.000000 0.412076 0.000000 0.414879 0.000000 0.415529 0.000000 0.417398 0.000000 0.418047 0.000000 0.411223 0.000000 0.410289 0.000000 0.409070 0.000000 0.408136 0.000000 0.405699 0.000000 0.399159 0.000000 0.398509 0.000000 0.396641 0.000000 0.395422 0.000000 0.393554 0.000000 0.391116 0.000000 0.389248 0.000000 0.388029 0.000000 0.386161 0.000000 0.382505 0.000000 0.381651 0.000000 0.380434 0.000000 0.379580 0.000000 0.378361 0.000000 0.377793 0.000000 0.378443 0.000000 0.377021 0.000000 0.377671 0.000000 0.377387 0.000000 0.378037 0.000000 0.377752 0.000000 0.378403 0.000000 0.378118 0.000000 0.378768 0.000000 0.376777 0.000000 0.375559 0.000000 0.375275 0.000000 0.374056 0.000000 0.373771 0.000000 0.372552 0.000000 0.371619 0.000000 0.369182 0.000000 0.360774 0.000000 0.360123 0.000000 0.359188 0.000000 0.358539 0.000000 0.357604 0.000000 0.356305 0.000000 0.355371 0.000000 0.353421 0.000000 0.353705 0.000000 0.353055 0.000000 0.353624 0.000000 0.352975 0.000000 0.353543 0.000000 0.352893 0.000000 0.353461 0.000000 0.352812 0.000000 0.353097 0.000000 0.351797
7 0.682310 0.867141 0.680731 0.872347 0.680012 0.872752 0.678433 0.877958 0.679726 0.881550 0.679331 0.882852 0.679655 0.883750 0.679260 0.885051 0.679583 0.885949 0.679188 0.887251 0.685655 0.905209 0.686374 0.904805 0.690540 0.906780 0.691976 0.905972 0.693018 0.906465 0.695172 0.905254 0.695567 0.903953 0.696286 0.903549 0.696680 0.902247 0.698117 0.901439 0.699301 0.897534 0.700019 0.897130 0.699696 0.896232 0.702460 0.887120 0.703897 0.886312 0.704292 0.885009 0.707164 0.883394 0.708206 0.883888 0.708925 0.883484 0.712049 0.884966 0.712767 0.884563 0.715892 0.886044 0.716610 0.885640 0.717652 0.886134 0.719088 0.885326 0.720130 0.885820 0.720848 0.885416 0.721889 0.885910 0.724762 0.884294 0.725157 0.882993 0.725876 0.882589 0.726271 0.881287 0.726989 0.880883 0.727778 0.878280 0.727454 0.877382 0.728245 0.874778 0.723395 0.861311 0.722353 0.860816 0.721707 0.859020 0.716499 0.856550 0.716176 0.855653 0.714092 0.854666 0.713374 0.855069 0.712332 0.854575 0.708741 0.856595 0.707700 0.856100 0.706982 0.856504 0.705940 0.856011 0.702349 0.858031 0.701307 0.857536 0.700589 0.857940 0.699548 0.857446
8 0.300191 0.345684 0.299402 0.348287 0.298684 0.348691 0.297105 0.353897 0.297428 0.354796 0.295848 0.360003 0.296172 0.360901 0.295382 0.363505 0.295705 0.364403 0.295310 0.365704 0.295634 0.366602 0.295238 0.367904 0.295561 0.368802 0.295167 0.370103 0.296137 0.372797 0.295742 0.374099 0.296389 0.375895 0.295994 0.377196 0.304724 0.401438 0.305766 0.401932 0.306412 0.403728 0.307454 0.404222 0.307777 0.405120 0.309861 0.406107 0.310184 0.407005 0.311225 0.407499 0.311549 0.408397 0.315715 0.410373 0.316433 0.409969 0.318516 0.410957 0.319234 0.410553 0.321318 0.411541 0.322036 0.411137 0.325160 0.412619 0.347425 0.400097 0.347102 0.399200 0.347892 0.396596 0.347569 0.395698 0.347963 0.394396 0.347640 0.393499 0.348430 0.390895 0.347460 0.388201 0.347855 0.386899 0.346238 0.382411 0.345197 0.381916 0.344874 0.381019 0.341749 0.379537 0.341031 0.379941 0.339988 0.379447 0.337834 0.380658 0.336792 0.380165 0.336074 0.380569 0.335033 0.380074 0.334314 0.380479 0.328065 0.377515 0.327742 0.376617 0.326700 0.376123 0.326054 0.374328 0.325011 0.373834 0.324688 0.372935 0.322605 0.371947 0.320665 0.366561 0.321060 0.365259 0.320737 0.364361 0.321527 0.361758 0.320557 0.359064 0.321346 0.356460 0.320700 0.354665 0.321094 0.353363 0.320124 0.350670 0.320520 0.349367 0.320196 0.348469 0.319154 0.347976 0.319550 0.346673 0.317286 0.340388 0.316244 0.339895 0.315921 0.338997 0.314879 0.338504 0.314556 0.337605
4 0.904081 0.617174 0.903685 0.618477 0.904009 0.619375 0.903220 0.621978 0.903543 0.622876 0.903148 0.624178 0.904765 0.628667 0.905806 0.629161 0.906130 0.630059 0.907171 0.630553 0.908141 0.633247 0.910224 0.634234 0.911195 0.636928 0.914320 0.638410 0.914643 0.639307 0.917767 0.640790 0.918090 0.641687 0.919131 0.642182 0.919455 0.643079 0.920497 0.643573 0.921467 0.646267 0.919888 0.651474 0.914860 0.654301 0.914465 0.655602 0.912310 0.656814 0.911269 0.656321 0.909832 0.657129 0.908791 0.656634 0.905200 0.658654 0.904805 0.659956 0.901213 0.661976 0.900818 0.663277 0.898664 0.664489 0.898269 0.665791 0.896833 0.666598 0.903623 0.685453 0.906747 0.686936 0.908184 0.686128 0.909225 0.686621 0.909943 0.686218 0.912027 0.687205 0.913463 0.686398 0.914505 0.686891 0.918814 0.684468 0.919855 0.684962 0.930629 0.678903 0.931024 0.677602 0.933897 0.675986 0.934292 0.674684 0.935728 0.673876 0.936123 0.672575 0.937560 0.671767 0.937954 0.670465 0.938672 0.670061 0.939067 0.668760 0.939786 0.668355 0.940181 0.667053 0.940899 0.666650 0.941294 0.665347 0.942012 0.664943 0.943196 0.661039 0.942873 0.660141 0.944452 0.654934 0.944129 0.654036 0.944525 0.652734 0.944201 0.651836 0.944596 0.650535 0.944272 0.649636 0.945457 0.645731 0.936727 0.621489 0.934644 0.620501 0.934320 0.619604 0.931195 0.618122 0.930872 0.617224 0.929831 0.616730 0.929507 0.615832 0.921175 0.611881 0.920457 0.612284 0.919415 0.611790 0.918697 0.612194 0.917655 0.611701 0.916937 0.612105 0.915896 0.611610 0.915572 0.610712
0 0.162318 0.888572 0.161922 0.889874 0.161204 0.890277 0.160810 0.891580 0.160092 0.891983 0.159302 0.894587 0.158584 0.894991 0.158189 0.896292 0.157470 0.896696 0.156681 0.899299 0.155963 0.899703 0.154778 0.903609 0.154060 0.904013 0.153665 0.905315 0.153989 0.906212 0.153198 0.908816 0.152480 0.909220 0.150901 0.914427 0.151224 0.915325 0.150039 0.919230 0.150363 0.920128 0.149968 0.921430 0.150292 0.922328 0.149896 0.923630 0.150219 0.924528 0.149430 0.927131 0.157513 0.949578 0.158555 0.950071 0.158878 0.950969 0.159919 0.951464 0.160243 0.952361 0.163368 0.953843 0.163691 0.954740 0.164733 0.955234 0.165057 0.956133 0.165775 0.955729 0.170982 0.958198 0.182474 0.951735 0.182868 0.950434 0.183586 0.950030 0.183982 0.948728 0.185418 0.947920 0.186208 0.945317 0.186926 0.944913 0.187716 0.942309 0.187393 0.941411 0.187788 0.940110 0.186171 0.935620 0.186565 0.934318 0.185272 0.930727 0.184231 0.930233 0.183908 0.929335 0.184302 0.928033 0.183261 0.927540 0.181644 0.923050 0.182039 0.921749 0.181715 0.920851 0.182110 0.919549 0.181787 0.918651 0.183366 0.913444 0.184084 0.913041 0.180204 0.902266 0.179163 0.901772 0.178840 0.900874 0.177798 0.900380 0.177151 0.898584 0.175069 0.897596 0.174422 0.895801 0.173380 0.895307 0.173057 0.894409 0.170974 0.893421 0.170327 0.891625 0.169286 0.891131 0.168962 0.890233 0.167920 0.889740 0.167274 0.887944 0.166232 0.887450 0.165909 0.886553
