11 0.515315 0.186997 0.513782 0.187918 0.511645 0.186972 0.502448 0.192489 0.501380 0.192016 0.499846 0.192936 0.499382 0.194328 0.497850 0.195248 0.497385 0.196641 0.495853 0.197560 0.488426 0.219843 0.485360 0.221682 0.481182 0.234215 0.482252 0.234689 0.482856 0.236555 0.484992 0.237501 0.485598 0.239366 0.486666 0.239839 0.487875 0.243572 0.487411 0.244964 0.488015 0.246830 0.487551 0.248222 0.488155 0.250088 0.487226 0.252873 0.487830 0.254739 0.487366 0.256131 0.490388 0.265460 0.489924 0.266852 0.490529 0.268719 0.489601 0.271504 0.490205 0.273370 0.489276 0.276155 0.489881 0.278020 0.489416 0.279413 0.490021 0.281278 0.491090 0.281751 0.491694 0.283618 0.493831 0.284563 0.494436 0.286430 0.495504 0.286903 0.496108 0.288768 0.497178 0.289241 0.499596 0.296704 0.514555 0.303326 0.515019 0.301934 0.524217 0.296416 0.524681 0.295024 0.526213 0.294104 0.526677 0.292712 0.528210 0.291791 0.529138 0.289006 0.530670 0.288087 0.532063 0.283909 0.535129 0.282070 0.546270 0.248645 0.545664 0.246780 0.546593 0.243995 0.545989 0.242129 0.546917 0.239344 0.546313 0.237477 0.546777 0.236085 0.546173 0.234219 0.547102 0.231434 0.546497 0.229569 0.547890 0.225391 0.546077 0.219793 0.546541 0.218401 0.544727 0.212804 0.545192 0.211410 0.543982 0.207679 0.542914 0.207206 0.541706 0.203475 0.540636 0.203002 0.540032 0.201135 0.537896 0.200190 0.537291 0.198325 0.536222 0.197851 0.535618 0.195985
6 0.611821 0.809849 0.608756 0.811689 0.607688 0.811216 0.604622 0.813054 0.603554 0.812582 0.598955 0.815341 0.597887 0.814868 0.594821 0.816707 0.593892 0.819492 0.589295 0.822250 0.584653 0.836177 0.585257 0.838043 0.586325 0.838516 0.588139 0.844113 0.590276 0.845058 0.590879 0.846925 0.597292 0.849763 0.597896 0.851628 0.601102 0.853047 0.601706 0.854913 0.608118 0.857752 0.608722 0.859618 0.610860 0.860564 0.611464 0.862429 0.613600 0.863375 0.614206 0.865242 0.615274 0.865715 0.617086 0.871310 0.616622 0.872704 0.617832 0.876435 0.614582 0.886184 0.615186 0.888050 0.614722 0.889442 0.615327 0.891309 0.614863 0.892701 0.615467 0.894567 0.642181 0.906393 0.643714 0.905472 0.645106 0.901295 0.646640 0.900375 0.647569 0.897590 0.649101 0.896670 0.650493 0.892493 0.652026 0.891572 0.652954 0.888787 0.654487 0.887867 0.654951 0.886475 0.654347 0.884609 0.655879 0.883690 0.655275 0.881824 0.657597 0.874860 0.656992 0.872995 0.658385 0.868817 0.657781 0.866951 0.658709 0.864166 0.658104 0.862300 0.658568 0.860907 0.657360 0.857176 0.657824 0.855784 0.657219 0.853917 0.657683 0.852524 0.652848 0.837599 0.651779 0.837126 0.649967 0.831529 0.647830 0.830583 0.646620 0.826851 0.645552 0.826378 0.644948 0.824514
10 0.312060 0.311173 0.310528 0.312092 0.310064 0.313486 0.306997 0.315324 0.306533 0.316718 0.303468 0.318557 0.303004 0.319949 0.299939 0.321788 0.299475 0.323182 0.297941 0.324101 0.297477 0.325493 0.295945 0.326414 0.294552 0.330591 0.293020 0.331511 0.292091 0.334296 0.290559 0.335217 0.288238 0.342179 0.286704 0.343099 0.286240 0.344490 0.286845 0.346357 0.283132 0.357499 0.283736 0.359364 0.283272 0.360757 0.283876 0.362622 0.282483 0.366800 0.283087 0.368667 0.282623 0.370058 0.283228 0.371925 0.282764 0.373317 0.283368 0.375183 0.282904 0.376575 0.283508 0.378441 0.283044 0.379833 0.284858 0.385431 0.284393 0.386824 0.285601 0.390555 0.285137 0.391947 0.289368 0.405007 0.290437 0.405480 0.291646 0.409212 0.292714 0.409684 0.293318 0.411551 0.294387 0.412024 0.294992 0.413890 0.323842 0.426662 0.325376 0.425742 0.326445 0.426215 0.327977 0.425295 0.330115 0.426241 0.331647 0.425322 0.333785 0.426268 0.336850 0.424429 0.337918 0.424902 0.340984 0.423063 0.342053 0.423536 0.348184 0.419857 0.349112 0.417071 0.350644 0.416152 0.352502 0.410581 0.351897 0.408716 0.352362 0.407323 0.351152 0.403591 0.351616 0.402199 0.350408 0.398468 0.349340 0.397995 0.348734 0.396129 0.346598 0.395183 0.345994 0.393317 0.340652 0.390952 0.340046 0.389086 0.334703 0.386721 0.334099 0.384855 0.332565 0.385775 0.331497 0.385302 0.330893 0.383436 0.328757 0.382490 0.325130 0.371296 0.325594 0.369903 0.323176 0.362440 0.324569 0.358262 0.323965 0.356397 0.325358 0.352219 0.326890 0.351300 0.327819 0.348513 0.329351 0.347594 0.330279 0.344809 0.331813 0.343889 0.332741 0.341104 0.334273 0.340185 0.338452 0.327650 0.337847 0.325785 0.338776 0.323000
6 0.623700 0.391596 0.622167 0.392516 0.621099 0.392043 0.619566 0.392964 0.619102 0.394356 0.617568 0.395276 0.617104 0.396667 0.615572 0.397588 0.615108 0.398980 0.613575 0.399900 0.613111 0.401293 0.611579 0.402212 0.611114 0.403606 0.609581 0.404524 0.608188 0.408702 0.606655 0.409623 0.605587 0.409150 0.604055 0.410069 0.601917 0.409122 0.600384 0.410043 0.599315 0.409569 0.597783 0.410488 0.596714 0.410015 0.595182 0.410936 0.594577 0.409069 0.593508 0.408596 0.591694 0.403000 0.592159 0.401607 0.590951 0.397876 0.591415 0.396482 0.590811 0.394618 0.591275 0.393224 0.588857 0.385762 0.587789 0.385289 0.586580 0.381557 0.571620 0.374935 0.570087 0.375854 0.569018 0.375381 0.567486 0.376301 0.566418 0.375828 0.563351 0.377667 0.554996 0.402735 0.556809 0.408332 0.556346 0.409724 0.556949 0.411590 0.556485 0.412982 0.559507 0.422311 0.560577 0.422784 0.563598 0.432113 0.564666 0.432586 0.565270 0.434452 0.566338 0.434925 0.566944 0.436790 0.568012 0.437263 0.568616 0.439129 0.569686 0.439603 0.570290 0.441468 0.572427 0.442413 0.573032 0.444280 0.597608 0.455160 0.600674 0.453321 0.601743 0.453794 0.603275 0.452873 0.604343 0.453346 0.610474 0.449668 0.611544 0.450142 0.614609 0.448302 0.615678 0.448776 0.616143 0.447383 0.617675 0.446464 0.618139 0.445070 0.619671 0.444151 0.620136 0.442758 0.621669 0.441838 0.622132 0.440446 0.623665 0.439525 0.624593 0.436740 0.626127 0.435822 0.635411 0.407968 0.634805 0.406102 0.635270 0.404709 0.632248 0.395380
3 0.472998 0.920994 0.471464 0.921913 0.466121 0.919548 0.464589 0.920467 0.463519 0.919994 0.461987 0.920914 0.460919 0.920441 0.459386 0.921362 0.458318 0.920889 0.456784 0.921807 0.454648 0.920862 0.453114 0.921781 0.452045 0.921308 0.441317 0.927746 0.440853 0.929138 0.433188 0.933736 0.432260 0.936521 0.430727 0.937442 0.429799 0.940227 0.425200 0.942986 0.413595 0.977802 0.414201 0.979668 0.413737 0.981061 0.414341 0.982926 0.451645 0.985056 0.453966 0.978093 0.455498 0.977174 0.455963 0.975781 0.455358 0.973916 0.456891 0.972995 0.457819 0.970210 0.459352 0.969290 0.459816 0.967898 0.462881 0.966059 0.463345 0.964665 0.464879 0.963747 0.465947 0.964220 0.467479 0.963299 0.470685 0.964719 0.472218 0.963800 0.475424 0.965219 0.485172 0.935973 0.482755 0.928509 0.481686 0.928036 0.481082 0.926171 0.478944 0.925225 0.478340 0.923359
5 0.830584 0.473592 0.829051 0.474512 0.827983 0.474039 0.826449 0.474957 0.825381 0.474485 0.823849 0.475405 0.822779 0.474932 0.821247 0.475850 0.820179 0.475378 0.818646 0.476298 0.817578 0.475825 0.816044 0.476743 0.814976 0.476271 0.810377 0.479030 0.809913 0.480423 0.803782 0.484101 0.798676 0.499420 0.799885 0.503152 0.799421 0.504545 0.800025 0.506410 0.799561 0.507803 0.800769 0.511534 0.800305 0.512927 0.801374 0.513401 0.801979 0.515265 0.803047 0.515738 0.803652 0.517605 0.804720 0.518078 0.805325 0.519943 0.807461 0.520889 0.808066 0.522755 0.811272 0.524175 0.811877 0.526039 0.816151 0.527932 0.817683 0.527013 0.818751 0.527485 0.820285 0.526566 0.832039 0.531769 0.833852 0.537366 0.831067 0.545722 0.831671 0.547588 0.829350 0.554552 0.829954 0.556416 0.829490 0.557810 0.830095 0.559676 0.829631 0.561068 0.830839 0.564799 0.830375 0.566192 0.831584 0.569924 0.849750 0.577966 0.854349 0.575206 0.854813 0.573815 0.856345 0.572894 0.856809 0.571502 0.858342 0.570582 0.858806 0.569189 0.861872 0.567350 0.869763 0.543675 0.869160 0.541809 0.869623 0.540417 0.869018 0.538551 0.869947 0.535765 0.869343 0.533899 0.869807 0.532507 0.869203 0.530641 0.869667 0.529249 0.869063 0.527383 0.869527 0.525991 0.868922 0.524125 0.869386 0.522731 0.866968 0.515269 0.867432 0.513877 0.866225 0.510145 0.865156 0.509672 0.863342 0.504075 0.862273 0.503602 0.860461 0.498005 0.859393 0.497532 0.858183 0.493800 0.857115 0.493327 0.856510 0.491461 0.855441 0.490988 0.854837 0.489123 0.853769 0.488650 0.853164 0.486783 0.851027 0.485838 0.850423 0.483973 0.849355 0.483500 0.848749 0.481633
4 0.539632 0.813051 0.539168 0.814443 0.536102 0.816283 0.535173 0.819068 0.533641 0.819987 0.531784 0.825559 0.530252 0.826478 0.529787 0.827871 0.530392 0.829736 0.529927 0.831129 0.530532 0.832994 0.530067 0.834387 0.532485 0.841850 0.535691 0.843269 0.536295 0.845135 0.538433 0.846082 0.539037 0.847946 0.540105 0.848419 0.540709 0.850285 0.541779 0.850759 0.543592 0.856357 0.541735 0.861927 0.540202 0.862845 0.539134 0.862372 0.525339 0.870649 0.524271 0.870176 0.522737 0.871096 0.521669 0.870623 0.520136 0.871544 0.519066 0.871070 0.511403 0.875667 0.510335 0.875194 0.502908 0.897477 0.504118 0.901208 0.503189 0.903995 0.503793 0.905860 0.503329 0.907253 0.503933 0.909118 0.505001 0.909591 0.505605 0.911457 0.506675 0.911930 0.507279 0.913795 0.510485 0.915214 0.511089 0.917080 0.514295 0.918500 0.515828 0.917579 0.521170 0.919944 0.522704 0.919026 0.526977 0.920918 0.528511 0.919998 0.530647 0.920944 0.532181 0.920025 0.534317 0.920971 0.537382 0.919132 0.538452 0.919605 0.541517 0.917764 0.542586 0.918238 0.548717 0.914560 0.549181 0.913168 0.555311 0.909488 0.555775 0.908096 0.557309 0.907176 0.557773 0.905784 0.559306 0.904864 0.560234 0.902079 0.561766 0.901160 0.575692 0.859380 0.573879 0.853782 0.574343 0.852389 0.573135 0.848658 0.573599 0.847266 0.572391 0.843535 0.572855 0.842142 0.572250 0.840275 0.571182 0.839802 0.570577 0.837937 0.571042 0.836544 0.569974 0.836071 0.568160 0.830475 0.567090 0.830001 0.565278 0.824404
0 0.413793 0.300273 0.409195 0.303032 0.408731 0.304424 0.405666 0.306264 0.404737 0.309050 0.403205 0.309969 0.400884 0.316933 0.401488 0.318799 0.400559 0.321584 0.401164 0.323449 0.399771 0.327627 0.400375 0.329492 0.399911 0.330885 0.400516 0.332752 0.400052 0.334144 0.400656 0.336010 0.400192 0.337402 0.402005 0.343000 0.399221 0.351355 0.397687 0.352275 0.396618 0.351802 0.395086 0.352721 0.394018 0.352248 0.392484 0.353168 0.389279 0.351749 0.387747 0.352669 0.385609 0.351723 0.384076 0.352642 0.379802 0.350750 0.378270 0.351670 0.370789 0.348359 0.369256 0.349277 0.367119 0.348331 0.362520 0.351091 0.362056 0.352484 0.360524 0.353403 0.359456 0.352930 0.356389 0.354769 0.347106 0.382622 0.348919 0.388219 0.349987 0.388692 0.351197 0.392424 0.352265 0.392897 0.352869 0.394763 0.353937 0.395236 0.354543 0.397101 0.355611 0.397574 0.356215 0.399440 0.358353 0.400387 0.358957 0.402253 0.377122 0.410294 0.380189 0.408454 0.382325 0.409400 0.385391 0.407561 0.387528 0.408507 0.389061 0.407589 0.390130 0.408061 0.393194 0.406222 0.394263 0.406695 0.395797 0.405775 0.396865 0.406248 0.406061 0.400731 0.407130 0.401204 0.411729 0.398445 0.412193 0.397052 0.415258 0.395212 0.415722 0.393820 0.420321 0.391061 0.420785 0.389668 0.422318 0.388749 0.422782 0.387356 0.425848 0.385517 0.439310 0.345130 0.438704 0.343263 0.439168 0.341871 0.437960 0.338141 0.438424 0.336747 0.437820 0.334883 0.438285 0.333489 0.437679 0.331622 0.438143 0.330231 0.436331 0.324633 0.436795 0.323242 0.436190 0.321375 0.435122 0.320902 0.433912 0.317170 0.432844 0.316698 0.431636 0.312967 0.430566 0.312493 0.428754 0.306896
3 0.621180 0.527922 0.619647 0.528841 0.618578 0.528368 0.615513 0.530209 0.614444 0.529736 0.612912 0.530655 0.611843 0.530181 0.601114 0.536619 0.600650 0.538012 0.599116 0.538931 0.598652 0.540324 0.595587 0.542163 0.583054 0.579765 0.585472 0.587228 0.586540 0.587700 0.588353 0.593298 0.589422 0.593771 0.590025 0.595637 0.598574 0.599422 0.599038 0.598028 0.600572 0.597109 0.601641 0.597581 0.604705 0.595742 0.605169 0.594350 0.606703 0.593430 0.609024 0.586467 0.608419 0.584601 0.609347 0.581816 0.608743 0.579950 0.611064 0.572987 0.612596 0.572068 0.613525 0.569282 0.615059 0.568363 0.615523 0.566971 0.620120 0.564211 0.621188 0.564684 0.622722 0.563764 0.623791 0.564237 0.625323 0.563318 0.626392 0.563792 0.627925 0.562871 0.628993 0.563344 0.630525 0.562425 0.634800 0.564317 0.635404 0.566182 0.637542 0.567128 0.638146 0.568995 0.639215 0.569468 0.639820 0.571333 0.644094 0.573225 0.644698 0.575091 0.647904 0.576510 0.649437 0.575590 0.650505 0.576063 0.652037 0.575144 0.653107 0.575617 0.657749 0.561690 0.656539 0.557959 0.657004 0.556565 0.655935 0.556093 0.655331 0.554228 0.654263 0.553755 0.653053 0.550023 0.651985 0.549550 0.651380 0.547684 0.650312 0.547211 0.649707 0.545346 0.648639 0.544873 0.647430 0.541140 0.646362 0.540667 0.645757 0.538803
3 0.434910 0.218526 0.433377 0.219447 0.431239 0.218500 0.429707 0.219419 0.426501 0.218000 0.423436 0.219839 0.420230 0.218420 0.418697 0.219341 0.417628 0.218867 0.416096 0.219786 0.415027 0.219313 0.413495 0.220234 0.412425 0.219760 0.409360 0.221599 0.408292 0.221127 0.402161 0.224805 0.401093 0.224332 0.396494 0.227091 0.396030 0.228484 0.392964 0.230323 0.392500 0.231715 0.389435 0.233554 0.388506 0.236339 0.386972 0.237259 0.385904 0.236786 0.369194 0.286922 0.370403 0.290653 0.371471 0.291126 0.372075 0.292992 0.374213 0.293939 0.374817 0.295805 0.381228 0.298643 0.381833 0.300508 0.395725 0.306658 0.397257 0.305739 0.399395 0.306685 0.400927 0.305765 0.401995 0.306238 0.403529 0.305318 0.404598 0.305791 0.415326 0.299353 0.415790 0.297961 0.418856 0.296122 0.419321 0.294729 0.420853 0.293810 0.421317 0.292417 0.422851 0.291498 0.423779 0.288712 0.425312 0.287793 0.426240 0.285008 0.427773 0.284087 0.428236 0.282695 0.431303 0.280856 0.434507 0.282275 0.436040 0.281355 0.438178 0.282301 0.439710 0.281381 0.440779 0.281854 0.446910 0.278176 0.459443 0.240574 0.457306 0.239628 0.456702 0.237762 0.454565 0.236816 0.453356 0.233085 0.451219 0.232138 0.450614 0.230273 0.448478 0.229328 0.447873 0.227461 0.445736 0.226515 0.445132 0.224650 0.439788 0.222285 0.439184 0.220419 0.438116 0.219946 0.436582 0.220865 0.435513 0.220393
4 0.604689 0.169029 0.600090 0.171788 0.599022 0.171315 0.597490 0.172234 0.596421 0.171761 0.595957 0.173154 0.591358 0.175913 0.590894 0.177305 0.587829 0.179145 0.581331 0.198642 0.581935 0.200508 0.580078 0.206079 0.580682 0.207945 0.579290 0.212122 0.579893 0.213988 0.579429 0.215380 0.580035 0.217247 0.579571 0.218638 0.582592 0.227967 0.582128 0.229360 0.585149 0.238689 0.586218 0.239162 0.588031 0.244758 0.589100 0.245231 0.589705 0.247098 0.591841 0.248044 0.592445 0.249910 0.594583 0.250856 0.595187 0.252721 0.596256 0.253194 0.596859 0.255060 0.597929 0.255533 0.599137 0.259264 0.627989 0.272037 0.629522 0.271116 0.630591 0.271590 0.632124 0.270671 0.633192 0.271144 0.634725 0.270223 0.636862 0.271170 0.639927 0.269330 0.640995 0.269803 0.642529 0.268883 0.643598 0.269356 0.645130 0.268437 0.646198 0.268910 0.650797 0.266151 0.651261 0.264759 0.658926 0.260161 0.667746 0.233700 0.666536 0.229969 0.665468 0.229496 0.664864 0.227630 0.662726 0.226683 0.662122 0.224818 0.656778 0.222453 0.655246 0.223372 0.654177 0.222899 0.653573 0.221034 0.651435 0.220088 0.649903 0.221007 0.640286 0.216750 0.639681 0.214884 0.638612 0.214411 0.636799 0.208814 0.635731 0.208341 0.632105 0.197147 0.632569 0.195754 0.631360 0.192022 0.631824 0.190629 0.631220 0.188764 0.632148 0.185979 0.630335 0.180382
7 0.435793 0.580099 0.434259 0.581019 0.433190 0.580546 0.431658 0.581465 0.430590 0.580992 0.429057 0.581913 0.427988 0.581439 0.418792 0.586957 0.418328 0.588350 0.416794 0.589268 0.416330 0.590662 0.411732 0.593421 0.410804 0.596206 0.407738 0.598045 0.394276 0.638432 0.395486 0.642163 0.395021 0.643557 0.395626 0.645422 0.395161 0.646815 0.396975 0.652413 0.396511 0.653804 0.397719 0.657535 0.397255 0.658929 0.399068 0.664526 0.400136 0.664999 0.401950 0.670595 0.403018 0.671068 0.404832 0.676666 0.406968 0.677612 0.407573 0.679479 0.409710 0.680424 0.410314 0.682289 0.411384 0.682763 0.411988 0.684629 0.415194 0.686048 0.415798 0.687913 0.427553 0.693116 0.429085 0.692198 0.430153 0.692670 0.431686 0.691750 0.434892 0.693169 0.436425 0.692251 0.438562 0.693197 0.441628 0.691357 0.443765 0.692302 0.445297 0.691383 0.446365 0.691856 0.447899 0.690936 0.448968 0.691409 0.461036 0.655201 0.447145 0.649052 0.445611 0.649970 0.445007 0.648105 0.442871 0.647159 0.442265 0.645293 0.441197 0.644820 0.439385 0.639223 0.438316 0.638749 0.437711 0.636884 0.438176 0.635491 0.437571 0.633626 0.438500 0.630841 0.437896 0.628975 0.439289 0.624797 0.438079 0.621065 0.438543 0.619673 0.437939 0.617807 0.439332 0.613629 0.438728 0.611764 0.439192 0.610371 0.440724 0.609452 0.441188 0.608058 0.442721 0.607139 0.446434 0.595997 0.444017 0.588535 0.442948 0.588062 0.442343 0.586195 0.441275 0.585722 0.440671 0.583858 0.437465 0.582438 0.436861 0.580572
1 0.108679 0.663829 0.107147 0.664748 0.105009 0.663801 0.095814 0.669319 0.095349 0.670712 0.093815 0.671632 0.092887 0.674417 0.089822 0.676256 0.089358 0.677648 0.087824 0.678568 0.087360 0.679961 0.085828 0.680880 0.085363 0.682273 0.082298 0.684113 0.081834 0.685505 0.077236 0.688264 0.075099 0.687318 0.073565 0.688238 0.072961 0.686372 0.071893 0.685899 0.071287 0.684033 0.069151 0.683088 0.068547 0.681221 0.067479 0.680749 0.066874 0.678882 0.065805 0.678409 0.062783 0.669082 0.061714 0.668608 0.060182 0.669527 0.059113 0.669054 0.054515 0.671813 0.053586 0.674599 0.052054 0.675519 0.051590 0.676911 0.050057 0.677831 0.048665 0.682008 0.047131 0.682928 0.038775 0.707996 0.041194 0.715459 0.040730 0.716852 0.041334 0.718717 0.042403 0.719190 0.043006 0.721056 0.044075 0.721529 0.044680 0.723396 0.045748 0.723869 0.046352 0.725733 0.047421 0.726206 0.048026 0.728073 0.049094 0.728546 0.049698 0.730411 0.050768 0.730884 0.051372 0.732750 0.052440 0.733223 0.053044 0.735088 0.054113 0.735561 0.054718 0.737428 0.077158 0.747361 0.083289 0.743683 0.084357 0.744156 0.087423 0.742317 0.088491 0.742790 0.090024 0.741870 0.090488 0.740477 0.093555 0.738638 0.094019 0.737246 0.097083 0.735407 0.097548 0.734013 0.099082 0.733093 0.099546 0.731702 0.102610 0.729862 0.103539 0.727077 0.105071 0.726157 0.105536 0.724763 0.107068 0.723844 0.118209 0.690420 0.117604 0.688555 0.118069 0.687162 0.117465 0.685297 0.118393 0.682512 0.117789 0.680646 0.118253 0.679252 0.115230 0.669925 0.113094 0.668979 0.112490 0.667113 0.111420 0.666639 0.110816 0.664774
11 0.648744 0.596061 0.645680 0.597900 0.644610 0.597427 0.641545 0.599266 0.640477 0.598793 0.631280 0.604310 0.627566 0.615452 0.629704 0.616398 0.630308 0.618263 0.634582 0.620155 0.635186 0.622021 0.636255 0.622494 0.637464 0.626226 0.638532 0.626699 0.640346 0.632296 0.639882 0.633688 0.642903 0.643017 0.643972 0.643490 0.644577 0.645357 0.650988 0.648195 0.651592 0.650059 0.652661 0.650533 0.653870 0.654264 0.652941 0.657049 0.653545 0.658915 0.652617 0.661700 0.653222 0.663567 0.652294 0.666352 0.652898 0.668217 0.651505 0.672395 0.653923 0.679858 0.681707 0.692157 0.683239 0.691238 0.683703 0.689845 0.686768 0.688005 0.687233 0.686612 0.690299 0.684773 0.698654 0.659706 0.698048 0.657840 0.698513 0.656447 0.697908 0.654582 0.698373 0.653189 0.697769 0.651323 0.698233 0.649931 0.697629 0.648065 0.698093 0.646673 0.696883 0.642941 0.697348 0.641548 0.696140 0.637817 0.695070 0.637344 0.693862 0.633613 0.692794 0.633140 0.689772 0.623811 0.688703 0.623338 0.687494 0.619607 0.686425 0.619133 0.685821 0.617267 0.684753 0.616794 0.684148 0.614930 0.682011 0.613983 0.681407 0.612117 0.680339 0.611644 0.679733 0.609779
8 0.769010 0.029216 0.768546 0.030609 0.769151 0.032475 0.768687 0.033868 0.769291 0.035734 0.770359 0.036207 0.770963 0.038072 0.773101 0.039018 0.774309 0.042749 0.775379 0.043223 0.776587 0.046954 0.777655 0.047427 0.779469 0.053024 0.780537 0.053497 0.781142 0.055364 0.782210 0.055837 0.786440 0.068896 0.787510 0.069370 0.788718 0.073101 0.789787 0.073574 0.792809 0.082903 0.793877 0.083376 0.795085 0.087107 0.796155 0.087580 0.798573 0.095043 0.799641 0.095516 0.801454 0.101113 0.823894 0.111047 0.824358 0.109654 0.827425 0.107815 0.828353 0.105030 0.829886 0.104109 0.831278 0.099932 0.832810 0.099012 0.833275 0.097619 0.832671 0.095754 0.836384 0.084612 0.833967 0.077150 0.834431 0.075756 0.833361 0.075283 0.832153 0.071552 0.831085 0.071079 0.829875 0.067347 0.828807 0.066875 0.827599 0.063144 0.824393 0.061724 0.823787 0.059859 0.821651 0.058913 0.820119 0.059832 0.819050 0.059359 0.818445 0.057494 0.815239 0.056075 0.814635 0.054208 0.812498 0.053263 0.811289 0.049531 0.811753 0.048138 0.810545 0.044407 0.812402 0.038837 0.811796 0.036970 0.813189 0.032793
1 0.512910 0.411273 0.511378 0.412192 0.510310 0.411719 0.507243 0.413558 0.506175 0.413085 0.504643 0.414006 0.502505 0.413059 0.500972 0.413980 0.499903 0.413506 0.498370 0.414425 0.497302 0.413952 0.495769 0.414873 0.494700 0.414399 0.483971 0.420837 0.483508 0.422229 0.480441 0.424068 0.469765 0.456099 0.470974 0.459830 0.470510 0.461224 0.471578 0.461697 0.472183 0.463561 0.473251 0.464034 0.473856 0.465901 0.474924 0.466374 0.475528 0.468240 0.478734 0.469659 0.484866 0.465980 0.485794 0.463195 0.487326 0.462276 0.487791 0.460882 0.489324 0.459964 0.490717 0.455786 0.492249 0.454865 0.492713 0.453473 0.494246 0.452553 0.494710 0.451161 0.496243 0.450241 0.496707 0.448847 0.498241 0.447929 0.498705 0.446536 0.503302 0.443777 0.504371 0.444251 0.507437 0.442410 0.514917 0.445722 0.516731 0.451319 0.516266 0.452713 0.516870 0.454577 0.516406 0.455971 0.517010 0.457835 0.516546 0.459229 0.517150 0.461095 0.516686 0.462487 0.518499 0.468084 0.517571 0.470870 0.519384 0.476467 0.518920 0.477859 0.519989 0.478332 0.521197 0.482063 0.527609 0.484902 0.528213 0.486768 0.530351 0.487714 0.531883 0.486794 0.534021 0.487740 0.538618 0.484982 0.539688 0.485455 0.544285 0.482695 0.544750 0.481302 0.546282 0.480383 0.552780 0.460886 0.552177 0.459020 0.552640 0.457628 0.551432 0.453897 0.551897 0.452503 0.547061 0.437579 0.545993 0.437106 0.543575 0.429641 0.542506 0.429168 0.541902 0.427304 0.539764 0.426357 0.539160 0.424491 0.537024 0.423545 0.536418 0.421680
10 0.759551 1.000000 0.758018 1.000000 0.756950 1.000000
10 0.173993 0.111014 0.167862 0.114692 0.167397 0.116086 0.165864 0.117004 0.165399 0.118397 0.162335 0.120237 0.161871 0.121629 0.157272 0.124388 0.156808 0.125781 0.155275 0.126700 0.154347 0.129485 0.154951 0.131351 0.153094 0.136922 0.156721 0.148117 0.157789 0.148590 0.159603 0.154186 0.159139 0.155579 0.159743 0.157444 0.159279 0.158837 0.159882 0.160704 0.156634 0.170451 0.157237 0.172317 0.156773 0.173710 0.153708 0.175550 0.149434 0.173658 0.147902 0.174577 0.145764 0.173630 0.144231 0.174551 0.143162 0.174077 0.138565 0.176835 0.138100 0.178229 0.135034 0.180067 0.134106 0.182853 0.132573 0.183773 0.129788 0.192128 0.130392 0.193995 0.129928 0.195386 0.131137 0.199119 0.130673 0.200511 0.131277 0.202377 0.132345 0.202850 0.133555 0.206582 0.134623 0.207055 0.135227 0.208920 0.137365 0.209866 0.137969 0.211732 0.139037 0.212205 0.139643 0.214070 0.153534 0.220220 0.155066 0.219301 0.157204 0.220247 0.158737 0.219327 0.159805 0.219800 0.164403 0.217042 0.165472 0.217515 0.167004 0.216594 0.168072 0.217067 0.169606 0.216149 0.170674 0.216622 0.173741 0.214782 0.174809 0.215255 0.180940 0.211576 0.181404 0.210185 0.182937 0.209264 0.183401 0.207871 0.186467 0.206032 0.187859 0.201855 0.189392 0.200935 0.190320 0.198150 0.191853 0.197229 0.192317 0.195837 0.193850 0.194917 0.205454 0.160100 0.204850 0.158236 0.205314 0.156842 0.204711 0.154976 0.205175 0.153584 0.204571 0.151718 0.205035 0.150326 0.204429 0.148460 0.204893 0.147068 0.204289 0.145201 0.204753 0.143810 0.204150 0.141943 0.204614 0.140550 0.202196 0.133088 0.202660 0.131696 0.200847 0.126098 0.198709 0.125152 0.198105 0.123286 0.197037 0.122813 0.196433 0.120948
10 0.052362 0.792321 0.051898 0.793712 0.048832 0.795551 0.047764 0.795078 0.046231 0.795999 0.045303 0.798784 0.042238 0.800623 0.040382 0.806194 0.038848 0.807113 0.038384 0.808505 0.036851 0.809426 0.035458 0.813604 0.032394 0.815443 0.031001 0.819622 0.027935 0.821461 0.027471 0.822852 0.025938 0.823773 0.025474 0.825165 0.023940 0.826084 0.008158 0.873435 0.009227 0.873908 0.011645 0.881371 0.012713 0.881844 0.013923 0.885575 0.014991 0.886048 0.015595 0.887914 0.015131 0.889306 0.030092 0.895929 0.031624 0.895010 0.033760 0.895956 0.035293 0.895035 0.037431 0.895982 0.038963 0.895063 0.040031 0.895536 0.044630 0.892777 0.045700 0.893250 0.046164 0.891858 0.047696 0.890938 0.048161 0.889545 0.051225 0.887705 0.051689 0.886313 0.053222 0.885393 0.054150 0.882608 0.055684 0.881689 0.056148 0.880296 0.057681 0.879376 0.059538 0.873805 0.061070 0.872886 0.063391 0.865923 0.062787 0.864057 0.064180 0.859878 0.063575 0.858014 0.066825 0.848265 0.066219 0.846398 0.068076 0.840828 0.067472 0.838963 0.070721 0.829214 0.070117 0.827348 0.071046 0.824563 0.070442 0.822697 0.074155 0.811556 0.071737 0.804094 0.070668 0.803620 0.069460 0.799889
0 0.816430 0.534449 0.814898 0.535368 0.811692 0.533949 0.810159 0.534869 0.809091 0.534396 0.804492 0.537155 0.793352 0.570579 0.795165 0.576176 0.794701 0.577568 0.795910 0.581299 0.795445 0.582692 0.798468 0.592022 0.799536 0.592495 0.800141 0.594359 0.801209 0.594832 0.802418 0.598565 0.804554 0.599511 0.805764 0.603242 0.807900 0.604188 0.808506 0.606054 0.809574 0.606526 0.810178 0.608393 0.828344 0.616434 0.829878 0.615514 0.830946 0.615987 0.832478 0.615068 0.834615 0.616014 0.837681 0.614175 0.838749 0.614648 0.840283 0.613728 0.842420 0.614674 0.845486 0.612835 0.846554 0.613308 0.852685 0.609630 0.853753 0.610103 0.856820 0.608263 0.857284 0.606871 0.860348 0.605032 0.866847 0.585534 0.865639 0.581803 0.866103 0.580410 0.865034 0.579937 0.863826 0.576206 0.862756 0.575732 0.862152 0.573867 0.854673 0.570557 0.853139 0.571475 0.849933 0.570056 0.848400 0.570976 0.846264 0.570030 0.844732 0.570949 0.843662 0.570476 0.840597 0.572315 0.835255 0.569950 0.833721 0.570870 0.832653 0.570397 0.832049 0.568531 0.829911 0.567584 0.828703 0.563853 0.829167 0.562462 0.827957 0.558730 0.828422 0.557337 0.827213 0.553606 0.827678 0.552213 0.827074 0.550348 0.828002 0.547563 0.826188 0.541965 0.824051 0.541019 0.823447 0.539152 0.819172 0.537260 0.818568 0.535395
2 0.951534 0.044492 0.950002 0.045413 0.947865 0.044467 0.946333 0.045386 0.943127 0.043967 0.940060 0.045807 0.938992 0.045334 0.934394 0.048092 0.933325 0.047619 0.931793 0.048539 0.931329 0.049931 0.929796 0.050851 0.929332 0.052243 0.927798 0.053163 0.927334 0.054556 0.924269 0.056396 0.923805 0.057788 0.922271 0.058707 0.921807 0.060099 0.918742 0.061939 0.917814 0.064725 0.916282 0.065644 0.915353 0.068429 0.913821 0.069350 0.907322 0.088847 0.909134 0.094443 0.910203 0.094916 0.910808 0.096782 0.914014 0.098202 0.914618 0.100068 0.915686 0.100541 0.916290 0.102406 0.918428 0.103352 0.919032 0.105218 0.920100 0.105691 0.921633 0.104771 0.924839 0.106190 0.927905 0.104351 0.928973 0.104824 0.932038 0.102985 0.932503 0.101591 0.949363 0.091476 0.954707 0.093842 0.955311 0.095708 0.956379 0.096181 0.958193 0.101777 0.957264 0.104564 0.957869 0.106428 0.956476 0.110607 0.957080 0.112471 0.956152 0.115257 0.956757 0.117123 0.956293 0.118517 0.956897 0.120381 0.956433 0.121775 0.957641 0.125506 0.956712 0.128291 0.957318 0.130156 0.958386 0.130629 0.960198 0.136226 0.962336 0.137173 0.962940 0.139039 0.969352 0.141877 0.970885 0.140957 0.974091 0.142376 0.975623 0.141457 0.990013 0.098284 0.989409 0.096419 0.990338 0.093633 0.989732 0.091767 0.990196 0.090374 0.988384 0.084778 0.988848 0.083385 0.987639 0.079653 0.988103 0.078260 0.986291 0.072664 0.985221 0.072191 0.984617 0.070325 0.983549 0.069852 0.982943 0.067987 0.981875 0.067514 0.981271 0.065647 0.980203 0.065175 0.978390 0.059577 0.975184 0.058158 0.974579 0.056293 0.973511 0.055820 0.971978 0.056738 0.970909 0.056265 0.970305 0.054401 0.969237 0.053928 0.968633 0.052062
12 0.862838 0.711612 0.861306 0.712531 0.859168 0.711584 0.857636 0.712505 0.855498 0.711558 0.853965 0.712479 0.851827 0.711532 0.836501 0.720728 0.836036 0.722121 0.831438 0.724879 0.830974 0.726272 0.826375 0.729031 0.815234 0.762455 0.816444 0.766186 0.815516 0.768971 0.817933 0.776435 0.819001 0.776908 0.819605 0.778773 0.821743 0.779719 0.822347 0.781585 0.830896 0.785370 0.832430 0.784450 0.833498 0.784923 0.842694 0.779405 0.843158 0.778012 0.844690 0.777093 0.845155 0.775700 0.846688 0.774781 0.847153 0.773388 0.848685 0.772469 0.849149 0.771076 0.850682 0.770155 0.851146 0.768764 0.860343 0.763245 0.861412 0.763718 0.862944 0.762799 0.864012 0.763272 0.864618 0.765137 0.866754 0.766083 0.867359 0.767950 0.868428 0.768423 0.870845 0.775885 0.870381 0.777279 0.872799 0.784741 0.872334 0.786134 0.873402 0.786607 0.874007 0.788472 0.875075 0.788945 0.875680 0.790812 0.878886 0.792231 0.879491 0.794096 0.884833 0.796461 0.886365 0.795542 0.889571 0.796961 0.891104 0.796041 0.892174 0.796514 0.895238 0.794675 0.895702 0.793283 0.900301 0.790524 0.905871 0.773811 0.905266 0.771945 0.905730 0.770553 0.905126 0.768687 0.905590 0.767295 0.904986 0.765429 0.905915 0.762643 0.902893 0.753315 0.903357 0.751923 0.899730 0.740728 0.898662 0.740255 0.897454 0.736524 0.896384 0.736050 0.895780 0.734185 0.894712 0.733713 0.894107 0.731846 0.893038 0.731373 0.892434 0.729508 0.891366 0.729035 0.890762 0.727169 0.889692 0.726696 0.889089 0.724829 0.888020 0.724357 0.887415 0.722491
2 0.559322 0.783411 0.557788 0.784331 0.555651 0.783385 0.554119 0.784305 0.553050 0.783832 0.549984 0.785671 0.548916 0.785198 0.542785 0.788876 0.541717 0.788403 0.541252 0.789797 0.539719 0.790715 0.539254 0.792108 0.537722 0.793027 0.537258 0.794421 0.534193 0.796260 0.533729 0.797652 0.532195 0.798572 0.522911 0.826425 0.524121 0.830156 0.525189 0.830629 0.525793 0.832495 0.526863 0.832969 0.527466 0.834835 0.532809 0.837200 0.534342 0.836280 0.539684 0.838645 0.541218 0.837725 0.542286 0.838198 0.545351 0.836358 0.546421 0.836832 0.549486 0.834992 0.549950 0.833601 0.553016 0.831760 0.554084 0.832233 0.555617 0.831314 0.560961 0.833680 0.561565 0.835545 0.562633 0.836018 0.563841 0.839750 0.563377 0.841142 0.563982 0.843009 0.563518 0.844400 0.564122 0.846267 0.563658 0.847659 0.564262 0.849525 0.563797 0.850918 0.564403 0.852783 0.563475 0.855568 0.564079 0.857435 0.563615 0.858827 0.564219 0.860693 0.563755 0.862085 0.564964 0.865818 0.564500 0.867209 0.566312 0.872806 0.567380 0.873279 0.568590 0.877011 0.568126 0.878403 0.568729 0.880269 0.569799 0.880742 0.571007 0.884473 0.574213 0.885893 0.574817 0.887759 0.578023 0.889178 0.579556 0.888258 0.581694 0.889204 0.584759 0.887365 0.585827 0.887838 0.600216 0.844666 0.597799 0.837202 0.598263 0.835810 0.591616 0.815288 0.589478 0.814342 0.588268 0.810610 0.588733 0.809217 0.588129 0.807351 0.585993 0.806405 0.584783 0.802673 0.582647 0.801727 0.582042 0.799863 0.580973 0.799389 0.580369 0.797523 0.579301 0.797050 0.578695 0.795185 0.575490 0.793766 0.574886 0.791900 0.571680 0.790481 0.571075 0.788614
11 0.924033 0.038712 0.921712 0.045674 0.920178 0.046594 0.916465 0.057734 0.917070 0.059601 0.914749 0.066565 0.915353 0.068429 0.914889 0.069823 0.915493 0.071687 0.914564 0.074474 0.915169 0.076339 0.914240 0.079124 0.916054 0.084721 0.926739 0.089452 0.932871 0.085774 0.933336 0.084381 0.936400 0.082541 0.936865 0.081148 0.938397 0.080229 0.938861 0.078836 0.940393 0.077917 0.940858 0.076524 0.943924 0.074685 0.944852 0.071900 0.946385 0.070979 0.946849 0.069587 0.948382 0.068667 0.949310 0.065882 0.950843 0.064964 0.951308 0.063570 0.952840 0.062650
4 0.883253 0.613572 0.881720 0.614493 0.878514 0.613073 0.876982 0.613992 0.875914 0.613519 0.874380 0.614439 0.873311 0.613966 0.868714 0.616726 0.867644 0.616252 0.864580 0.618092 0.863510 0.617618 0.861978 0.618537 0.852694 0.646390 0.853298 0.648256 0.854368 0.648730 0.854971 0.650596 0.856040 0.651069 0.856645 0.652934 0.858177 0.652015 0.860314 0.652961 0.860918 0.654826 0.863056 0.655772 0.864588 0.654853 0.865658 0.655327 0.866262 0.657192 0.870537 0.659084 0.871140 0.660950 0.873278 0.661896 0.875091 0.667492 0.874626 0.668885 0.875836 0.672617 0.874907 0.675402 0.873375 0.676322 0.872911 0.677714 0.873515 0.679580 0.871982 0.680501 0.870125 0.686071 0.870730 0.687936 0.870265 0.689329 0.868733 0.690248 0.867804 0.693035 0.868409 0.694899 0.866088 0.701863 0.866692 0.703728 0.866228 0.705121 0.866831 0.706987 0.866368 0.708379 0.867577 0.712111 0.882537 0.718733 0.884070 0.717814 0.886207 0.718760 0.890805 0.716001 0.891874 0.716474 0.904135 0.709118 0.904600 0.707724 0.906133 0.706804 0.918201 0.670596 0.916388 0.664998 0.916852 0.663606 0.915040 0.658009 0.915504 0.656616 0.911273 0.643556 0.910205 0.643083 0.907181 0.633755 0.905045 0.632809 0.904441 0.630943 0.903372 0.630469 0.902768 0.628603 0.899563 0.627185 0.898957 0.625319 0.897889 0.624846 0.897285 0.622980 0.894079 0.621561 0.893475 0.619696 0.892407 0.619223 0.891801 0.617356
2 0.551390 0.111873 0.549858 0.112793 0.548789 0.112320 0.547257 0.113239 0.545119 0.112293 0.543587 0.113213 0.542519 0.112740 0.540985 0.113660 0.538848 0.112714 0.537316 0.113633 0.535178 0.112687 0.533645 0.113607 0.532577 0.113134 0.529511 0.114973 0.527375 0.114027 0.522776 0.116787 0.521707 0.116314 0.517109 0.119071 0.516645 0.120465 0.508981 0.125063 0.508517 0.126455 0.505451 0.128294 0.491989 0.168682 0.493059 0.169156 0.493663 0.171020 0.495800 0.171966 0.496405 0.173833 0.497473 0.174306 0.498077 0.176171 0.504488 0.179008 0.505093 0.180875 0.506162 0.181348 0.509228 0.179509 0.510296 0.179982 0.511829 0.179062 0.513967 0.180008 0.515499 0.179089 0.517635 0.180035 0.519168 0.179115 0.521306 0.180061 0.522838 0.179141 0.524976 0.180087 0.529573 0.177329 0.530501 0.174544 0.532035 0.173624 0.533892 0.168053 0.535425 0.167133 0.535889 0.165741 0.543552 0.161143 0.544622 0.161616 0.546154 0.160696 0.552565 0.163534 0.554097 0.162615 0.563716 0.166873 0.565248 0.165952 0.566317 0.166425 0.567850 0.165507 0.568918 0.165980 0.571984 0.164139 0.573052 0.164612 0.580943 0.140937 0.577921 0.131609 0.576853 0.131136 0.575645 0.127405 0.572439 0.125986 0.571834 0.124119 0.570765 0.123646 0.570161 0.121781 0.566955 0.120362 0.566351 0.118496 0.555666 0.113766 0.554132 0.114685 0.551995 0.113740
2 0.237660 0.567503 0.231529 0.571182 0.230601 0.573967 0.229067 0.574885 0.228603 0.576278 0.227070 0.577199 0.219643 0.599481 0.220852 0.603213 0.220389 0.604605 0.221597 0.608336 0.222665 0.608809 0.223874 0.612542 0.223410 0.613933 0.225828 0.621396 0.226896 0.621869 0.228104 0.625600 0.231310 0.627019 0.231914 0.628885 0.232984 0.629359 0.233588 0.631225 0.263508 0.644470 0.265040 0.643550 0.266109 0.644022 0.270707 0.641263 0.271776 0.641736 0.273309 0.640818 0.274377 0.641291 0.275910 0.640370 0.276374 0.638978 0.277907 0.638058 0.278371 0.636666 0.279905 0.635746 0.280973 0.636219 0.282505 0.635299 0.282969 0.633907 0.286036 0.632068 0.295784 0.602822 0.292761 0.593493 0.289556 0.592074 0.288950 0.590209 0.285746 0.588790 0.282679 0.590629 0.281611 0.590156 0.281147 0.591548 0.278083 0.593387 0.277618 0.594781 0.273019 0.597540 0.270881 0.596593 0.270278 0.594727 0.267072 0.593308 0.265863 0.589577 0.264794 0.589103 0.264190 0.587237 0.263122 0.586764 0.262517 0.584900 0.261449 0.584427 0.260844 0.582560 0.259776 0.582087 0.257962 0.576491
10 0.813653 0.031400 0.812120 0.032320 0.806551 0.049031 0.807154 0.050897 0.806226 0.053682 0.806831 0.055549 0.804975 0.061119 0.806183 0.064850 0.805718 0.066243 0.806324 0.068109 0.805860 0.069502 0.806464 0.071367 0.806000 0.072760 0.806604 0.074625 0.806140 0.076018 0.808557 0.083481 0.808093 0.084874 0.809906 0.090472 0.809442 0.091863 0.810650 0.095594 0.811719 0.096067 0.813532 0.101665 0.814602 0.102138 0.815810 0.105869 0.816878 0.106342 0.818691 0.111940 0.851818 0.126604 0.853350 0.125684 0.853814 0.124292 0.855347 0.123372 0.856740 0.119193 0.856135 0.117329 0.857528 0.113150 0.855715 0.107552 0.856179 0.106161 0.853157 0.096832 0.852089 0.096359 0.851484 0.094492 0.850415 0.094019 0.847998 0.086557 0.846929 0.086084 0.845116 0.080486 0.845580 0.079094 0.844976 0.077228 0.845905 0.074443 0.845300 0.072578 0.846693 0.068400 0.846088 0.066533 0.852586 0.047037 0.851982 0.045171 0.852910 0.042386 0.851702 0.038655 0.852167 0.037262
7 0.228127 0.000000 0.229197 0.000000 0.229801 0.000000 0.230869 0.000000 0.232079 0.000000 0.266273 0.014423 0.267806 0.013504 0.268874 0.013977 0.281136 0.006619 0.282205 0.007092 0.282668 0.005700 0.287267 0.002941 0.287731 0.001549 0.289264 0.000629
