12 0.903835 0.172241 0.910172 0.179505 0.910147 0.180823 0.915217 0.186635 0.916509 0.186769 0.920312 0.191129 0.920287 0.192448 0.921554 0.193900 0.921529 0.195219 0.920212 0.196401 0.920112 0.201675 0.918795 0.202858 0.918519 0.217359 0.919786 0.218812 0.919661 0.225404 0.923464 0.229762 0.924756 0.229896 0.926025 0.231350 0.941534 0.232966 0.946804 0.228232 0.946203 0.259869 0.942251 0.263421 0.940957 0.263286 0.938323 0.265653 0.937031 0.265518 0.935712 0.266701 0.933128 0.266432 0.931811 0.267616 0.930518 0.267481 0.929199 0.268665 0.926615 0.268396 0.925298 0.269579 0.922712 0.269309 0.921395 0.270493 0.907176 0.269012 0.905909 0.267558 0.904617 0.267424 0.903348 0.265971 0.902056 0.265837 0.899522 0.262930 0.895644 0.262526 0.894375 0.261073 0.893083 0.260939 0.889280 0.256579 0.887988 0.256445 0.886720 0.254993 0.885428 0.254858 0.881625 0.250499 0.880333 0.250364 0.876530 0.246005 0.876580 0.243368 0.872777 0.239010 0.872802 0.237692 0.870268 0.234786 0.870318 0.232150 0.869050 0.230696 0.869751 0.193785 0.872387 0.191418 0.872437 0.188782 0.873755 0.187599 0.873780 0.186280 0.877733 0.182729 0.877758 0.181411 0.884346 0.175493 0.885638 0.175628 0.888274 0.173261 0.889566 0.173396 0.890883 0.172212 0.892177 0.172346 0.893494 0.171163
1 0.312166 0.570245 0.314701 0.573152 0.315994 0.573287 0.321064 0.579098 0.320588 0.604145 0.319270 0.605328 0.319245 0.606647 0.317926 0.607829 0.317901 0.609148 0.316584 0.610331 0.316559 0.611650 0.315242 0.612833 0.315217 0.614152 0.313900 0.615336 0.313875 0.616653 0.309921 0.620204 0.309896 0.621522 0.307260 0.623889 0.307235 0.625208 0.305943 0.625073 0.303309 0.627440 0.302015 0.627305 0.299380 0.629672 0.298088 0.629538 0.296771 0.630722 0.295477 0.630587 0.294160 0.631770 0.292868 0.631635 0.291549 0.632819 0.290257 0.632684 0.288939 0.633869 0.286355 0.633599 0.285036 0.634782 0.282452 0.634513 0.281135 0.635697 0.256576 0.633138 0.254040 0.630232 0.252748 0.630097 0.251480 0.628644 0.250187 0.628509 0.248920 0.627056 0.247627 0.626921 0.240021 0.618204 0.240047 0.616885 0.238779 0.615433 0.238804 0.614114 0.237537 0.612662 0.237562 0.611343 0.235028 0.608437 0.235053 0.607120 0.233785 0.605666 0.233810 0.604347 0.231275 0.601442 0.231701 0.579032 0.233019 0.577848 0.234311 0.577983 0.235630 0.576800 0.236922 0.576935 0.238239 0.575750 0.242117 0.576155 0.243434 0.574970 0.247312 0.575374 0.248580 0.576828 0.249872 0.576963 0.251139 0.578416 0.252433 0.578551 0.253700 0.580003 0.254992 0.580138 0.258795 0.584497 0.261381 0.584766 0.262648 0.586219 0.265232 0.586488 0.266499 0.587941 0.276840 0.589019 0.278159 0.587835 0.285913 0.588643 0.289867 0.585093 0.289892 0.583774 0.291209 0.582592 0.291234 0.581273 0.292551 0.580089 0.292576 0.578771 0.293895 0.577587 0.293920 0.576270 0.295237 0.575085 0.295262 0.573768 0.296580 0.572584 0.296605 0.571266 0.299241 0.568898
8 0.838056 0.702976 0.839324 0.704429 0.840617 0.704563 0.841884 0.706017 0.843176 0.706151 0.844445 0.707604 0.845737 0.707738 0.847004 0.709192 0.848296 0.709326 0.850832 0.712232 0.852124 0.712367 0.855927 0.716726 0.855902 0.718044 0.862239 0.725309 0.862189 0.727945 0.864725 0.730851 0.864700 0.732170 0.865967 0.733622 0.865892 0.737577 0.868426 0.740482 0.868326 0.745756 0.869594 0.747209 0.869519 0.751164 0.870786 0.752616 0.870761 0.753935 0.872028 0.755387 0.871803 0.767251 0.870486 0.768435 0.870410 0.772391 0.869093 0.773573 0.868993 0.778847 0.865040 0.782397 0.865015 0.783716 0.858425 0.789634 0.831282 0.786805 0.831307 0.785487 0.830040 0.784034 0.830065 0.782716 0.827529 0.779810 0.827554 0.778491 0.826287 0.777039 0.826437 0.769128 0.827754 0.767946 0.827830 0.763990 0.830466 0.761624 0.830641 0.752396 0.829374 0.750942 0.829399 0.749625 0.828130 0.748171 0.828155 0.746854 0.826888 0.745400 0.826913 0.744083 0.825646 0.742629 0.824354 0.742495 0.821818 0.739589 0.821843 0.738270 0.816773 0.732459 0.815481 0.732324 0.812947 0.729418 0.809069 0.729014 0.807800 0.727560 0.806508 0.727426 0.805241 0.725974 0.801363 0.725570 0.798828 0.722664 0.796242 0.722394 0.794975 0.720941 0.793683 0.720806 0.792416 0.719354 0.791122 0.719219 0.788588 0.716312 0.788613 0.714995 0.786077 0.712089 0.786152 0.708134 0.788789 0.705767 0.788814 0.704448 0.791448 0.702081 0.792742 0.702216 0.794059 0.701033 0.795351 0.701168 0.796668 0.699984 0.796693 0.698666
7 0.160278 0.793493 0.161545 0.794947 0.161345 0.805492 0.160028 0.806676 0.159977 0.809313 0.158659 0.810497 0.158633 0.811814 0.157316 0.812998 0.157266 0.815635 0.155949 0.816817 0.155924 0.818136 0.154607 0.819319 0.154557 0.821957 0.153239 0.823140 0.153189 0.825776 0.151870 0.826960 0.151845 0.828277 0.149211 0.830646 0.149186 0.831963 0.147867 0.833147 0.147842 0.834465 0.145207 0.836832 0.145182 0.838151 0.143865 0.839335 0.143840 0.840652 0.141204 0.843019 0.141179 0.844338 0.139862 0.845521 0.139837 0.846840 0.138520 0.848023 0.138494 0.849341 0.135858 0.851708 0.135833 0.853027 0.133199 0.855394 0.133174 0.856712 0.131855 0.857896 0.131830 0.859213 0.130513 0.860397 0.130488 0.861716 0.129170 0.862899 0.129145 0.864218 0.127853 0.864083 0.122583 0.868817 0.091561 0.865585 0.091586 0.864266 0.089050 0.861360 0.089075 0.860042 0.087808 0.858589 0.087833 0.857271 0.086566 0.855818 0.086591 0.854499 0.085324 0.853047 0.085399 0.849092 0.082863 0.846186 0.083214 0.827730 0.084531 0.826548 0.084582 0.823911 0.085900 0.822727 0.085951 0.820091 0.088585 0.817724 0.088610 0.816405 0.089927 0.815222 0.089952 0.813903 0.092588 0.811536 0.092613 0.810218 0.096565 0.806668 0.097859 0.806803 0.103129 0.802067 0.104422 0.802202 0.105739 0.801019 0.107031 0.801154 0.108350 0.799970 0.109642 0.800104 0.112278 0.797738 0.113570 0.797872 0.116205 0.795505 0.117497 0.795640 0.118816 0.794457 0.120108 0.794592 0.121425 0.793408 0.124011 0.793677 0.125328 0.792493 0.126620 0.792628 0.129256 0.790261
2 0.831175 0.179199 0.832443 0.180651 0.835029 0.180920 0.836296 0.182374 0.838880 0.182643 0.843950 0.188455 0.845244 0.188589 0.844718 0.216273 0.843424 0.216138 0.842107 0.217322 0.838228 0.216918 0.836911 0.218101 0.831741 0.217562 0.830424 0.218746 0.827839 0.218477 0.826521 0.219660 0.825228 0.219525 0.819958 0.224260 0.818666 0.224126 0.817347 0.225308 0.816055 0.225174 0.812101 0.228725 0.812076 0.230042 0.810759 0.231226 0.810709 0.233863 0.811976 0.235316 0.811951 0.236634 0.813220 0.238087 0.813195 0.239405 0.816996 0.243764 0.818290 0.243899 0.820824 0.246804 0.820799 0.248123 0.823335 0.251029 0.824627 0.251164 0.827163 0.254070 0.828455 0.254204 0.830989 0.257110 0.830964 0.258429 0.832231 0.259881 0.832206 0.261200 0.830889 0.262382 0.830839 0.265019 0.829522 0.266203 0.829472 0.268839 0.807498 0.266550 0.804962 0.263644 0.799792 0.263105 0.798475 0.264289 0.797183 0.264155 0.795916 0.262701 0.793330 0.262432 0.792012 0.263616 0.790744 0.262162 0.788159 0.261893 0.781822 0.254628 0.781872 0.251992 0.780604 0.250538 0.780629 0.249221 0.778095 0.246315 0.778871 0.205448 0.780189 0.204266 0.780214 0.202947 0.781531 0.201764 0.781556 0.200445 0.784192 0.198078 0.784217 0.196759 0.788170 0.193210 0.788195 0.191891 0.797419 0.183606 0.798711 0.183741 0.800028 0.182558 0.801321 0.182692 0.802640 0.181508 0.803932 0.181643 0.805249 0.180460 0.807835 0.180730 0.809152 0.179545 0.813029 0.179949 0.814347 0.178765 0.819518 0.179304 0.820835 0.178121
3 0.256534 0.090261 0.259068 0.093166 0.259043 0.094484 0.269183 0.106108 0.270477 0.106243 0.271744 0.107695 0.279498 0.108503 0.280767 0.109957 0.291108 0.111034 0.292375 0.112486 0.294959 0.112756 0.296228 0.114209 0.298812 0.114478 0.300129 0.113294 0.301422 0.113429 0.302740 0.112246 0.302765 0.110927 0.304083 0.109745 0.304108 0.108426 0.305425 0.107243 0.305450 0.105924 0.313357 0.098823 0.321111 0.099631 0.322380 0.101084 0.323672 0.101218 0.324939 0.102672 0.324914 0.103989 0.329984 0.109802 0.329583 0.130894 0.328266 0.132077 0.328241 0.133396 0.326922 0.134578 0.326897 0.135897 0.324263 0.138264 0.324238 0.139583 0.312379 0.150235 0.311085 0.150100 0.309768 0.151283 0.308476 0.151148 0.307159 0.152333 0.305867 0.152198 0.303231 0.154565 0.267039 0.150793 0.265772 0.149340 0.264478 0.149205 0.263211 0.147753 0.260626 0.147484 0.259358 0.146030 0.258066 0.145895 0.256798 0.144443 0.255506 0.144309 0.254239 0.142855 0.252945 0.142720 0.250411 0.139815 0.249117 0.139680 0.242780 0.132415 0.241488 0.132280 0.240221 0.130828 0.240246 0.129509 0.237710 0.126604 0.237760 0.123967 0.236493 0.122514 0.236568 0.118559 0.235301 0.117106 0.235326 0.115788 0.234058 0.114335 0.234383 0.097197 0.237019 0.094830 0.237044 0.093513 0.238337 0.093647 0.240973 0.091281 0.242265 0.091415 0.244901 0.089048
5 0.219421 0.748143 0.221955 0.751048 0.223249 0.751183 0.224516 0.752636 0.225808 0.752771 0.230878 0.758583 0.232172 0.758717 0.232147 0.760036 0.237215 0.765847 0.236664 0.794848 0.235347 0.796033 0.235321 0.797351 0.232687 0.799718 0.232662 0.801036 0.230026 0.803403 0.230001 0.804722 0.226049 0.808273 0.226024 0.809590 0.224730 0.809456 0.220777 0.813007 0.219485 0.812872 0.216850 0.815239 0.215558 0.815104 0.212922 0.817471 0.211630 0.817337 0.210311 0.818521 0.207727 0.818251 0.206410 0.819434 0.202532 0.819030 0.201214 0.820214 0.198628 0.819945 0.197311 0.821128 0.174046 0.818703 0.171510 0.815797 0.170218 0.815663 0.168949 0.814210 0.166365 0.813941 0.165098 0.812488 0.163805 0.812353 0.157467 0.805088 0.157742 0.790587 0.159034 0.790722 0.160353 0.789539 0.161645 0.789674 0.162963 0.788490 0.175889 0.789837 0.177206 0.788653 0.183669 0.789326 0.184986 0.788143 0.186280 0.788278 0.188914 0.785911 0.190208 0.786046 0.191525 0.784862 0.192817 0.784996 0.195452 0.782629 0.195477 0.781310 0.196796 0.780128 0.196896 0.774855 0.198213 0.773671 0.198263 0.771035 0.196996 0.769581 0.197272 0.755081 0.198589 0.753898 0.198614 0.752579 0.201249 0.750212 0.202542 0.750347 0.203860 0.749163 0.205152 0.749297 0.207788 0.746930
8 0.030612 0.529018 0.035682 0.534831 0.035657 0.536148 0.038191 0.539054 0.037990 0.549601 0.035356 0.551968 0.035306 0.554604 0.032670 0.556971 0.032620 0.559607 0.031303 0.560791 0.031252 0.563428 0.029935 0.564612 0.029785 0.572521 0.036122 0.579786 0.036097 0.581103 0.038633 0.584009 0.039925 0.584144 0.043726 0.588503 0.045020 0.588638 0.047554 0.591543 0.048846 0.591678 0.050115 0.593132 0.051407 0.593266 0.052674 0.594718 0.052324 0.613174 0.051006 0.614358 0.049714 0.614224 0.045761 0.617775 0.028958 0.616024 0.027691 0.614570 0.026397 0.614435 0.025130 0.612982 0.023838 0.612847 0.022571 0.611395 0.021277 0.611260 0.020010 0.609807 0.018718 0.609672 0.017449 0.608220 0.016157 0.608085 0.009820 0.600820 0.008527 0.600686 0.000000 0.589061 0.000000 0.587744 0.000000 0.584996 0.000000 0.582360 0.000000 0.579722 0.000000 0.544130 0.000657 0.537784 0.000682 0.536467 0.005952 0.531733 0.007244 0.531868 0.009881 0.529501 0.011173 0.529635 0.012490 0.528451 0.013784 0.528586 0.015101 0.527402
6 0.639622 0.513229 0.639547 0.517183 0.640816 0.518636 0.640766 0.521273 0.643300 0.524178 0.643275 0.525497 0.645811 0.528403 0.645786 0.529720 0.647053 0.531174 0.647028 0.532491 0.648295 0.533945 0.648270 0.535264 0.650804 0.538169 0.650729 0.542123 0.651997 0.543577 0.651972 0.544896 0.653239 0.546348 0.654532 0.546482 0.657067 0.549388 0.658360 0.549523 0.659627 0.550976 0.668675 0.551919 0.669992 0.550735 0.671285 0.550870 0.672603 0.549687 0.673896 0.549822 0.675213 0.548637 0.686847 0.549850 0.689381 0.552755 0.690673 0.552890 0.691942 0.554344 0.693234 0.554478 0.697037 0.558838 0.696737 0.574656 0.694101 0.577022 0.694076 0.578341 0.684852 0.586626 0.683560 0.586492 0.682242 0.587674 0.680949 0.587540 0.679631 0.588724 0.678339 0.588589 0.677022 0.589773 0.642122 0.586137 0.640855 0.584683 0.636977 0.584279 0.635710 0.582826 0.634418 0.582691 0.633149 0.581239 0.631857 0.581104 0.630590 0.579650 0.629296 0.579516 0.626762 0.576610 0.625469 0.576475 0.624201 0.575023 0.622909 0.574888 0.621641 0.573435 0.621667 0.572116 0.615329 0.564853 0.615354 0.563534 0.614087 0.562082 0.614112 0.560763 0.612844 0.559309 0.612869 0.557992 0.611602 0.556538 0.611652 0.553902 0.610385 0.552450 0.610435 0.549813 0.609168 0.548360 0.609243 0.544405 0.607974 0.542952 0.607999 0.541634 0.606732 0.540181 0.606958 0.528316 0.608275 0.527133 0.608350 0.523178 0.609669 0.521995 0.609769 0.516721 0.611086 0.515538 0.611111 0.514220 0.612429 0.513037 0.612454 0.511718 0.613771 0.510535
5 0.048512 0.677499 0.049779 0.678952 0.051071 0.679086 0.052340 0.680540 0.053632 0.680675 0.054899 0.682127 0.057483 0.682396 0.061286 0.686755 0.062580 0.686890 0.072720 0.698514 0.072695 0.699832 0.073962 0.701285 0.073937 0.702603 0.075204 0.704056 0.075179 0.705375 0.076446 0.706827 0.076396 0.709464 0.077665 0.710917 0.077640 0.712235 0.078907 0.713688 0.078230 0.749281 0.075594 0.751647 0.075569 0.752966 0.074252 0.754149 0.074227 0.755468 0.072910 0.756651 0.072885 0.757970 0.061026 0.768622 0.059732 0.768487 0.057098 0.770854 0.055804 0.770719 0.054487 0.771903 0.053195 0.771769 0.051878 0.772951 0.027318 0.770392 0.027343 0.769075 0.022273 0.763262 0.022524 0.750080 0.023841 0.748896 0.023916 0.744942 0.025235 0.743758 0.025285 0.741122 0.027920 0.738755 0.027945 0.737436 0.030579 0.735069 0.030604 0.733752 0.031923 0.732568 0.031948 0.731249 0.033265 0.730066 0.033316 0.727430 0.034633 0.726245 0.034783 0.718336 0.030980 0.713977 0.028396 0.713708 0.027129 0.712256 0.024543 0.711986 0.023276 0.710533 0.021984 0.710398 0.020716 0.708945 0.019423 0.708810 0.018156 0.707358 0.016863 0.707223 0.011793 0.701412 0.010501 0.701277 0.010952 0.677547 0.012269 0.676364 0.013562 0.676499 0.014879 0.675315 0.017465 0.675584 0.018782 0.674402
5 0.678682 0.298035 0.679949 0.299489 0.683827 0.299893 0.688897 0.305705 0.688822 0.309660 0.690089 0.311112 0.690039 0.313748 0.691307 0.315202 0.691257 0.317838 0.696327 0.323650 0.702790 0.324323 0.704107 0.323140 0.705374 0.324592 0.711836 0.325266 0.713155 0.324083 0.714422 0.325535 0.715715 0.325670 0.717033 0.324487 0.718326 0.324622 0.720960 0.322255 0.722254 0.322390 0.724888 0.320023 0.724913 0.318704 0.727548 0.316337 0.727573 0.315018 0.732843 0.310284 0.734137 0.310419 0.735454 0.309236 0.748381 0.310583 0.749648 0.312035 0.752232 0.312304 0.757302 0.318116 0.757277 0.319435 0.758544 0.320887 0.757968 0.351206 0.755334 0.353575 0.755309 0.354892 0.752674 0.357259 0.752649 0.358578 0.750013 0.360945 0.748721 0.360810 0.747404 0.361993 0.746110 0.361858 0.744793 0.363043 0.743500 0.362908 0.742183 0.364092 0.740889 0.363957 0.738255 0.366324 0.735669 0.366055 0.734352 0.367238 0.731766 0.366968 0.730449 0.368153 0.729156 0.368018 0.727839 0.369201 0.695525 0.365833 0.694257 0.364381 0.691672 0.364112 0.690405 0.362658 0.687819 0.362389 0.686552 0.360937 0.682674 0.360533 0.681407 0.359079 0.680113 0.358944 0.677579 0.356039 0.676287 0.355904 0.668681 0.347187 0.668706 0.345868 0.667439 0.344416 0.667464 0.343097 0.666197 0.341644 0.666222 0.340326 0.663686 0.337420 0.663711 0.336101 0.662444 0.334649 0.662469 0.333330 0.659933 0.330425 0.660284 0.311969 0.661603 0.310785 0.661628 0.309468 0.662945 0.308283 0.662970 0.306966 0.664287 0.305782 0.664312 0.304464 0.668266 0.300913 0.669558 0.301048 0.670877 0.299864 0.672169 0.299998 0.673486 0.298816 0.676070 0.299085 0.677389 0.297901
4 0.173442 0.032730 0.173417 0.034048 0.177220 0.038407 0.177195 0.039726 0.178464 0.041178 0.178439 0.042497 0.180973 0.045403 0.180948 0.046720 0.182215 0.048173 0.182190 0.049491 0.183457 0.050944 0.183432 0.052263 0.184701 0.053716 0.184676 0.055034 0.185943 0.056487 0.185868 0.060442 0.187135 0.061894 0.186985 0.069804 0.188253 0.071257 0.188178 0.075212 0.186859 0.076396 0.186734 0.082987 0.185417 0.084170 0.185392 0.085489 0.182756 0.087856 0.182731 0.089173 0.181413 0.090357 0.181388 0.091675 0.150367 0.088442 0.150392 0.087125 0.149125 0.085671 0.149200 0.081718 0.147933 0.080264 0.147958 0.078947 0.145422 0.076039 0.145472 0.073403 0.144205 0.071951 0.144230 0.070632 0.145547 0.069449 0.144280 0.067996 0.144305 0.066677 0.145622 0.065494 0.145647 0.064175 0.144380 0.062723 0.144506 0.056132 0.143239 0.054678 0.143289 0.052042 0.139486 0.047684 0.138194 0.047549 0.136926 0.046096 0.129170 0.045288 0.127853 0.046472 0.126561 0.046337 0.122608 0.049887 0.118729 0.049483 0.117412 0.050667 0.116145 0.049213 0.113559 0.048944 0.111023 0.046038 0.109731 0.045903 0.108464 0.044451 0.105878 0.044182 0.104611 0.042728 0.103319 0.042594 0.099516 0.038234 0.099541 0.036917 0.098274 0.035463 0.098399 0.028872 0.099716 0.027689 0.099766 0.025053 0.101085 0.023869 0.101110 0.022551
2 0.791561 0.287344 0.792829 0.288796 0.794121 0.288931 0.795389 0.290385 0.797974 0.290654 0.799241 0.292106 0.800535 0.292241 0.801802 0.293694 0.804386 0.293964 0.805655 0.295416 0.806947 0.295551 0.810748 0.299910 0.812042 0.300045 0.814576 0.302950 0.815868 0.303085 0.817137 0.304538 0.818429 0.304673 0.823499 0.310485 0.824792 0.310619 0.827327 0.313525 0.828620 0.313660 0.832423 0.318019 0.833715 0.318154 0.837518 0.322513 0.837493 0.323830 0.840027 0.326736 0.839576 0.350464 0.830352 0.358749 0.829060 0.358615 0.827743 0.359799 0.826450 0.359664 0.825133 0.360848 0.822547 0.360579 0.821230 0.361762 0.819938 0.361627 0.818619 0.362811 0.812157 0.362138 0.810839 0.363320 0.803083 0.362512 0.801816 0.361060 0.800524 0.360925 0.797988 0.358020 0.796696 0.357885 0.790359 0.350620 0.790384 0.349301 0.787848 0.346395 0.787873 0.345077 0.785339 0.342171 0.785364 0.340853 0.784095 0.339400 0.782803 0.339265 0.781536 0.337813 0.781561 0.336494 0.776491 0.330683 0.775199 0.330548 0.771396 0.326189 0.771421 0.324871 0.767618 0.320512 0.765034 0.320243 0.763715 0.321425 0.761130 0.321156 0.759813 0.322340 0.758519 0.322206 0.755885 0.324573 0.754593 0.324438 0.753276 0.325622 0.751982 0.325487 0.749347 0.327854 0.746761 0.327585 0.745444 0.328768 0.735104 0.327690 0.733836 0.326238 0.732543 0.326103 0.731276 0.324650 0.729983 0.324515 0.727448 0.321609 0.726155 0.321475 0.724888 0.320023 0.725239 0.301567 0.726531 0.301702 0.727848 0.300517 0.727873 0.299200 0.733144 0.294465 0.734438 0.294599 0.735755 0.293417 0.737047 0.293551 0.738364 0.292367 0.739658 0.292502 0.740975 0.291319 0.742268 0.291454 0.743586 0.290270 0.744879 0.290404 0.746196 0.289220 0.747488 0.289355 0.748807 0.288172 0.751391 0.288441 0.752708 0.287257 0.754002 0.287392 0.755319 0.286209 0.757904 0.286478 0.759221 0.285294 0.764391 0.285833 0.765710 0.284650
6 0.483734 0.061101 0.483684 0.063737 0.484953 0.065191 0.484928 0.066508 0.486195 0.067962 0.486145 0.070598 0.487412 0.072051 0.487312 0.077324 0.485995 0.078507 0.485919 0.082462 0.481966 0.086013 0.481941 0.087331 0.458676 0.084906 0.456140 0.082001 0.456165 0.080683 0.454898 0.079230 0.453606 0.079095 0.451070 0.076189 0.451095 0.074870 0.447293 0.070513 0.447319 0.069194 0.444783 0.066288 0.444833 0.063652 0.443566 0.062198 0.443591 0.060881 0.442322 0.059427
5 0.009435 0.348495 0.014505 0.354308 0.015797 0.354443 0.017066 0.355895 0.018358 0.356030 0.019626 0.357483 0.020918 0.357618 0.023454 0.360524 0.023002 0.384252 0.021684 0.385436 0.021659 0.386754 0.020341 0.387938 0.020316 0.389255 0.018999 0.390439 0.018974 0.391757 0.017657 0.392941 0.017632 0.394260 0.014996 0.396627 0.014971 0.397944 0.013653 0.399128 0.013628 0.400446 0.000601 0.416261 0.000601 0.416261 0.000576 0.417578 0.000576 0.417578 0.000551 0.418897 0.000551 0.418897 0.000476 0.422851 0.001428 0.372758 0.001403 0.374077 0.001403 0.374077 0.001529 0.367485 0.001554 0.366166 0.001654 0.360894 0.001679 0.359576 0.001704 0.358257 0.001729 0.356939 0.001754 0.355621 0.001779 0.354302 0.001829 0.351666 0.001854 0.350348 0.001904 0.347711
8 0.549405 0.081153 0.554475 0.086964 0.554450 0.088282 0.556986 0.091189 0.556961 0.092507 0.558228 0.093960 0.558203 0.095277 0.559470 0.096731 0.559245 0.108595 0.557927 0.109778 0.557802 0.116369 0.561605 0.120729 0.561580 0.122048 0.567917 0.129311 0.573088 0.129850 0.574355 0.131303 0.576941 0.131573 0.578208 0.133025 0.579500 0.133160 0.585837 0.140425 0.585812 0.141743 0.590884 0.147555 0.590859 0.148874 0.592126 0.150326 0.592101 0.151645 0.593368 0.153097 0.593343 0.154416 0.594610 0.155868 0.594560 0.158506 0.595827 0.159958 0.595626 0.170504 0.594309 0.171687 0.595576 0.173141 0.595551 0.174458 0.594234 0.175642 0.594159 0.179598 0.592841 0.180780 0.592791 0.183417 0.591474 0.184601 0.591399 0.188555 0.590082 0.189739 0.590032 0.192375 0.588713 0.193559 0.588688 0.194877 0.584734 0.198428 0.584709 0.199747 0.579441 0.204481 0.578147 0.204346 0.572876 0.209080 0.525052 0.204096 0.521249 0.199737 0.518664 0.199468 0.514861 0.195110 0.513569 0.194975 0.507230 0.187710 0.505938 0.187575 0.504671 0.186122 0.504696 0.184804 0.500893 0.180445 0.500918 0.179126 0.494581 0.171863 0.494606 0.170544 0.493339 0.169092 0.493364 0.167773 0.492095 0.166319 0.492120 0.165002 0.490853 0.163548 0.490903 0.160912 0.489636 0.159460 0.489686 0.156823 0.488419 0.155370 0.488444 0.154051 0.487177 0.152599 0.487227 0.149963 0.485959 0.148509 0.485984 0.147192 0.484717 0.145738 0.484867 0.137829 0.483600 0.136376 0.483725 0.129784 0.482456 0.128332 0.482582 0.121740 0.483901 0.120556 0.484051 0.112647 0.485368 0.111463 0.485443 0.107509 0.486761 0.106325 0.486811 0.103689 0.488130 0.102505 0.488155 0.101187 0.490789 0.098820 0.490864 0.094865 0.493499 0.092498 0.493524 0.091179 0.494843 0.089997 0.494868 0.088678 0.504091 0.080393 0.505384 0.080527 0.509335 0.076978
4 0.449327 0.099783 0.449301 0.101102 0.450569 0.102554 0.450544 0.103873 0.451812 0.105325 0.451762 0.107961 0.453029 0.109415 0.452779 0.122598 0.451461 0.123781 0.451386 0.127736 0.450067 0.128918 0.450042 0.130237 0.448725 0.131420 0.448700 0.132739 0.446066 0.135106 0.446041 0.136425 0.442087 0.139974 0.440794 0.139840 0.438159 0.142208 0.435575 0.141939 0.434256 0.143121 0.431672 0.142852 0.430353 0.144036 0.416136 0.142555 0.414867 0.141101 0.413550 0.142285 0.412283 0.140832 0.409698 0.140562 0.408430 0.139110 0.403259 0.138571 0.401992 0.137118 0.398114 0.136714 0.396847 0.135260 0.394263 0.134991 0.387924 0.127727 0.387949 0.126408 0.385415 0.123503 0.385465 0.120866 0.382929 0.117961 0.383280 0.099505 0.388450 0.100044 0.389717 0.101496 0.391011 0.101631 0.393545 0.104538 0.394839 0.104673 0.396106 0.106125 0.406447 0.107202 0.407764 0.106019 0.410350 0.106289 0.412984 0.103920 0.414276 0.104055 0.416912 0.101688 0.416938 0.100371 0.420889 0.096820
0 0.489973 0.073638 0.492507 0.076544 0.493799 0.076679 0.495068 0.078132 0.496360 0.078267 0.498896 0.081173 0.500188 0.081307 0.501455 0.082760 0.502747 0.082894 0.509085 0.090159 0.509060 0.091478 0.512863 0.095836 0.512837 0.097155 0.515373 0.100061 0.515298 0.104016 0.516565 0.105468 0.516490 0.109423 0.517757 0.110877 0.517231 0.138559 0.514597 0.140927 0.514571 0.142244 0.513254 0.143429 0.513204 0.146065 0.510568 0.148432 0.510518 0.151068 0.509201 0.152252 0.509176 0.153570 0.507857 0.154754 0.507832 0.156071 0.497292 0.165541 0.490828 0.164867 0.489561 0.163414 0.481805 0.162605 0.480488 0.163790 0.476611 0.163386 0.473975 0.165752 0.471389 0.165483 0.470072 0.166667 0.464902 0.166128 0.462368 0.163221 0.461075 0.163087 0.459807 0.161635 0.459832 0.160316 0.458565 0.158864 0.458715 0.150953 0.460032 0.149770 0.460107 0.145815 0.461426 0.144633 0.461476 0.141995 0.462793 0.140812 0.462819 0.139493 0.464136 0.138310 0.464161 0.136992 0.466795 0.134624 0.466870 0.130669 0.469507 0.128302 0.469532 0.126985 0.470849 0.125801 0.470874 0.124483 0.472191 0.123299 0.472216 0.121980 0.474852 0.119613 0.473585 0.118161 0.473635 0.115525 0.468565 0.109712 0.467271 0.109577 0.463470 0.105220 0.462178 0.105085 0.455839 0.097820 0.454547 0.097685 0.449477 0.091874 0.449502 0.090555 0.446968 0.087649 0.446993 0.086330 0.445724 0.084878 0.445774 0.082242 0.447093 0.081058 0.447168 0.077103 0.451120 0.073553 0.452414 0.073688 0.453731 0.072503 0.455023 0.072638 0.457657 0.070271
5 0.586446 0.721667 0.587713 0.723119 0.591591 0.723523 0.592858 0.724976 0.594151 0.725111 0.595419 0.726563 0.596711 0.726698 0.599246 0.729605 0.600538 0.729740 0.603074 0.732645 0.604366 0.732780 0.606902 0.735686 0.606877 0.737003 0.608144 0.738457 0.609436 0.738591 0.608935 0.764956 0.606350 0.764687 0.605033 0.765871 0.601155 0.765467 0.599886 0.764013 0.593424 0.763340 0.592157 0.761888 0.584400 0.761079 0.581766 0.763446 0.580474 0.763312 0.579157 0.764495 0.577863 0.764360 0.576546 0.765544 0.575254 0.765409 0.569983 0.770143 0.569883 0.775416 0.571150 0.776869 0.570924 0.788734 0.561701 0.797019 0.560408 0.796884 0.557772 0.799251 0.556480 0.799116 0.553846 0.801483 0.551260 0.801214 0.549993 0.799762 0.544822 0.799223 0.543555 0.797769 0.537093 0.797096 0.535824 0.795644 0.531946 0.795239 0.529412 0.792332 0.528120 0.792198 0.529097 0.740786 0.530389 0.740921 0.531706 0.739738 0.531731 0.738419 0.533049 0.737236 0.533074 0.735917 0.535710 0.733550 0.537002 0.733685 0.543591 0.727767 0.544883 0.727902 0.548835 0.724352 0.550129 0.724487 0.551446 0.723303 0.554032 0.723572 0.555349 0.722388 0.556641 0.722523 0.557959 0.721340 0.560545 0.721609 0.561862 0.720425 0.568324 0.721098 0.569643 0.719916
8 0.791620 0.556804 0.794154 0.559711 0.795448 0.559846 0.796715 0.561298 0.798007 0.561433 0.799274 0.562887 0.800568 0.563021 0.801835 0.564474 0.803127 0.564608 0.804395 0.566062 0.805687 0.566196 0.805211 0.591242 0.803918 0.591107 0.802601 0.592292 0.801309 0.592157 0.799992 0.593341 0.796114 0.592937 0.794797 0.594120 0.793503 0.593985 0.792186 0.595169 0.784429 0.594361 0.783162 0.592908 0.780578 0.592638 0.779309 0.591186 0.775433 0.590782 0.774164 0.589328 0.770287 0.588924 0.767651 0.591291 0.767626 0.592610 0.766309 0.593793 0.766284 0.595112 0.764967 0.596295 0.764917 0.598932 0.766184 0.600384 0.766159 0.601703 0.768695 0.604609 0.768670 0.605927 0.769937 0.607380 0.769786 0.615289 0.771053 0.616743 0.770878 0.625970 0.769561 0.627153 0.769536 0.628472 0.768218 0.629655 0.768143 0.633610 0.766824 0.634794 0.766774 0.637430 0.761504 0.642164 0.751163 0.641087 0.744826 0.633822 0.743534 0.633687 0.742267 0.632235 0.739681 0.631966 0.738414 0.630512 0.737122 0.630377 0.735853 0.628925 0.734561 0.628790 0.733294 0.627337 0.733319 0.626018 0.732050 0.624566 0.732075 0.623247 0.730808 0.621795 0.730833 0.620476 0.728299 0.617570 0.728349 0.614934 0.727080 0.613480 0.727105 0.612163 0.725838 0.610709 0.726414 0.580390 0.727732 0.579207 0.727757 0.577888 0.729076 0.576705 0.729126 0.574069 0.730443 0.572885 0.730468 0.571566 0.731785 0.570383 0.731810 0.569064 0.735763 0.565515 0.735789 0.564196 0.737081 0.564330 0.744987 0.557230 0.746279 0.557364 0.747597 0.556180 0.750183 0.556450 0.751500 0.555267 0.752792 0.555401 0.754109 0.554217 0.755403 0.554352 0.756720 0.553168
10 0.242234 0.297465 0.243501 0.298919 0.248671 0.299457 0.249938 0.300911 0.256401 0.301584 0.257670 0.303037 0.258962 0.303171 0.260229 0.304625 0.261521 0.304759 0.274197 0.319288 0.274172 0.320607 0.280509 0.327872 0.280459 0.330508 0.281726 0.331960 0.281701 0.333279 0.284237 0.336185 0.284212 0.337504 0.285479 0.338956 0.284928 0.367957 0.283610 0.369141 0.283535 0.373096 0.282218 0.374279 0.282193 0.375598 0.280874 0.376780 0.280849 0.378099 0.279532 0.379283 0.279507 0.380601 0.275555 0.384152 0.275530 0.385470 0.274211 0.386654 0.274186 0.387972 0.263645 0.397440 0.262353 0.397306 0.259717 0.399672 0.229989 0.396575 0.228720 0.395122 0.228770 0.392485 0.227503 0.391033 0.227578 0.387077 0.228896 0.385895 0.228946 0.383258 0.230265 0.382074 0.230315 0.379438 0.231632 0.378254 0.231657 0.376936 0.232974 0.375752 0.232999 0.374435 0.234318 0.373251 0.234343 0.371932 0.235660 0.370749 0.235686 0.369430 0.239639 0.365880 0.239664 0.364561 0.251522 0.353909 0.251622 0.348637 0.249086 0.345731 0.245208 0.345327 0.243941 0.343873 0.242649 0.343739 0.241382 0.342287 0.238796 0.342017 0.237529 0.340564 0.236237 0.340429 0.234970 0.338976 0.229798 0.338437 0.228531 0.336985 0.227239 0.336850 0.225921 0.338033 0.224654 0.336581 0.216898 0.335772 0.217499 0.304134 0.218817 0.302951 0.220109 0.303086 0.222745 0.300719 0.224037 0.300853 0.225356 0.299669 0.227940 0.299939 0.229257 0.298756 0.231843 0.299025 0.233161 0.297841 0.234453 0.297976 0.235772 0.296792
2 0.541436 0.841137 0.542703 0.842590 0.543996 0.842724 0.545263 0.844178 0.547849 0.844447 0.549166 0.843263 0.558214 0.844206 0.562015 0.848565 0.563309 0.848700 0.568379 0.854511 0.569672 0.854646 0.570939 0.856099 0.573525 0.856369 0.574792 0.857821 0.576109 0.856638 0.578695 0.856908 0.580012 0.855723 0.582596 0.855993 0.585232 0.853626 0.586525 0.853760 0.589161 0.851394 0.590453 0.851528 0.591770 0.850344 0.594356 0.850613 0.595673 0.849431 0.604722 0.850374 0.605989 0.851826 0.607281 0.851960 0.608550 0.853414 0.611134 0.853683 0.612401 0.855135 0.613693 0.855270 0.614962 0.856724 0.616254 0.856858 0.618788 0.859764 0.618463 0.876901 0.617145 0.878085 0.617120 0.879404 0.614486 0.881771 0.614436 0.884407 0.611800 0.886774 0.611775 0.888093 0.605187 0.894010 0.603895 0.893875 0.601259 0.896242 0.599967 0.896107 0.598649 0.897291 0.597355 0.897157 0.594721 0.899524 0.592137 0.899254 0.590818 0.900438 0.589526 0.900304 0.588209 0.901486 0.566235 0.899197 0.564966 0.897744 0.562382 0.897475 0.561113 0.896021 0.559821 0.895887 0.558554 0.894435 0.557262 0.894300 0.555993 0.892846 0.554701 0.892712 0.553434 0.891258 0.552142 0.891124 0.547072 0.885312 0.545778 0.885177 0.541977 0.880820 0.540685 0.880685 0.536882 0.876326 0.536907 0.875007 0.534371 0.872101 0.533079 0.871966 0.533680 0.840329
12 0.884357 0.106810 0.883039 0.107993 0.882964 0.111948 0.881647 0.113132 0.881622 0.114450 0.878986 0.116817 0.878961 0.118135 0.875008 0.121685 0.873715 0.121550 0.867128 0.127469 0.867103 0.128787 0.864467 0.131154 0.864416 0.133791 0.863099 0.134975 0.863074 0.136292 0.860440 0.138659 0.860415 0.139978 0.859096 0.141161 0.859071 0.142480 0.857754 0.143664 0.857703 0.146300 0.856386 0.147483 0.856336 0.150119 0.858870 0.153026 0.858845 0.154344 0.863915 0.160155 0.865207 0.160290 0.872813 0.169008 0.872763 0.171645 0.874030 0.173097 0.873855 0.182325 0.872538 0.183509 0.872513 0.184826 0.871195 0.186011 0.871170 0.187329 0.864581 0.193246 0.830975 0.189744 0.829708 0.188292 0.828416 0.188157 0.827147 0.186704 0.825855 0.186569 0.822052 0.182211 0.820760 0.182076 0.815690 0.176264 0.814398 0.176129 0.814423 0.174812 0.811887 0.171906 0.811912 0.170587 0.810645 0.169133 0.810695 0.166497 0.809428 0.165045 0.809478 0.162409 0.808211 0.160955 0.808261 0.158319 0.806992 0.156865 0.807017 0.155548 0.805750 0.154094 0.805800 0.151458 0.804533 0.150006 0.805009 0.124959 0.807644 0.122592 0.807669 0.121273 0.808988 0.120090 0.809013 0.118771 0.810330 0.117588 0.810355 0.116270 0.811672 0.115085 0.811722 0.112449 0.814357 0.110082 0.814407 0.107446 0.818360 0.103895 0.818385 0.102577
11 0.415627 0.373651 0.418163 0.376557 0.419455 0.376692 0.420724 0.378146 0.422016 0.378280 0.423283 0.379732 0.424575 0.379867 0.425842 0.381320 0.427136 0.381455 0.428403 0.382907 0.429695 0.383042 0.433498 0.387401 0.434791 0.387536 0.438594 0.391895 0.439886 0.392030 0.442422 0.394936 0.442396 0.396255 0.443664 0.397707 0.443638 0.399025 0.448709 0.404837 0.448333 0.424610 0.445698 0.426977 0.445673 0.428296 0.444354 0.429480 0.444329 0.430797 0.443012 0.431982 0.442987 0.433299 0.441670 0.434483 0.441645 0.435801 0.437691 0.439352 0.437666 0.440671 0.436349 0.441854 0.435055 0.441719 0.432421 0.444086 0.431129 0.443951 0.428493 0.446319 0.412982 0.444703 0.407912 0.438890 0.407937 0.437573 0.406670 0.436119 0.406720 0.433483 0.405453 0.432029 0.405528 0.428076 0.406845 0.426891 0.406920 0.422936 0.408238 0.421753 0.408263 0.420435 0.409580 0.419252 0.409705 0.412660 0.408438 0.411207 0.408463 0.409889 0.402126 0.402624 0.393078 0.401681 0.391760 0.402866 0.387882 0.402462 0.386565 0.403644 0.383979 0.403375 0.382662 0.404559 0.374907 0.403751 0.373638 0.402297 0.371054 0.402028 0.367251 0.397670 0.367477 0.385805 0.376701 0.377520 0.377993 0.377654 0.381946 0.374105 0.383238 0.374239 0.387191 0.370688
5 0.047699 0.788367 0.048966 0.789820 0.051552 0.790090 0.052819 0.791542 0.054111 0.791676 0.055378 0.793130 0.056672 0.793265 0.057939 0.794717 0.059231 0.794851 0.060500 0.796305 0.061792 0.796440 0.063059 0.797892 0.064351 0.798027 0.077027 0.812557 0.076376 0.846831 0.069788 0.852748 0.067202 0.852479 0.065885 0.853663 0.063299 0.853393 0.061982 0.854578 0.059398 0.854308 0.058079 0.855491 0.047738 0.854414 0.046471 0.852961 0.045179 0.852827 0.041376 0.848467 0.041401 0.847149 0.040134 0.845696 0.040159 0.844378 0.037623 0.841472 0.037673 0.838836 0.036406 0.837382 0.036431 0.836065 0.031361 0.830253 0.022313 0.829310 0.021046 0.827857 0.014583 0.827183 0.011947 0.829550 0.011747 0.840097 0.010429 0.841280 0.010404 0.842599 0.006451 0.846148 0.005159 0.846014 0.003842 0.847198 0.000000 0.846390 0.000000 0.844936 0.000000 0.844801 0.000000 0.843373 0.000000 0.843373 0.000000 0.842054 0.000000 0.842054 0.000000 0.839417 0.000000 0.838100 0.000000 0.834145 0.000000 0.807780 0.000000 0.807780 0.000000 0.806461 0.000000 0.805144 0.000000 0.801189 0.000000 0.799870 0.000000 0.794709 0.000000 0.794843 0.001041 0.790109 0.002333 0.790244 0.004969 0.787877 0.007554 0.788146 0.008872 0.786962 0.011457 0.787232 0.012774 0.786049 0.015360 0.786318 0.016677 0.785134
8 0.406296 0.115111 0.408830 0.118018 0.408805 0.119336 0.410074 0.120789 0.409974 0.126062 0.408655 0.127245 0.408605 0.129882 0.407288 0.131065 0.407238 0.133701 0.405920 0.134886 0.405895 0.136203 0.404577 0.137387 0.404526 0.140023 0.405795 0.141477 0.405670 0.148069 0.406937 0.149521 0.406912 0.150840 0.408179 0.152292 0.408129 0.154928 0.409398 0.156382 0.409373 0.157699 0.410640 0.159153 0.410615 0.160472 0.413149 0.163377 0.414441 0.163512 0.415710 0.164964 0.418294 0.165233 0.419561 0.166687 0.420855 0.166822 0.422122 0.168274 0.431170 0.169217 0.432488 0.168034 0.433780 0.168169 0.436416 0.165802 0.442878 0.166475 0.442578 0.182293 0.439942 0.184661 0.439816 0.191251 0.438499 0.192436 0.438474 0.193754 0.437157 0.194937 0.437132 0.196256 0.435815 0.197439 0.435789 0.198758 0.434472 0.199941 0.433178 0.199806 0.426591 0.205724 0.394277 0.202357 0.391741 0.199451 0.390449 0.199316 0.387913 0.196410 0.386621 0.196276 0.379017 0.187559 0.379042 0.186240 0.375239 0.181881 0.375264 0.180563 0.373997 0.179110 0.374022 0.177792 0.372755 0.176339 0.372780 0.175020 0.370244 0.172114 0.370319 0.168160 0.367783 0.165253 0.368359 0.134935 0.369678 0.133751 0.369728 0.131114 0.371046 0.129930 0.371071 0.128613 0.372388 0.127428 0.372413 0.126111 0.375049 0.123743 0.375074 0.122425 0.385615 0.112956
3 0.111991 0.063310 0.113258 0.064763 0.115844 0.065033 0.117111 0.066486 0.118404 0.066621 0.119671 0.068073 0.120963 0.068208 0.122232 0.069661 0.123524 0.069796 0.124791 0.071248 0.126085 0.071383 0.127352 0.072836 0.128644 0.072971 0.129911 0.074423 0.131203 0.074558 0.132472 0.076011 0.133764 0.076146 0.138834 0.081958 0.140126 0.082092 0.143929 0.086451 0.143904 0.087769 0.145171 0.089222 0.145146 0.090541 0.147682 0.093447 0.147657 0.094765 0.151460 0.099124 0.151435 0.100441 0.155236 0.104800 0.155211 0.106119 0.156478 0.107571 0.156428 0.110208 0.157697 0.111661 0.157647 0.114298 0.158914 0.115751 0.158839 0.119705 0.160106 0.121158 0.159479 0.154115 0.158162 0.155299 0.158137 0.156616 0.156820 0.157800 0.156770 0.160437 0.155451 0.161619 0.155075 0.181394 0.153758 0.182577 0.153733 0.183896 0.152441 0.183761 0.149806 0.186128 0.099396 0.180875 0.098128 0.179422 0.096835 0.179287 0.095568 0.177835 0.092982 0.177565 0.091715 0.176112 0.090422 0.175977 0.089155 0.174525 0.087863 0.174390 0.086594 0.172937 0.085302 0.172802 0.082768 0.169896 0.080182 0.169627 0.078915 0.168175 0.077621 0.168040 0.077646 0.166721 0.075112 0.163815 0.075162 0.161179 0.073895 0.159726 0.073945 0.157089 0.072678 0.155637 0.072753 0.151682 0.071484 0.150228 0.071785 0.134409 0.073104 0.133226 0.073179 0.129271 0.074496 0.128088 0.074521 0.126769 0.073254 0.125317 0.073279 0.123998 0.072011 0.122545 0.070718 0.122410 0.069451 0.120958 0.064281 0.120419 0.063014 0.118966 0.059136 0.118562 0.057867 0.117109 0.055283 0.116840 0.054016 0.115387 0.052722 0.115252 0.047654 0.109441 0.047679 0.108122 0.046410 0.106669 0.046435 0.105351 0.045168 0.103898 0.045519 0.085443 0.046836 0.084259 0.046861 0.082941 0.049497 0.080574 0.049522 0.079255 0.050839 0.078071 0.050864 0.076754 0.052181 0.075570 0.052257 0.071616 0.053574 0.070432 0.053599 0.069114 0.056235 0.066746 0.057527 0.066880 0.060163 0.064514 0.061455 0.064648 0.062773 0.063465 0.065359 0.063735 0.066676 0.062551 0.067968 0.062685 0.069285 0.061502 0.070579 0.061637 0.071896 0.060453 0.073188 0.060588 0.074507 0.059404
1 0.370196 0.651582 0.371463 0.653034 0.372756 0.653169 0.375292 0.656075 0.376584 0.656209 0.377851 0.657663 0.379143 0.657797 0.380412 0.659250 0.381704 0.659384 0.382971 0.660838 0.384265 0.660973 0.385532 0.662425 0.386824 0.662559 0.389360 0.665467 0.389335 0.666784 0.395672 0.674049 0.395647 0.675366 0.399450 0.679726 0.399425 0.681045 0.400692 0.682497 0.400667 0.683816 0.401934 0.685268 0.401909 0.686587 0.403176 0.688040 0.403151 0.689358 0.404418 0.690811 0.403892 0.718493 0.402575 0.719677 0.402524 0.722314 0.399890 0.724681 0.399865 0.725999 0.395912 0.729551 0.395887 0.730868 0.394569 0.732052 0.394544 0.733370 0.390591 0.736921 0.390566 0.738240 0.386613 0.741789 0.385321 0.741655 0.381367 0.745206 0.381342 0.746523 0.380050 0.746389 0.376097 0.749940 0.374805 0.749805 0.373487 0.750989 0.372195 0.750854 0.370876 0.752037 0.339855 0.748805 0.339880 0.747487 0.338613 0.746034 0.337320 0.745899 0.334785 0.742993 0.334810 0.741674 0.333543 0.740222 0.333568 0.738903 0.332301 0.737451 0.332401 0.732179 0.333718 0.730994 0.333893 0.721767 0.336529 0.719400 0.336555 0.718081 0.337872 0.716898 0.337897 0.715579 0.343167 0.710845 0.343192 0.709526 0.351097 0.702426 0.351172 0.698470 0.352490 0.697288 0.351223 0.695834 0.351248 0.694517 0.349981 0.693063 0.350056 0.689108 0.347522 0.686202 0.347547 0.684885 0.345011 0.681979 0.343719 0.681844 0.341183 0.678937 0.337306 0.678533 0.334670 0.680901 0.330792 0.680497 0.331118 0.663359 0.332437 0.662177 0.332462 0.660858 0.333779 0.659675 0.333829 0.657037 0.335146 0.655854 0.335196 0.653218 0.336514 0.652034 0.337807 0.652169 0.340442 0.649802 0.341734 0.649936 0.343051 0.648753
11 0.141142 0.437509 0.142409 0.438962 0.148872 0.439636 0.153942 0.445447 0.153917 0.446766 0.155184 0.448218 0.155159 0.449537 0.156427 0.450990 0.156377 0.453627 0.155058 0.454809 0.155008 0.457446 0.153691 0.458630 0.153641 0.461266 0.152324 0.462450 0.152299 0.463768 0.148345 0.467319 0.147053 0.467184 0.145736 0.468367 0.144444 0.468233 0.143125 0.469417 0.139247 0.469012 0.133978 0.473747 0.133953 0.475065 0.132634 0.476248 0.133903 0.477702 0.132584 0.478884 0.132534 0.481522 0.131217 0.482705 0.131091 0.489296 0.142499 0.502373 0.142474 0.503692 0.145009 0.506597 0.144984 0.507915 0.146251 0.509368 0.146201 0.512005 0.147468 0.513458 0.147318 0.521367 0.146001 0.522550 0.114979 0.519317 0.104839 0.507695 0.104864 0.506376 0.103597 0.504924 0.103622 0.503605 0.101086 0.500699 0.101161 0.496745 0.099894 0.495292 0.099919 0.493973 0.098652 0.492521 0.098702 0.489884 0.097434 0.488431 0.097910 0.463384 0.099229 0.462201 0.099254 0.460882 0.100571 0.459699 0.100621 0.457063 0.101938 0.455879 0.101988 0.453242 0.103306 0.452058 0.103331 0.450741 0.105967 0.448374 0.105992 0.447055 0.112579 0.441137 0.113872 0.441272 0.115190 0.440089 0.116483 0.440224 0.117800 0.439039 0.119094 0.439174 0.120411 0.437991 0.121703 0.438126 0.123020 0.436942 0.132069 0.437885 0.133386 0.436700
1 0.007147 0.196359 0.008414 0.197811 0.009708 0.197946 0.012242 0.200852 0.014826 0.201121 0.017362 0.204028 0.018654 0.204163 0.021190 0.207069 0.022482 0.207203 0.030088 0.215920 0.030063 0.217239 0.032597 0.220145 0.032572 0.221462 0.033839 0.222916 0.033814 0.224233 0.036350 0.227140 0.035723 0.260097 0.031770 0.263646 0.031745 0.264965 0.030428 0.266148 0.029136 0.266013 0.027817 0.267197 0.023939 0.266793 0.021304 0.269160 0.020012 0.269026 0.018695 0.270210 0.014817 0.269806 0.013498 0.270988 0.008329 0.270450 0.007010 0.271634 0.005718 0.271499 0.004451 0.270046 0.003383 0.269934 0.003408 0.268617 0.003433 0.267298 0.003533 0.262025 0.003558 0.260706 0.003583 0.259389 0.003608 0.258070 0.003658 0.255434 0.003734 0.251479 0.003759 0.250161 0.003859 0.244889 0.003859 0.244889 0.003884 0.243570 0.003884 0.243570 0.003909 0.242251 0.003909 0.242251 0.003884 0.243570 0.003884 0.243570 0.003909 0.242251 0.003884 0.243570 0.003884 0.243570 0.003859 0.244889 0.004786 0.196113
7 0.965839 0.112659 0.964522 0.113842 0.964422 0.119115 0.963103 0.120299 0.963028 0.124254 0.961710 0.125437 0.961560 0.133347 0.960243 0.134530 0.960218 0.135849 0.961485 0.137301 0.961435 0.139937 0.966505 0.145750 0.966480 0.147068 0.969014 0.149973 0.971600 0.150243 0.972867 0.151696 0.976745 0.152100 0.978012 0.153552 0.980598 0.153822 0.981865 0.155275 0.983157 0.155410 0.984426 0.156864 0.988303 0.157268 0.990839 0.160173 0.992131 0.160308 0.991454 0.195900 0.990162 0.195766 0.988843 0.196948 0.986259 0.196679 0.983624 0.199048 0.982331 0.198913 0.981013 0.200096 0.977135 0.199691 0.973182 0.203243 0.966719 0.202569 0.965452 0.201116 0.961574 0.200712 0.960307 0.199259 0.959015 0.199125 0.957748 0.197671 0.956454 0.197536 0.955187 0.196084 0.953895 0.195950 0.952628 0.194496 0.951334 0.194361 0.943730 0.185644 0.942436 0.185509 0.941169 0.184056 0.939877 0.183921 0.934807 0.178110 0.934832 0.176791 0.932297 0.173885 0.932322 0.172568 0.931054 0.171114 0.931104 0.168478 0.929837 0.167024 0.929887 0.164388 0.928620 0.162936 0.928645 0.161617 0.926109 0.158711 0.926936 0.115209 0.929572 0.112842 0.929597 0.111524 0.930914 0.110340 0.930939 0.109023 0.932256 0.107838
7 0.351303 0.827928 0.352570 0.829381 0.352069 0.855746 0.349483 0.855477 0.348166 0.856661 0.342995 0.856122 0.340361 0.858489 0.339067 0.858354 0.337750 0.859538 0.337675 0.863492 0.336357 0.864676 0.336307 0.867313 0.334990 0.868496 0.334940 0.871133 0.336207 0.872585 0.336157 0.875222 0.337424 0.876675 0.337324 0.881948 0.338591 0.883401 0.337274 0.884584 0.338541 0.886038 0.338441 0.891310 0.339709 0.892764 0.339684 0.894081 0.338365 0.895266 0.338315 0.897902 0.336998 0.899085 0.336973 0.900404 0.335656 0.901588 0.316267 0.899567 0.309930 0.892302 0.309955 0.890984 0.308688 0.889531 0.308713 0.888213 0.306177 0.885307 0.306252 0.881352 0.304985 0.879900 0.305010 0.878581 0.303743 0.877127 0.304294 0.848126 0.306929 0.845759 0.306954 0.844440 0.309590 0.842073 0.309615 0.840756 0.318839 0.832471 0.320131 0.832606 0.321448 0.831422 0.322740 0.831556 0.324057 0.830373 0.325351 0.830508 0.326668 0.829324 0.327961 0.829459 0.329279 0.828276 0.331864 0.828545 0.333181 0.827361 0.335767 0.827631 0.337084 0.826446
0 0.873112 0.493970 0.875647 0.496876 0.876940 0.497011 0.878207 0.498464 0.878182 0.499782 0.880718 0.502688 0.880692 0.504006 0.881960 0.505460 0.881935 0.506777 0.883202 0.508231 0.882776 0.530640 0.881458 0.531824 0.881408 0.534461 0.880091 0.535645 0.880066 0.536963 0.878747 0.538147 0.878722 0.539464 0.877405 0.540648 0.877380 0.541966 0.876063 0.543150 0.876038 0.544467 0.869450 0.550385 0.868158 0.550251 0.865522 0.552618 0.864229 0.552483 0.862911 0.553667 0.861618 0.553532 0.860301 0.554715 0.859009 0.554581 0.857690 0.555765 0.856398 0.555630 0.855081 0.556814 0.852496 0.556545 0.851178 0.557728 0.849885 0.557593 0.848568 0.558777 0.820131 0.555814 0.818864 0.554360 0.816280 0.554091 0.815011 0.552639 0.812426 0.552369 0.811158 0.550916 0.809866 0.550781 0.808598 0.549328 0.807306 0.549193 0.806038 0.547741 0.804745 0.547606 0.802211 0.544700 0.800919 0.544566 0.797116 0.540206 0.795824 0.540072 0.789485 0.532807 0.789510 0.531489 0.788243 0.530036 0.788268 0.528718 0.784465 0.524359 0.784816 0.505903 0.788769 0.502352 0.799110 0.503430 0.800377 0.504883 0.801671 0.505018 0.804205 0.507924 0.805497 0.508058 0.806764 0.509512 0.808058 0.509647 0.809325 0.511099 0.810617 0.511233 0.813153 0.514139 0.814445 0.514274 0.815712 0.515727 0.817006 0.515862 0.818273 0.517314 0.828614 0.518392 0.829931 0.517209 0.831223 0.517344 0.840447 0.509059 0.840472 0.507740 0.841789 0.506557 0.841814 0.505238 0.843133 0.504056 0.843183 0.501419 0.844501 0.500235 0.844551 0.497599 0.845868 0.496415 0.845893 0.495097 0.847210 0.493913 0.848504 0.494048 0.849821 0.492865 0.854991 0.493404 0.856309 0.492219
