10 0.237411 0.593704 0.236516 0.594460 0.235705 0.594368 0.235621 0.595216 0.234727 0.595972 0.234643 0.596820 0.233748 0.597576 0.233581 0.599272 0.232686 0.600028 0.232518 0.601724 0.231623 0.602479 0.231203 0.606719 0.231930 0.607659 0.231847 0.608507 0.232573 0.609447 0.232489 0.610294 0.233215 0.611234 0.233132 0.612082 0.233858 0.613022 0.233774 0.613869 0.234500 0.614809 0.233606 0.615566 0.233354 0.618109 0.229776 0.621134 0.228965 0.621042 0.228071 0.621797 0.227260 0.621705 0.226365 0.622462 0.225555 0.622370 0.224660 0.623125 0.223850 0.623034 0.222954 0.623790 0.219712 0.623422 0.218817 0.624178 0.215575 0.623810 0.214680 0.624567 0.213870 0.624475 0.211939 0.643977 0.212749 0.644069 0.213476 0.645008 0.215097 0.645192 0.215824 0.646132 0.216718 0.645375 0.217445 0.646316 0.221499 0.646775 0.222225 0.647715 0.227900 0.648359 0.228795 0.647602 0.230415 0.647786 0.232205 0.646274 0.233016 0.646366 0.233910 0.645609 0.236342 0.645885 0.237237 0.645130 0.238047 0.645221 0.239837 0.643710 0.240647 0.643801 0.243331 0.641533 0.244142 0.641625 0.247720 0.638601 0.248532 0.638693 0.254794 0.633401 0.257061 0.610508 0.256334 0.609568 0.256502 0.607872 0.255776 0.606932 0.255944 0.605236 0.255216 0.604297 0.255300 0.603448 0.250214 0.596870 0.249403 0.596778 0.248676 0.595839 0.247866 0.595747 0.247139 0.594807
8 0.760048 0.150496 0.756469 0.153521 0.756385 0.154368 0.755491 0.155125 0.755155 0.158516 0.755882 0.159456 0.755462 0.163695 0.756188 0.164635 0.756020 0.166331 0.756747 0.167271 0.756579 0.168967 0.757306 0.169906 0.756887 0.174146 0.757613 0.175086 0.757025 0.181022 0.756131 0.181777 0.755543 0.187712 0.752859 0.189981 0.748805 0.189521 0.747910 0.190277 0.747100 0.190185 0.746374 0.189246 0.745479 0.190001 0.743857 0.189817 0.742963 0.190574 0.741341 0.190390 0.740447 0.191146 0.740363 0.191994 0.739468 0.192750 0.738713 0.200381 0.739439 0.201321 0.739271 0.203016 0.742178 0.206776 0.742988 0.206868 0.744442 0.208747 0.766330 0.211228 0.767225 0.210472 0.768036 0.210564 0.768930 0.209808 0.770552 0.209992 0.775919 0.205456 0.776003 0.204608 0.777793 0.203096 0.777877 0.202248 0.780560 0.199980 0.780644 0.199132 0.781539 0.198376 0.781623 0.197528 0.783412 0.196017 0.783496 0.195168 0.784392 0.194412 0.784811 0.190173 0.785706 0.189417 0.786042 0.186025 0.786936 0.185269 0.787188 0.182725 0.788082 0.181969 0.788838 0.174338 0.788112 0.173398 0.788195 0.172551 0.787469 0.171611 0.787553 0.170763 0.786827 0.169823 0.786910 0.168976 0.786183 0.168035 0.786267 0.167187 0.785540 0.166248 0.785708 0.164552 0.784254 0.162673 0.784338 0.161824 0.782886 0.159945 0.782970 0.159097 0.780063 0.155338 0.779252 0.155246 0.778525 0.154305 0.777714 0.154214 0.776261 0.152334
5 0.874303 0.346078 0.874219 0.346926 0.873324 0.347682 0.872514 0.347590 0.870725 0.349102 0.870641 0.349950 0.869746 0.350707 0.869662 0.351554 0.868767 0.352310 0.868600 0.354006 0.867705 0.354762 0.867369 0.358154 0.866475 0.358910 0.866223 0.361454 0.865328 0.362209 0.865244 0.363057 0.864349 0.363814 0.864181 0.365509 0.863287 0.366265 0.863203 0.367113 0.862308 0.367869 0.862224 0.368717 0.861329 0.369473 0.861245 0.370321 0.860351 0.371077 0.860267 0.371925 0.858478 0.373437 0.857667 0.373345 0.856772 0.374101 0.855150 0.373917 0.854256 0.374673 0.853446 0.374581 0.852719 0.373642 0.851909 0.373550 0.851181 0.372609 0.850371 0.372518 0.848190 0.369699 0.842517 0.369056 0.841621 0.369811 0.840811 0.369719 0.838127 0.371987 0.837203 0.381314 0.838013 0.381406 0.844555 0.389864 0.845365 0.389956 0.846091 0.390896 0.846902 0.390988 0.847629 0.391928 0.848440 0.392019 0.849166 0.392960 0.864569 0.394706 0.865464 0.393949 0.866275 0.394041 0.867169 0.393286 0.868790 0.393469 0.869685 0.392713 0.871307 0.392897 0.872201 0.392141 0.873012 0.392233 0.874801 0.390720 0.875612 0.390812 0.884558 0.383253 0.884642 0.382404 0.886431 0.380892 0.886515 0.380045 0.888305 0.378532 0.888389 0.377685 0.889283 0.376928 0.889367 0.376081 0.891157 0.374569 0.893004 0.355915 0.888643 0.350276 0.887833 0.350184 0.887107 0.349244 0.886295 0.349152 0.884842 0.347273
11 0.630865 0.892099 0.629970 0.892855 0.625107 0.892304 0.624212 0.893060 0.623401 0.892968 0.622506 0.893724 0.620886 0.893540 0.619991 0.894296 0.618369 0.894112 0.617475 0.894868 0.616665 0.894776 0.615769 0.895532 0.614959 0.895441 0.614064 0.896196 0.612442 0.896012 0.611548 0.896769 0.609927 0.896585 0.609032 0.897341 0.608221 0.897249 0.607327 0.898005 0.606516 0.897913 0.602043 0.901693 0.601959 0.902541 0.601064 0.903297 0.600896 0.904993 0.599107 0.906505 0.599023 0.907353 0.598128 0.908108 0.598044 0.908957 0.597150 0.909713 0.597066 0.910561 0.595276 0.912072 0.595192 0.912921 0.594298 0.913676 0.593290 0.923851 0.594744 0.925731 0.595555 0.925823 0.596281 0.926763 0.597091 0.926855 0.598545 0.928734 0.599356 0.928826 0.601536 0.931646 0.602347 0.931738 0.603073 0.932677 0.603884 0.932769 0.604611 0.933709 0.605421 0.933801 0.606149 0.934740 0.606959 0.934832 0.608412 0.936712 0.634354 0.939652 0.635248 0.938897 0.636870 0.939080 0.637764 0.938324 0.638576 0.938416 0.639470 0.937660 0.640281 0.937752 0.641175 0.936996 0.641985 0.937088 0.642881 0.936332 0.643691 0.936424 0.644586 0.935668 0.645397 0.935760 0.646291 0.935003 0.647102 0.935095 0.650680 0.932071 0.650764 0.931224 0.655237 0.927444 0.655321 0.926595 0.658005 0.924328 0.658173 0.922632 0.659962 0.921119 0.660046 0.920272 0.660942 0.919516 0.661025 0.918668 0.661920 0.917912 0.663263 0.904345 0.661809 0.902466 0.661893 0.901618 0.661167 0.900678 0.661251 0.899830 0.659798 0.897951 0.659882 0.897103 0.658428 0.895224
3 0.437179 0.563188 0.433600 0.566211 0.433516 0.567060 0.432622 0.567816 0.432538 0.568663 0.431642 0.569420 0.431391 0.571963 0.430496 0.572719 0.430076 0.576959 0.431530 0.578839 0.431446 0.579686 0.432899 0.581565 0.433710 0.581657 0.434436 0.582597 0.435247 0.582689 0.435974 0.583630 0.436784 0.583721 0.437511 0.584661 0.438322 0.584753 0.439775 0.586632 0.439019 0.594263 0.438125 0.595020 0.438041 0.595868 0.436251 0.597380 0.436167 0.598227 0.433484 0.600496 0.433400 0.601343 0.428927 0.605123 0.428843 0.605971 0.427948 0.606727 0.427780 0.608423 0.426886 0.609179 0.426718 0.610875 0.425823 0.611631 0.425236 0.617567 0.425962 0.618506 0.425794 0.620201 0.430154 0.625841 0.430965 0.625933 0.431692 0.626872 0.432502 0.626964 0.433229 0.627904 0.434040 0.627996 0.434767 0.628935 0.444495 0.630038 0.445389 0.629282 0.446200 0.629374 0.447095 0.628618 0.448716 0.628802 0.451400 0.626534 0.452210 0.626626 0.453105 0.625870 0.453189 0.625022 0.454084 0.624266 0.454168 0.623418 0.455957 0.621906 0.456041 0.621058 0.457830 0.619546 0.457914 0.618698 0.458809 0.617942 0.458893 0.617094 0.459787 0.616338 0.459871 0.615490 0.460767 0.614734 0.460850 0.613887 0.461745 0.613130 0.461913 0.611435 0.462807 0.610678 0.462975 0.608983 0.464764 0.607471 0.467199 0.582882 0.465746 0.581002 0.465830 0.580154 0.464377 0.578274 0.464545 0.576579 0.462365 0.573759 0.462448 0.572912 0.460995 0.571032 0.460184 0.570940 0.458004 0.568121 0.457193 0.568029 0.455739 0.566149 0.454929 0.566057 0.454203 0.565117
1 0.927861 0.144653 0.921598 0.149945 0.921514 0.150794 0.920619 0.151549 0.920452 0.153245 0.919557 0.154001 0.919305 0.156545 0.918410 0.157301 0.917486 0.166627 0.918940 0.168507 0.918688 0.171051 0.919415 0.171991 0.919331 0.172839 0.920057 0.173779 0.919973 0.174626 0.920701 0.175566 0.920617 0.176414 0.921343 0.177354 0.921259 0.178202 0.922712 0.180082 0.922628 0.180929 0.924082 0.182809 0.923998 0.183657 0.928358 0.189295 0.929168 0.189387 0.929896 0.190327 0.930706 0.190419 0.931433 0.191358 0.932243 0.191450 0.932971 0.192391 0.933781 0.192482 0.934507 0.193423 0.935319 0.193515 0.936772 0.195394 0.937582 0.195486 0.938309 0.196425 0.961819 0.199090 0.961903 0.198243 0.962797 0.197486 0.963608 0.197578 0.964502 0.196823 0.965314 0.196915 0.966208 0.196158 0.967018 0.196250 0.969703 0.193982 0.970513 0.194074 0.970597 0.193226 0.973281 0.190958 0.973365 0.190110 0.976049 0.187842 0.976721 0.181058 0.975267 0.179179 0.963107 0.177801 0.962212 0.178557 0.958970 0.178189 0.956063 0.174430 0.956399 0.171038 0.954946 0.169159 0.955030 0.168311 0.954219 0.168219 0.953492 0.167279 0.952681 0.167187 0.951955 0.166247 0.951144 0.166155 0.950417 0.165216 0.949607 0.165124 0.947426 0.162304 0.947930 0.157217 0.948824 0.156461 0.948992 0.154765 0.948266 0.153826 0.948434 0.152129 0.947707 0.151190 0.947791 0.150342 0.944884 0.146583
4 0.746764 0.193577 0.745870 0.194333 0.741816 0.193873 0.740921 0.194630 0.739300 0.194446 0.738406 0.195201 0.737595 0.195109 0.736700 0.195866 0.735890 0.195774 0.734100 0.197286 0.733290 0.197194 0.733206 0.198042 0.732311 0.198798 0.731500 0.198706 0.728817 0.200974 0.728006 0.200882 0.722638 0.205418 0.722554 0.206266 0.721660 0.207022 0.721492 0.208718 0.719702 0.210230 0.717687 0.230580 0.719141 0.232459 0.718973 0.234155 0.719699 0.235095 0.719615 0.235942 0.721068 0.237823 0.720984 0.238670 0.721712 0.239610 0.721628 0.240458 0.722354 0.241398 0.722270 0.242245 0.722997 0.243185 0.723808 0.243277 0.726714 0.247036 0.744549 0.249058 0.746339 0.247546 0.746423 0.246699 0.748212 0.245186 0.748464 0.242643 0.749358 0.241886 0.749778 0.237647 0.749051 0.236707 0.749135 0.235859 0.748409 0.234920 0.748493 0.234072 0.747039 0.232192 0.747123 0.231344 0.745670 0.229464 0.744858 0.229372 0.741953 0.225613 0.742121 0.223918 0.743015 0.223161 0.743183 0.221466 0.747656 0.217685 0.748466 0.217777 0.752045 0.214753 0.752129 0.213906 0.753919 0.212393 0.754003 0.211546 0.754897 0.210789 0.755707 0.210881 0.756883 0.199011 0.755430 0.197131 0.754620 0.197039 0.753166 0.195160 0.751545 0.194976 0.750817 0.194037
10 0.659790 0.732468 0.658000 0.733980 0.657189 0.733888 0.656295 0.734643 0.655484 0.734551 0.652800 0.736820 0.652716 0.737668 0.649138 0.740692 0.648970 0.742388 0.648075 0.743143 0.647823 0.745687 0.648550 0.746627 0.648298 0.749170 0.649025 0.750111 0.648941 0.750959 0.649667 0.751898 0.649583 0.752746 0.650311 0.753686 0.650227 0.754534 0.652406 0.757354 0.653216 0.757446 0.653944 0.758385 0.655565 0.758569 0.656292 0.759509 0.663588 0.760336 0.664315 0.761275 0.668368 0.761735 0.669262 0.760979 0.672170 0.764738 0.672002 0.766434 0.671107 0.767190 0.670939 0.768886 0.670044 0.769641 0.669876 0.771337 0.668982 0.772094 0.668730 0.774637 0.667835 0.775393 0.667667 0.777089 0.666772 0.777845 0.666604 0.779541 0.665710 0.780297 0.665626 0.781145 0.666352 0.782085 0.666269 0.782932 0.665374 0.783689 0.665038 0.787080 0.665765 0.788020 0.665597 0.789716 0.666323 0.790655 0.684969 0.792769 0.689442 0.788989 0.689526 0.788141 0.691316 0.786629 0.691400 0.785781 0.693189 0.784269 0.693273 0.783422 0.694168 0.782665 0.694336 0.780969 0.695230 0.780213 0.695398 0.778517 0.696292 0.777762 0.696460 0.776065 0.697356 0.775310 0.698447 0.764287 0.697720 0.763347 0.697804 0.762500 0.697077 0.761559 0.697161 0.760711 0.696435 0.759772 0.696519 0.758924 0.695792 0.757984 0.696044 0.755440 0.695317 0.754500 0.695401 0.753653 0.694674 0.752713 0.694842 0.751017 0.694116 0.750078 0.694200 0.749229 0.693472 0.748289 0.693556 0.747442 0.691377 0.744622 0.691461 0.743775 0.687826 0.739075 0.686206 0.738892 0.684753 0.737012 0.683131 0.736828 0.682404 0.735888 0.681593 0.735796 0.680867 0.734857
12 0.046231 0.098737 0.045337 0.099493 0.040473 0.098942 0.039579 0.099698 0.037146 0.099422 0.036252 0.100178 0.034006 0.099923 0.033922 0.100772 0.033922 0.100772 0.033670 0.103315 0.033670 0.103315 0.033586 0.104163 0.033586 0.104163 0.033250 0.107554 0.033250 0.107554 0.033166 0.108403 0.032914 0.110947 0.032830 0.111794 0.032578 0.114338 0.032494 0.115186 0.032410 0.116034 0.029723 0.143167 0.029639 0.144014 0.029639 0.144014 0.029555 0.144862 0.029555 0.144862 0.029471 0.145711 0.029471 0.145711 0.029555 0.144862 0.029555 0.144862 0.029639 0.144014 0.029639 0.144014 0.029723 0.143167 0.029723 0.143167 0.029891 0.141471 0.029891 0.141471 0.029975 0.140623 0.030143 0.138927 0.031830 0.136546 0.031914 0.135698 0.035493 0.132674 0.036304 0.132766 0.043460 0.126718 0.044272 0.126810 0.045166 0.126053 0.050030 0.126605 0.050757 0.127545 0.052378 0.127729 0.053104 0.128669 0.054726 0.128853 0.055453 0.129792 0.062749 0.130619 0.063644 0.129863 0.065265 0.130047 0.067112 0.111393 0.065659 0.109513 0.065743 0.108666 0.063563 0.105846 0.062752 0.105754 0.060572 0.102935 0.059761 0.102843 0.058307 0.100963 0.056687 0.100780 0.055959 0.099839 0.055149 0.099747 0.054254 0.100504 0.053528 0.099564 0.052716 0.099472 0.051822 0.100228 0.051096 0.099288
1 0.618153 0.358199 0.618069 0.359048 0.617174 0.359803 0.616364 0.359711 0.614575 0.361223 0.614491 0.362072 0.612701 0.363583 0.612617 0.364432 0.611723 0.365187 0.611639 0.366036 0.609849 0.367547 0.609681 0.369243 0.608787 0.370000 0.608619 0.371695 0.607724 0.372451 0.607640 0.373299 0.606746 0.374055 0.606326 0.378294 0.607053 0.379234 0.606801 0.381778 0.607527 0.382718 0.607275 0.385262 0.608002 0.386201 0.607918 0.387049 0.608645 0.387989 0.608561 0.388837 0.609288 0.389777 0.609120 0.391473 0.609846 0.392412 0.609762 0.393260 0.611216 0.395140 0.611132 0.395988 0.620579 0.408205 0.621390 0.408297 0.622116 0.409236 0.622928 0.409328 0.623654 0.410268 0.623570 0.411116 0.649512 0.414056 0.650406 0.413301 0.650574 0.411605 0.651469 0.410849 0.651637 0.409153 0.650910 0.408214 0.650994 0.407365 0.650267 0.406425 0.650519 0.403882 0.649793 0.402942 0.649877 0.402095 0.649149 0.401154 0.649233 0.400307 0.648507 0.399367 0.648591 0.398519 0.647864 0.397579 0.647948 0.396731 0.646494 0.394851 0.645684 0.394760 0.642777 0.391001 0.641967 0.390909 0.639060 0.387150 0.639144 0.386301 0.638417 0.385361 0.638501 0.384514 0.636321 0.381694 0.636405 0.380847 0.635678 0.379907 0.636602 0.370580 0.637496 0.369823 0.637580 0.368976 0.639370 0.367464 0.640991 0.367648 0.641885 0.366892 0.642696 0.366983 0.643591 0.366228 0.643843 0.363684 0.642389 0.361804 0.641579 0.361713 0.640852 0.360772
3 0.868918 0.259726 0.868834 0.260574 0.867940 0.261330 0.867352 0.267265 0.868078 0.268205 0.867994 0.269053 0.865310 0.271321 0.865226 0.272168 0.862543 0.274437 0.861733 0.274345 0.859943 0.275857 0.858321 0.275673 0.857427 0.276429 0.856616 0.276337 0.855722 0.277093 0.854910 0.277001 0.854016 0.277757 0.852395 0.277574 0.850605 0.279086 0.846552 0.278626 0.845658 0.279383 0.842415 0.279015 0.841521 0.279771 0.838277 0.279403 0.837383 0.280159 0.836572 0.280067 0.834783 0.281579 0.833972 0.281487 0.831288 0.283756 0.831204 0.284603 0.830309 0.285360 0.830226 0.286207 0.829331 0.286963 0.829079 0.289506 0.828185 0.290263 0.828017 0.291959 0.828743 0.292899 0.828659 0.293746 0.829386 0.294686 0.829302 0.295534 0.832936 0.300233 0.833747 0.300325 0.834473 0.301265 0.835284 0.301357 0.836010 0.302296 0.836821 0.302388 0.838274 0.304267 0.839086 0.304359 0.839812 0.305300 0.840623 0.305391 0.841349 0.306332 0.862427 0.308721 0.864216 0.307208 0.865027 0.307300 0.866816 0.305788 0.867627 0.305880 0.868521 0.305124 0.869332 0.305216 0.872017 0.302948 0.872827 0.303040 0.872911 0.302192 0.875595 0.299924 0.875679 0.299076 0.876573 0.298320 0.876657 0.297472 0.877552 0.296717 0.877636 0.295868 0.878530 0.295112 0.878782 0.292569 0.879676 0.291812 0.880180 0.286725 0.881076 0.285969 0.881244 0.284273 0.882138 0.283518 0.882306 0.281821 0.883200 0.281065 0.883284 0.280217 0.884180 0.279462 0.884264 0.278613 0.886052 0.277102 0.886136 0.276253 0.887925 0.274741 0.888093 0.273046 0.888988 0.272290 0.889072 0.271442 0.888345 0.270502 0.888513 0.268806 0.886333 0.265987 0.886417 0.265139 0.884237 0.262320 0.884321 0.261472
11 0.107984 0.807964 0.107089 0.808721 0.106278 0.808629 0.105383 0.809384 0.104573 0.809292 0.103677 0.810049 0.102057 0.809865 0.101162 0.810621 0.100352 0.810529 0.098562 0.812041 0.097752 0.811950 0.096857 0.812705 0.096046 0.812613 0.090679 0.817149 0.090595 0.817997 0.089700 0.818754 0.089616 0.819601 0.088721 0.820357 0.088637 0.821205 0.087742 0.821961 0.087658 0.822809 0.086764 0.823565 0.086680 0.824413 0.085785 0.825169 0.085449 0.828560 0.086176 0.829500 0.086008 0.831196 0.086735 0.832136 0.086651 0.832984 0.087377 0.833924 0.087293 0.834771 0.088021 0.835712 0.087937 0.836559 0.088663 0.837499 0.088579 0.838347 0.089306 0.839287 0.089222 0.840135 0.090675 0.842014 0.091486 0.842106 0.092213 0.843046 0.093023 0.843137 0.093751 0.844078 0.095371 0.844261 0.096098 0.845201 0.096909 0.845293 0.097636 0.846233 0.098446 0.846325 0.099173 0.847265 0.099983 0.847357 0.100711 0.848296 0.101521 0.848388 0.102975 0.850268 0.103785 0.850359 0.104512 0.851300 0.105322 0.851391 0.106049 0.852331 0.105965 0.853179 0.106692 0.854119 0.106440 0.856662 0.107167 0.857602 0.106327 0.866081 0.107053 0.867021 0.106969 0.867869 0.107697 0.868809 0.107529 0.870504 0.110435 0.874263 0.110351 0.875112 0.111078 0.876052 0.111889 0.876144 0.113342 0.878023 0.127934 0.879677 0.128829 0.878921 0.129639 0.879013 0.130535 0.878257 0.132967 0.878533 0.133861 0.877777 0.134672 0.877868 0.135566 0.877112 0.137188 0.877296 0.138977 0.875784 0.139788 0.875876 0.146944 0.869828 0.147028 0.868980 0.147924 0.868224 0.148008 0.867376 0.148902 0.866620 0.148986 0.865772 0.149880 0.865017 0.150216 0.861624 0.151112 0.860869 0.152959 0.842215 0.152231 0.841275 0.152315 0.840427 0.151589 0.839488 0.151673 0.838639 0.150946 0.837700 0.151030 0.836852 0.150303 0.835911 0.150471 0.834216 0.149744 0.833276 0.149828 0.832428 0.149102 0.831489 0.149186 0.830641 0.148459 0.829700 0.148543 0.828853 0.147089 0.826974 0.147173 0.826125 0.144266 0.822366 0.143456 0.822274 0.142002 0.820395 0.141192 0.820303 0.139739 0.818424 0.138928 0.818332 0.137474 0.816452 0.136664 0.816360 0.135937 0.815420 0.135126 0.815328 0.133673 0.813449 0.132051 0.813265 0.129872 0.810445
11 0.459657 0.774946 0.458762 0.775702 0.457952 0.775611 0.457057 0.776366 0.454624 0.776090 0.453730 0.776847 0.452920 0.776755 0.449341 0.779779 0.448531 0.779687 0.448447 0.780535 0.447551 0.781290 0.446741 0.781199 0.445846 0.781955 0.445762 0.782803 0.443078 0.785071 0.442268 0.784979 0.442184 0.785827 0.438605 0.788851 0.437795 0.788759 0.436005 0.790271 0.435921 0.791119 0.435027 0.791875 0.434943 0.792723 0.434048 0.793479 0.433964 0.794327 0.433069 0.795083 0.432985 0.795931 0.432091 0.796687 0.431923 0.798383 0.431028 0.799138 0.430860 0.800834 0.429966 0.801590 0.429882 0.802439 0.428988 0.803194 0.428736 0.805738 0.429462 0.806678 0.428568 0.807434 0.427560 0.817609 0.428287 0.818548 0.427951 0.821941 0.429404 0.823820 0.429320 0.824667 0.430046 0.825608 0.429962 0.826455 0.430690 0.827395 0.431500 0.827487 0.432227 0.828426 0.433037 0.828518 0.434491 0.830399 0.436113 0.830582 0.436839 0.831522 0.443325 0.832257 0.444219 0.831501 0.445840 0.831685 0.446735 0.830929 0.447546 0.831021 0.449335 0.829509 0.450146 0.829601 0.450230 0.828752 0.455597 0.824217 0.456409 0.824309 0.457303 0.823552 0.458924 0.823736 0.459819 0.822980 0.463872 0.823440 0.467506 0.828139 0.468316 0.828231 0.470497 0.831050 0.470413 0.831898 0.471866 0.833777 0.471782 0.834626 0.472509 0.835565 0.473319 0.835657 0.474772 0.837536 0.474688 0.838385 0.475500 0.838477 0.476226 0.839416 0.477848 0.839600 0.478575 0.840540 0.479469 0.839783 0.484334 0.840335 0.485228 0.839579 0.486038 0.839671 0.486933 0.838915 0.487743 0.839007 0.488639 0.838251 0.489449 0.838343 0.493922 0.834563 0.494006 0.833714 0.495796 0.832203 0.495880 0.831355 0.496774 0.830599 0.498789 0.810249 0.498063 0.809309 0.498483 0.805070 0.497756 0.804130 0.498260 0.799042 0.496806 0.797163 0.496890 0.796315 0.494710 0.793496 0.494794 0.792647 0.493341 0.790768 0.492529 0.790676 0.491803 0.789737 0.491887 0.788889 0.490434 0.787009 0.489623 0.786917 0.488169 0.785038 0.486547 0.784854 0.485095 0.782974 0.485179 0.782126 0.484452 0.781187 0.482830 0.781003 0.482104 0.780063 0.481293 0.779971 0.480566 0.779031 0.479756 0.778939 0.478303 0.777059
0 0.459061 0.615399 0.458166 0.616154 0.457356 0.616062 0.454672 0.618331 0.453860 0.618239 0.447599 0.623531 0.447515 0.624379 0.446620 0.625135 0.446536 0.625983 0.442958 0.629007 0.442790 0.630703 0.441894 0.631459 0.441810 0.632306 0.440916 0.633063 0.440076 0.641541 0.443710 0.646240 0.443626 0.647089 0.458218 0.648743 0.458302 0.647894 0.459197 0.647139 0.459449 0.644595 0.460343 0.643838 0.460427 0.642991 0.464900 0.639211 0.469764 0.639762 0.470491 0.640701 0.473734 0.641069 0.474461 0.642009 0.480135 0.642652 0.481029 0.641896 0.481841 0.641988 0.484524 0.639720 0.484608 0.638872 0.487292 0.636605 0.488048 0.628974 0.485867 0.626154 0.485057 0.626062 0.483604 0.624183 0.482793 0.624091 0.480613 0.621271 0.478991 0.621087 0.478265 0.620147 0.476644 0.619963 0.475917 0.619024 0.475106 0.618932 0.474380 0.617992 0.472758 0.617808 0.472031 0.616869
5 0.401329 0.660299 0.399539 0.661812 0.398729 0.661720 0.396939 0.663232 0.396129 0.663140 0.395234 0.663896 0.394424 0.663804 0.389951 0.667584 0.389867 0.668432 0.387183 0.670700 0.387015 0.672396 0.386121 0.673152 0.384105 0.693502 0.387012 0.697261 0.387823 0.697353 0.388549 0.698292 0.389360 0.698384 0.390086 0.699324 0.392518 0.699600 0.393413 0.698843 0.396655 0.699211 0.397551 0.698456 0.398361 0.698547 0.399256 0.697791 0.399424 0.696095 0.400319 0.695340 0.400571 0.692796 0.402360 0.691284 0.402444 0.690436 0.403338 0.689680 0.403422 0.688832 0.404317 0.688075 0.404401 0.687228 0.406190 0.685716 0.407812 0.685900 0.408706 0.685144 0.418434 0.686246 0.419161 0.687186 0.419971 0.687278 0.420699 0.688218 0.421509 0.688309 0.425869 0.693949 0.426679 0.694041 0.427407 0.694980 0.431460 0.695439 0.432354 0.694684 0.433166 0.694776 0.434060 0.694019 0.434871 0.694111 0.437555 0.691843 0.438730 0.679973 0.436550 0.677153 0.436634 0.676305 0.433727 0.672546 0.432917 0.672454 0.430010 0.668695 0.429198 0.668603 0.428472 0.667663 0.427661 0.667571 0.426208 0.665692 0.424587 0.665508 0.423860 0.664569 0.423050 0.664477 0.422322 0.663537 0.420701 0.663353 0.419975 0.662413
8 0.677167 0.821894 0.676272 0.822651 0.675461 0.822559 0.673672 0.824071 0.672861 0.823979 0.671072 0.825491 0.670262 0.825399 0.669366 0.826154 0.668556 0.826062 0.661399 0.832111 0.661315 0.832958 0.660420 0.833715 0.660336 0.834563 0.657652 0.836830 0.656309 0.850397 0.657036 0.851337 0.656952 0.852185 0.657679 0.853125 0.657595 0.853972 0.658321 0.854912 0.658237 0.855761 0.663324 0.862339 0.675484 0.863717 0.677274 0.862205 0.678084 0.862297 0.678979 0.861541 0.679790 0.861633 0.679874 0.860785 0.680768 0.860029 0.680852 0.859181 0.681746 0.858425 0.681830 0.857577 0.682725 0.856821 0.683397 0.850038 0.684292 0.849282 0.684376 0.848434 0.687060 0.846166 0.687871 0.846258 0.689659 0.844746 0.691281 0.844930 0.692175 0.844174 0.692986 0.844266 0.693880 0.843509 0.697124 0.843877 0.697850 0.844817 0.698661 0.844909 0.700114 0.846789 0.700030 0.847636 0.700757 0.848576 0.700505 0.851119 0.701232 0.852059 0.701148 0.852908 0.704055 0.856667 0.710540 0.857402 0.715908 0.852865 0.716915 0.842691 0.716189 0.841751 0.716357 0.840055 0.715630 0.839115 0.715714 0.838268 0.714261 0.836388 0.714345 0.835540 0.708531 0.828022 0.707720 0.827930 0.706994 0.826990 0.706183 0.826898 0.704729 0.825018
2 0.529978 0.652589 0.528188 0.654101 0.527377 0.654009 0.526483 0.654766 0.525671 0.654674 0.522988 0.656941 0.522177 0.656849 0.518599 0.659874 0.518515 0.660722 0.516726 0.662233 0.516642 0.663082 0.514852 0.664594 0.514684 0.666289 0.513790 0.667046 0.513622 0.668741 0.511833 0.670253 0.509986 0.688907 0.513619 0.693606 0.514429 0.693698 0.515157 0.694638 0.515967 0.694730 0.517420 0.696609 0.518231 0.696701 0.524772 0.705159 0.525582 0.705251 0.527035 0.707131 0.541628 0.708785 0.541712 0.707937 0.542606 0.707181 0.542774 0.705485 0.543668 0.704729 0.544088 0.700489 0.544984 0.699734 0.545068 0.698885 0.545962 0.698130 0.546046 0.697282 0.545320 0.696341 0.545403 0.695494 0.543223 0.692674 0.543307 0.691827 0.540400 0.688067 0.540484 0.687220 0.539031 0.685340 0.538220 0.685248 0.535313 0.681489 0.535565 0.678945 0.536459 0.678189 0.536627 0.676493 0.537523 0.675737 0.537607 0.674890 0.542974 0.670354 0.543785 0.670446 0.544680 0.669689 0.545490 0.669781 0.547279 0.668269 0.547363 0.667421 0.549153 0.665909 0.549740 0.659974 0.548930 0.659882 0.548202 0.658942 0.548286 0.658094 0.546834 0.656215 0.546023 0.656123 0.545297 0.655183 0.541243 0.654723 0.540516 0.653784
10 0.139068 0.104973 0.138174 0.105729 0.135742 0.105453 0.134847 0.106210 0.134036 0.106118 0.133141 0.106873 0.132331 0.106781 0.130541 0.108293 0.129731 0.108201 0.125258 0.111982 0.124447 0.111890 0.124363 0.112738 0.119889 0.116518 0.118462 0.130932 0.119274 0.131024 0.120726 0.132903 0.122348 0.133087 0.123075 0.134027 0.125507 0.134303 0.126233 0.135242 0.127044 0.135334 0.127938 0.134579 0.131181 0.134946 0.132076 0.134190 0.133697 0.134374 0.134593 0.133618 0.139456 0.134170 0.140183 0.135109 0.140994 0.135201 0.141888 0.134445 0.142615 0.135385 0.145858 0.135752 0.146752 0.134997 0.147563 0.135089 0.148290 0.136028 0.149100 0.136120 0.150553 0.137999 0.151365 0.138091 0.152817 0.139971 0.152734 0.140819 0.153460 0.141759 0.153292 0.143455 0.154020 0.144394 0.153768 0.146938 0.154494 0.147878 0.154410 0.148726 0.155137 0.149666 0.155053 0.150513 0.157233 0.153333 0.158043 0.153425 0.158770 0.154365 0.166067 0.155192 0.166961 0.154435 0.167772 0.154527 0.168666 0.153772 0.169477 0.153864 0.171266 0.152351 0.171350 0.151504 0.174034 0.149235 0.176217 0.127190 0.175491 0.126250 0.175575 0.125402 0.174848 0.124463 0.174932 0.123614 0.174205 0.122675 0.174289 0.121827 0.167749 0.113369 0.166938 0.113277 0.166212 0.112337 0.165400 0.112245 0.163948 0.110365 0.162326 0.110181 0.160873 0.108302 0.160062 0.108210 0.159335 0.107271
2 0.172863 0.831610 0.171969 0.832365 0.169536 0.832090 0.167748 0.833602 0.166126 0.833419 0.164337 0.834931 0.162715 0.834747 0.161821 0.835502 0.161010 0.835410 0.160116 0.836167 0.159304 0.836075 0.156620 0.838343 0.155810 0.838251 0.153127 0.840519 0.151783 0.854085 0.152510 0.855025 0.153320 0.855117 0.154047 0.856057 0.163775 0.857159 0.164669 0.856404 0.167101 0.856679 0.167997 0.855923 0.168807 0.856015 0.169702 0.855259 0.170512 0.855351 0.172302 0.853839 0.173112 0.853930 0.174007 0.853175 0.174818 0.853267 0.175712 0.852510 0.178144 0.852786 0.178871 0.853726 0.179682 0.853818 0.184769 0.860397 0.184685 0.861244 0.186138 0.863124 0.185802 0.866516 0.186528 0.867455 0.186276 0.869999 0.187004 0.870939 0.186752 0.873482 0.188932 0.876302 0.189743 0.876394 0.191196 0.878273 0.196060 0.878825 0.196955 0.878069 0.199387 0.878345 0.201176 0.876832 0.201987 0.876924 0.204670 0.874657 0.204754 0.873808 0.205650 0.873053 0.207581 0.853551 0.206127 0.851672 0.206211 0.850823 0.204030 0.848004 0.204114 0.847156 0.201208 0.843397 0.201292 0.842549 0.200565 0.841609 0.199755 0.841517 0.198301 0.839637 0.197490 0.839545 0.196764 0.838606 0.195953 0.838514 0.195226 0.837574 0.194416 0.837482 0.193689 0.836543 0.192879 0.836451 0.192151 0.835511 0.190530 0.835327 0.189803 0.834387 0.188182 0.834203 0.187456 0.833264
7 0.449700 0.817546 0.449616 0.818394 0.448721 0.819150 0.448553 0.820846 0.447659 0.821602 0.447491 0.823298 0.446596 0.824054 0.446428 0.825750 0.447155 0.826689 0.447071 0.827537 0.449251 0.830356 0.450873 0.830540 0.451599 0.831480 0.455653 0.831940 0.456379 0.832880 0.460433 0.833339 0.464066 0.838037 0.463226 0.846517 0.461438 0.848029 0.461270 0.849724 0.460374 0.850481 0.460206 0.852176 0.459312 0.852933 0.459060 0.855476 0.459786 0.856416 0.459702 0.857264 0.460430 0.858204 0.477454 0.860133 0.480138 0.857865 0.480222 0.857018 0.481116 0.856261 0.481284 0.854566 0.482179 0.853809 0.482347 0.852114 0.483242 0.851358 0.483326 0.850510 0.484220 0.849754 0.485396 0.837884 0.484669 0.836943 0.484753 0.836096 0.484026 0.835156 0.484110 0.834307 0.483383 0.833368 0.483467 0.832520 0.481287 0.829701 0.481371 0.828853 0.480644 0.827913 0.480728 0.827065 0.480002 0.826125 0.479192 0.826033 0.477011 0.823214 0.476200 0.823122 0.474020 0.820303
11 0.294624 0.678214 0.291940 0.680482 0.291130 0.680391 0.290235 0.681146 0.288613 0.680962 0.287719 0.681719 0.286909 0.681627 0.286013 0.682383 0.284392 0.682199 0.282603 0.683711 0.280982 0.683528 0.272930 0.690332 0.272846 0.691179 0.271951 0.691935 0.271783 0.693631 0.270888 0.694388 0.270721 0.696083 0.269826 0.696839 0.269742 0.697687 0.268848 0.698443 0.268764 0.699291 0.267869 0.700046 0.266777 0.711070 0.267504 0.712009 0.267253 0.714553 0.267979 0.715493 0.267895 0.716341 0.268621 0.717281 0.268538 0.718128 0.270718 0.720948 0.271528 0.721040 0.272982 0.722919 0.273793 0.723011 0.274519 0.723951 0.275330 0.724043 0.276056 0.724982 0.276867 0.725074 0.277594 0.726015 0.278404 0.726106 0.279131 0.727046 0.278711 0.731285 0.277817 0.732042 0.277733 0.732889 0.276838 0.733646 0.276670 0.735341 0.275776 0.736098 0.275692 0.736945 0.274796 0.737701 0.274125 0.744484 0.274852 0.745424 0.274768 0.746272 0.275495 0.747212 0.275411 0.748059 0.276137 0.749000 0.276053 0.749848 0.276780 0.750787 0.276696 0.751635 0.278150 0.753515 0.278960 0.753607 0.281141 0.756426 0.281951 0.756518 0.282678 0.757458 0.284299 0.757642 0.285026 0.758582 0.285836 0.758674 0.286564 0.759613 0.302777 0.761451 0.303671 0.760695 0.304482 0.760787 0.306272 0.759274 0.307082 0.759366 0.309766 0.757099 0.310577 0.757191 0.318628 0.750387 0.318712 0.749538 0.320502 0.748026 0.320586 0.747179 0.321480 0.746423 0.321564 0.745574 0.322459 0.744819 0.322543 0.743970 0.323437 0.743215 0.323521 0.742367 0.324416 0.741611 0.324500 0.740763 0.325395 0.740006 0.325563 0.738311 0.327351 0.736799 0.329870 0.711362 0.329144 0.710422 0.329312 0.708727 0.328585 0.707786 0.328753 0.706091 0.328027 0.705151 0.328111 0.704303 0.327383 0.703363 0.327467 0.702516 0.326741 0.701575 0.326825 0.700728 0.320285 0.692270 0.319474 0.692178 0.318020 0.690298 0.318104 0.689450 0.313017 0.682872 0.312207 0.682780 0.311480 0.681840 0.309859 0.681656 0.308405 0.679776
1 0.786018 0.144866 0.784229 0.146378 0.783419 0.146287 0.781629 0.147798 0.781545 0.148647 0.780650 0.149402 0.780566 0.150250 0.779672 0.151006 0.779588 0.151854 0.777798 0.153366 0.776623 0.165237 0.777349 0.166176 0.777265 0.167024 0.777993 0.167965 0.777657 0.171356 0.778383 0.172295 0.778299 0.173144 0.779026 0.174083 0.778942 0.174931 0.780396 0.176811 0.780312 0.177659 0.783945 0.182357 0.784756 0.182449 0.785483 0.183389 0.786293 0.183481 0.787020 0.184421 0.804044 0.186351 0.804464 0.182111 0.802283 0.179292 0.802367 0.178444 0.801641 0.177504 0.801977 0.174113 0.804661 0.171845 0.804745 0.170997 0.805639 0.170241 0.805891 0.167697 0.806786 0.166941 0.807597 0.167033 0.808437 0.158554 0.807710 0.157614 0.806899 0.157522 0.805446 0.155642 0.805530 0.154795 0.804076 0.152915 0.804160 0.152067 0.799800 0.146429
11 0.766286 0.824279 0.763601 0.826547 0.762791 0.826456 0.759213 0.829479 0.759129 0.830327 0.758234 0.831083 0.757982 0.833627 0.757088 0.834383 0.756752 0.837774 0.755857 0.838531 0.755773 0.839379 0.756500 0.840318 0.755996 0.845406 0.757449 0.847286 0.757365 0.848133 0.758176 0.848225 0.760356 0.851045 0.761167 0.851136 0.761894 0.852077 0.761558 0.855468 0.760663 0.856224 0.760579 0.857072 0.759684 0.857827 0.759600 0.858676 0.758706 0.859432 0.758622 0.860279 0.756832 0.861791 0.756748 0.862640 0.755854 0.863395 0.755770 0.864243 0.753981 0.865755 0.753897 0.866604 0.753002 0.867359 0.752918 0.868207 0.751129 0.869719 0.750961 0.871415 0.750067 0.872172 0.749479 0.878107 0.750206 0.879046 0.750122 0.879894 0.750848 0.880834 0.750764 0.881682 0.752218 0.883562 0.752134 0.884409 0.752860 0.885349 0.752776 0.886197 0.754956 0.889016 0.755767 0.889108 0.757948 0.891928 0.776592 0.894041 0.777487 0.893285 0.779919 0.893560 0.780814 0.892805 0.781625 0.892897 0.782519 0.892140 0.783330 0.892232 0.784925 0.876123 0.784199 0.875183 0.784702 0.870096 0.783976 0.869155 0.784144 0.867460 0.783417 0.866520 0.783837 0.862281 0.783110 0.861340 0.783781 0.854558 0.783055 0.853618 0.783223 0.851922 0.782496 0.850982 0.782664 0.849286 0.781937 0.848347 0.782021 0.847498 0.781294 0.846558 0.781378 0.845711 0.780652 0.844771 0.780820 0.843075 0.781714 0.842319 0.782134 0.838080 0.783028 0.837323 0.783112 0.836476 0.787586 0.832696 0.787838 0.830152 0.787112 0.829212 0.787196 0.828364 0.785742 0.826485
3 0.537899 0.564315 0.536110 0.565827 0.535299 0.565735 0.534404 0.566491 0.533593 0.566400 0.532699 0.567156 0.531889 0.567064 0.527416 0.570843 0.527332 0.571692 0.525542 0.573204 0.525458 0.574052 0.522774 0.576319 0.522606 0.578016 0.521711 0.578771 0.521544 0.580467 0.520649 0.581224 0.520481 0.582919 0.519587 0.583675 0.519503 0.584523 0.518607 0.585279 0.516592 0.605629 0.518046 0.607508 0.517794 0.610052 0.518521 0.610991 0.518437 0.611840 0.520617 0.614659 0.520449 0.616355 0.521902 0.618235 0.521818 0.619082 0.523272 0.620962 0.523188 0.621810 0.523999 0.621902 0.526179 0.624721 0.526095 0.625569 0.546362 0.627866 0.546446 0.627019 0.547340 0.626262 0.547424 0.625415 0.548319 0.624658 0.548487 0.622963 0.549382 0.622206 0.549550 0.620511 0.550444 0.619755 0.549718 0.618815 0.549801 0.617967 0.549075 0.617027 0.549159 0.616180 0.546979 0.613360 0.546168 0.613268 0.543988 0.610449 0.544072 0.609601 0.543344 0.608661 0.543680 0.605270 0.544576 0.604513 0.545499 0.595187 0.549078 0.592163 0.549888 0.592255 0.550783 0.591498 0.553215 0.591774 0.555004 0.590262 0.555815 0.590354 0.557604 0.588842 0.558415 0.588934 0.559591 0.577063 0.558863 0.576124 0.558947 0.575275 0.558221 0.574335 0.558305 0.573488 0.557578 0.572548 0.557662 0.571700 0.556208 0.569821 0.555398 0.569729 0.554671 0.568789 0.553861 0.568697 0.552407 0.566817 0.551597 0.566725 0.550870 0.565785
11 0.422069 0.210790 0.421174 0.211546 0.419553 0.211362 0.418659 0.212118 0.417847 0.212026 0.413374 0.215806 0.413290 0.216654 0.412396 0.217410 0.412312 0.218258 0.410522 0.219770 0.408507 0.240119 0.411750 0.240487 0.413539 0.238975 0.415160 0.239159 0.416056 0.238403 0.416866 0.238495 0.417593 0.239435 0.419214 0.239618 0.420667 0.241498 0.420164 0.246586 0.420890 0.247525 0.420722 0.249221 0.421449 0.250161 0.420945 0.255248 0.421672 0.256188 0.420833 0.264668 0.419937 0.265423 0.419853 0.266271 0.418959 0.267027 0.418875 0.267875 0.417980 0.268631 0.417813 0.270326 0.416918 0.271083 0.416834 0.271931 0.412361 0.275710 0.412109 0.278254 0.413562 0.280134 0.414373 0.280226 0.415100 0.281166 0.415016 0.282013 0.434471 0.284219 0.439840 0.279683 0.439924 0.278835 0.440818 0.278079 0.440902 0.277231 0.441797 0.276475 0.441965 0.274780 0.442860 0.274023 0.442944 0.273175 0.443838 0.272419 0.443922 0.271571 0.444816 0.270816 0.445068 0.268272 0.445964 0.267516 0.446300 0.264124 0.447194 0.263368 0.449377 0.241323 0.448651 0.240383 0.448819 0.238687 0.448091 0.237747 0.448259 0.236052 0.447533 0.235112 0.447784 0.232568 0.447058 0.231628 0.447142 0.230780 0.446415 0.229841 0.446499 0.228992 0.443592 0.225233 0.443676 0.224385 0.441496 0.221566 0.441580 0.220718 0.437219 0.215080 0.435599 0.214896 0.434872 0.213956 0.434061 0.213864 0.433334 0.212924 0.431713 0.212741 0.430986 0.211800 0.424500 0.211065 0.423606 0.211822 0.422880 0.210882
4 0.715512 0.898264 0.714617 0.899020 0.712185 0.898744 0.711289 0.899500 0.708858 0.899224 0.707964 0.899981 0.705532 0.899705 0.704636 0.900461 0.703015 0.900278 0.701226 0.901790 0.699715 0.917052 0.700526 0.917144 0.701252 0.918083 0.702062 0.918175 0.702789 0.919115 0.704411 0.919299 0.705137 0.920238 0.706759 0.920422 0.707486 0.921362 0.709106 0.921546 0.709834 0.922486 0.713076 0.922854 0.713803 0.923793 0.716235 0.924069 0.716962 0.925009 0.719394 0.925284 0.721574 0.928103 0.722385 0.928195 0.723838 0.930075 0.723754 0.930923 0.724480 0.931863 0.724228 0.934406 0.722440 0.935918 0.722356 0.936766 0.721461 0.937523 0.721377 0.938370 0.720483 0.939127 0.719671 0.939035 0.719587 0.939882 0.717799 0.941394 0.717127 0.948178 0.717853 0.949117 0.717685 0.950813 0.720592 0.954572 0.723025 0.954848 0.723751 0.955787 0.726994 0.956155 0.727720 0.957095 0.728532 0.957187 0.729426 0.956431 0.730236 0.956523 0.732025 0.955011 0.732837 0.955103 0.737310 0.951322 0.737394 0.950475 0.739182 0.948963 0.739266 0.948115 0.740162 0.947359 0.740330 0.945663 0.742118 0.944151 0.744385 0.921257 0.743659 0.920318 0.743743 0.919470 0.743017 0.918530 0.743100 0.917682 0.741646 0.915803 0.741731 0.914954 0.740278 0.913075 0.740362 0.912228 0.739635 0.911287 0.738824 0.911196 0.735190 0.906496 0.734380 0.906405 0.732926 0.904525 0.732116 0.904433 0.731389 0.903494 0.730578 0.903402 0.729851 0.902462 0.728230 0.902278 0.727503 0.901338 0.725072 0.901062 0.724345 0.900123 0.719481 0.899571 0.718754 0.898631 0.717860 0.899388 0.716238 0.899204
11 0.698183 0.626212 0.697289 0.626969 0.694857 0.626693 0.693962 0.627448 0.690720 0.627081 0.689825 0.627837 0.688203 0.627653 0.687309 0.628409 0.685688 0.628225 0.684793 0.628982 0.683982 0.628890 0.683088 0.629645 0.682277 0.629553 0.676909 0.634090 0.676825 0.634937 0.675931 0.635694 0.675847 0.636541 0.673163 0.638810 0.673079 0.639658 0.672184 0.640413 0.672100 0.641262 0.670311 0.642774 0.670227 0.643622 0.669332 0.644377 0.667905 0.658792 0.668631 0.659731 0.668547 0.660580 0.669274 0.661519 0.669106 0.663215 0.669833 0.664155 0.669749 0.665003 0.671930 0.667822 0.671846 0.668670 0.675479 0.673369 0.676289 0.673461 0.677016 0.674401 0.678638 0.674584 0.679364 0.675524 0.683417 0.675984 0.686102 0.673716 0.686912 0.673808 0.689596 0.671539 0.690407 0.671631 0.691302 0.670876 0.692923 0.671059 0.693649 0.671999 0.694460 0.672091 0.695914 0.673971 0.695074 0.682449 0.695800 0.683390 0.695716 0.684237 0.696444 0.685177 0.696360 0.686025 0.697086 0.686965 0.697002 0.687813 0.698455 0.689692 0.699266 0.689784 0.700720 0.691664 0.701530 0.691756 0.702984 0.693635 0.703794 0.693727 0.704521 0.694666 0.706143 0.694850 0.707596 0.696731 0.724620 0.698660 0.725515 0.697904 0.726325 0.697996 0.727220 0.697239 0.728031 0.697331 0.728926 0.696576 0.729736 0.696668 0.730630 0.695911 0.732252 0.696095 0.734041 0.694583 0.734853 0.694675 0.736641 0.693163 0.736725 0.692316 0.737620 0.691559 0.737704 0.690711 0.738599 0.689956 0.738767 0.688260 0.740556 0.686748 0.740640 0.685900 0.741534 0.685144 0.741618 0.684296 0.742512 0.683539 0.742596 0.682692 0.743492 0.681936 0.743576 0.681088 0.744470 0.680332 0.744554 0.679484 0.746344 0.677972 0.746512 0.676276 0.745784 0.675337 0.746456 0.668553 0.747351 0.667797 0.748695 0.654231 0.747241 0.652351 0.747325 0.651503 0.745871 0.649624 0.745955 0.648775 0.745228 0.647836 0.745312 0.646988 0.739499 0.639470 0.738688 0.639378 0.736508 0.636558 0.735698 0.636466 0.734971 0.635526 0.734161 0.635434 0.733433 0.634495 0.731812 0.634311 0.731085 0.633371 0.730274 0.633279 0.729548 0.632340 0.728738 0.632248 0.728011 0.631308 0.727200 0.631216 0.725747 0.629337
7 0.447385 0.302832 0.445596 0.304343 0.445512 0.305191 0.443722 0.306703 0.443638 0.307551 0.442744 0.308307 0.442072 0.315090 0.446432 0.320729 0.447242 0.320821 0.451603 0.326460 0.452413 0.326552 0.453867 0.328431 0.453784 0.329279 0.454510 0.330219 0.454342 0.331915 0.455068 0.332855 0.454565 0.337942 0.453670 0.338698 0.453586 0.339546 0.451798 0.341058 0.451714 0.341906 0.449924 0.343418 0.449840 0.344266 0.448945 0.345022 0.448134 0.344930 0.447240 0.345686 0.447072 0.347382 0.447798 0.348321 0.447462 0.351713 0.449643 0.354532 0.449559 0.355380 0.451013 0.357260 0.450929 0.358108 0.451655 0.359047 0.451571 0.359896 0.452382 0.359988 0.453109 0.360927 0.453025 0.361775 0.474913 0.364256 0.477597 0.361988 0.477681 0.361141 0.479469 0.359628 0.479553 0.358780 0.480449 0.358024 0.480533 0.357177 0.482321 0.355665 0.482489 0.353969 0.483385 0.353213 0.483553 0.351517 0.484447 0.350760 0.484699 0.348217 0.485593 0.347461 0.486013 0.343221 0.486908 0.342466 0.486181 0.341526 0.486265 0.340677 0.487160 0.339922 0.487747 0.333986 0.487021 0.333046 0.487273 0.330503 0.486546 0.329563 0.486630 0.328716 0.485904 0.327775 0.485988 0.326928 0.485260 0.325988 0.485428 0.324292 0.484702 0.323352 0.484786 0.322504 0.482605 0.319685 0.482689 0.318836 0.481963 0.317897 0.482047 0.317049 0.479866 0.314230 0.479950 0.313382 0.477771 0.310562 0.477855 0.309715 0.477044 0.309623 0.475591 0.307743 0.474780 0.307652 0.474053 0.306711 0.474137 0.305864
7 0.628124 0.431353 0.628040 0.432201 0.627146 0.432958 0.627062 0.433805 0.626167 0.434561 0.625915 0.437104 0.626642 0.438045 0.626558 0.438892 0.627285 0.439832 0.627201 0.440680 0.628655 0.442560 0.628319 0.445951 0.629045 0.446892 0.628961 0.447739 0.629688 0.448679 0.629604 0.449527 0.630330 0.450467 0.630246 0.451314 0.630974 0.452254 0.630722 0.454798 0.631448 0.455738 0.631029 0.459977 0.628344 0.462246 0.624291 0.461786 0.623564 0.460846 0.621132 0.460570 0.620238 0.461327 0.618616 0.461143 0.617722 0.461898 0.616910 0.461806 0.616016 0.462563 0.615206 0.462471 0.614311 0.463227 0.613556 0.470858 0.615735 0.473677 0.615651 0.474525 0.619285 0.479225 0.620096 0.479317 0.620822 0.480256 0.621633 0.480348 0.622360 0.481288 0.623170 0.481380 0.623897 0.482319 0.636868 0.483789 0.638657 0.482278 0.639468 0.482369 0.640362 0.481614 0.641173 0.481706 0.642068 0.480949 0.642879 0.481041 0.645563 0.478773 0.645647 0.477926 0.648330 0.475657 0.648414 0.474809 0.649309 0.474053 0.649393 0.473205 0.650288 0.472450 0.652387 0.451252 0.651660 0.450312 0.651744 0.449464 0.651017 0.448524 0.651101 0.447676 0.650374 0.446737 0.650458 0.445888 0.649732 0.444949 0.649816 0.444101 0.649089 0.443162 0.649173 0.442313 0.643359 0.434795 0.642548 0.434703 0.641822 0.433763 0.641011 0.433671 0.640285 0.432731
2 0.318290 0.778643 0.313817 0.782423 0.312809 0.792598 0.313536 0.793537 0.313452 0.794385 0.314178 0.795326 0.314094 0.796173 0.314821 0.797113 0.314569 0.799656 0.315296 0.800597 0.315044 0.803140 0.314149 0.803896 0.313813 0.807287 0.312919 0.808044 0.312835 0.808892 0.311940 0.809648 0.311856 0.810496 0.308278 0.813520 0.306657 0.813336 0.305762 0.814091 0.304141 0.813908 0.303245 0.814664 0.300003 0.814296 0.299276 0.813356 0.295223 0.812897 0.294497 0.811958 0.293686 0.811866 0.292959 0.810925 0.292148 0.810834 0.291422 0.809894 0.290611 0.809802 0.289157 0.807923 0.289241 0.807075 0.288515 0.806135 0.286893 0.805952 0.285999 0.806707 0.285188 0.806615 0.285104 0.807463 0.283314 0.808975 0.281299 0.829325 0.282026 0.830265 0.281942 0.831112 0.282669 0.832052 0.282501 0.833748 0.283228 0.834688 0.283144 0.835536 0.286777 0.840235 0.287589 0.840327 0.289042 0.842206 0.290663 0.842390 0.291390 0.843330 0.292200 0.843422 0.292927 0.844361 0.305898 0.845832 0.307687 0.844320 0.309308 0.844503 0.310202 0.843748 0.311014 0.843840 0.311908 0.843083 0.313529 0.843267 0.314425 0.842511 0.315235 0.842603 0.317024 0.841091 0.317835 0.841183 0.318730 0.840427 0.319540 0.840519 0.324908 0.835982 0.325719 0.836074 0.325803 0.835227 0.328487 0.832959 0.328571 0.832111 0.329465 0.831355 0.329549 0.830507 0.330444 0.829751 0.330528 0.828903 0.332317 0.827391 0.332401 0.826543 0.333296 0.825787 0.333380 0.824940 0.334274 0.824183 0.334442 0.822487 0.335336 0.821731 0.335420 0.820884 0.336316 0.820127 0.338667 0.796386 0.337213 0.794506 0.337297 0.793659 0.336570 0.792719 0.336654 0.791871 0.335928 0.790931 0.336012 0.790083 0.333105 0.786324 0.333189 0.785476 0.332462 0.784536 0.331651 0.784444 0.330198 0.782565 0.329388 0.782473 0.328660 0.781533 0.327850 0.781441 0.326397 0.779562
2 0.209895 0.432820 0.209811 0.433667 0.208916 0.434424 0.208105 0.434332 0.207211 0.435087 0.206399 0.434995 0.204611 0.436507 0.204527 0.437356 0.202738 0.438868 0.202654 0.439716 0.201759 0.440471 0.201339 0.444711 0.202066 0.445650 0.201898 0.447347 0.203351 0.449226 0.203267 0.450074 0.203994 0.451014 0.203910 0.451861 0.205364 0.453742 0.205280 0.454589 0.206006 0.455529 0.205922 0.456377 0.206649 0.457317 0.206397 0.459861 0.207851 0.461740 0.207599 0.464283 0.206704 0.465040 0.206620 0.465887 0.205725 0.466644 0.205473 0.469188 0.201895 0.472211 0.201084 0.472120 0.197506 0.475143 0.197338 0.476839 0.196443 0.477595 0.196107 0.480987 0.196834 0.481927 0.196582 0.484470 0.198762 0.487290 0.219029 0.489587 0.219923 0.488832 0.220735 0.488923 0.223418 0.486655 0.224228 0.486747 0.227808 0.483723 0.228618 0.483815 0.228702 0.482967 0.230491 0.481455 0.230659 0.479759 0.231554 0.479003 0.231638 0.478155 0.233427 0.476643 0.233511 0.475795 0.234405 0.475039 0.236421 0.454690 0.235694 0.453749 0.235946 0.451206 0.234493 0.449326 0.234661 0.447630 0.233934 0.446691 0.234018 0.445843 0.227477 0.437385 0.226667 0.437293 0.225213 0.435413 0.224403 0.435321 0.223676 0.434382
5 0.323308 0.421667 0.322413 0.422423 0.321602 0.422331 0.319814 0.423843 0.318192 0.423659 0.316403 0.425172 0.315592 0.425080 0.313803 0.426592 0.312992 0.426500 0.310308 0.428767 0.310224 0.429616 0.309330 0.430371 0.309246 0.431220 0.307456 0.432731 0.307372 0.433580 0.306478 0.434335 0.305638 0.442815 0.306364 0.443755 0.306280 0.444602 0.309187 0.448361 0.309999 0.448453 0.310725 0.449393 0.317211 0.450128 0.317937 0.451068 0.319558 0.451251 0.320453 0.450496 0.322885 0.450772 0.323780 0.450015 0.324590 0.450107 0.325485 0.449352 0.327107 0.449535 0.328001 0.448779 0.328811 0.448871 0.329707 0.448115 0.332138 0.448391 0.332866 0.449330 0.333676 0.449422 0.335855 0.452242 0.335771 0.453089 0.337225 0.454970 0.337141 0.455817 0.337868 0.456757 0.337784 0.457605 0.338510 0.458545 0.337755 0.466176 0.338482 0.467115 0.338230 0.469659 0.338957 0.470599 0.338873 0.471447 0.339599 0.472387 0.354192 0.474041 0.355086 0.473285 0.355897 0.473376 0.358581 0.471109 0.359391 0.471201 0.360287 0.470445 0.360371 0.469596 0.362159 0.468084 0.364007 0.449431 0.363280 0.448491 0.363364 0.447643 0.362638 0.446703 0.362806 0.445007 0.362078 0.444068 0.362246 0.442371 0.360793 0.440492 0.360877 0.439645 0.360151 0.438704 0.360235 0.437857 0.357327 0.434097 0.356516 0.434005 0.352883 0.429307 0.352073 0.429215 0.351345 0.428275 0.350535 0.428183 0.349808 0.427243 0.348998 0.427151 0.348271 0.426212 0.346649 0.426028 0.345197 0.424148
1 0.380139 0.187174 0.378350 0.188686 0.377539 0.188594 0.373961 0.191618 0.373877 0.192466 0.372982 0.193222 0.372898 0.194070 0.371110 0.195582 0.371026 0.196429 0.368342 0.198698 0.368258 0.199546 0.366468 0.201058 0.366384 0.201905 0.364595 0.203418 0.363784 0.203326 0.362889 0.204082 0.362079 0.203990 0.361184 0.204746 0.358752 0.204470 0.357858 0.205226 0.352183 0.204583 0.348550 0.199884 0.347738 0.199792 0.347012 0.198852 0.346201 0.198761 0.345475 0.197820 0.340610 0.197269 0.339716 0.198025 0.337283 0.197750 0.336389 0.198505 0.334768 0.198322 0.333873 0.199078 0.332252 0.198894 0.330462 0.200406 0.330378 0.201254 0.329484 0.202010 0.327973 0.217272 0.329425 0.219151 0.329341 0.220000 0.330069 0.220940 0.329985 0.221787 0.331438 0.223667 0.331354 0.224515 0.334988 0.229214 0.334904 0.230062 0.337084 0.232881 0.337894 0.232973 0.339348 0.234853 0.340158 0.234945 0.340885 0.235885 0.341696 0.235977 0.342423 0.236916 0.343233 0.237008 0.343960 0.237948 0.345581 0.238132 0.347035 0.240011 0.363249 0.241849 0.364143 0.241093 0.365764 0.241276 0.366660 0.240521 0.367470 0.240613 0.369259 0.239101 0.370069 0.239193 0.370965 0.238436 0.372585 0.238620 0.374375 0.237108 0.375996 0.237292 0.376890 0.236536 0.376974 0.235688 0.377870 0.234932 0.378680 0.235024 0.383153 0.231244 0.383965 0.231335 0.384049 0.230488 0.385837 0.228976 0.385921 0.228128 0.386816 0.227372 0.386900 0.226524 0.388689 0.225012 0.388773 0.224164 0.390562 0.222652 0.393417 0.193823 0.390510 0.190064 0.389700 0.189972 0.388973 0.189032 0.388163 0.188940 0.387435 0.188001
7 0.080552 0.166076 0.078762 0.167588 0.078678 0.168437 0.075995 0.170705 0.075911 0.171552 0.075016 0.172309 0.074932 0.173156 0.074037 0.173912 0.073953 0.174760 0.073059 0.175516 0.072891 0.177212 0.071997 0.177968 0.071913 0.178816 0.071017 0.179572 0.070849 0.181268 0.069955 0.182023 0.069703 0.184567 0.068809 0.185324 0.066458 0.209064 0.067268 0.209156 0.067994 0.210096 0.067911 0.210944 0.069364 0.212824 0.069281 0.213672 0.070007 0.214612 0.070817 0.214704 0.072271 0.216583 0.077946 0.217227 0.080630 0.214958 0.081441 0.215050 0.082335 0.214295 0.082419 0.213446 0.084209 0.211934 0.084293 0.211086 0.085187 0.210331 0.085271 0.209482 0.086166 0.208727 0.086250 0.207878 0.087144 0.207123 0.087228 0.206275 0.088122 0.205518 0.088934 0.205610 0.096091 0.199562 0.096175 0.198714 0.097964 0.197202 0.098048 0.196355 0.098943 0.195599 0.099027 0.194751 0.100816 0.193238 0.102663 0.174585 0.101853 0.174493 0.101126 0.173554 0.101210 0.172705 0.100483 0.171765 0.099672 0.171673 0.098219 0.169794 0.097408 0.169702 0.095955 0.167822
12 0.839718 0.860898 0.838823 0.861654 0.837203 0.861470 0.833624 0.864494 0.833540 0.865342 0.832645 0.866097 0.832561 0.866946 0.831666 0.867702 0.831582 0.868550 0.830688 0.869306 0.830436 0.871849 0.829542 0.872606 0.829206 0.875997 0.828310 0.876753 0.827974 0.880145 0.827080 0.880901 0.826912 0.882597 0.825123 0.884109 0.824955 0.885804 0.823166 0.887316 0.821545 0.887133 0.820649 0.887889 0.819029 0.887705 0.818134 0.888461 0.817324 0.888369 0.816428 0.889125 0.811565 0.888574 0.810837 0.887634 0.807596 0.887266 0.806868 0.886327 0.802815 0.885867 0.801921 0.886623 0.801110 0.886531 0.798426 0.888799 0.796159 0.911693 0.798339 0.914512 0.798256 0.915360 0.799066 0.915452 0.800519 0.917331 0.802141 0.917515 0.803594 0.919395 0.806836 0.919763 0.807563 0.920702 0.808458 0.919946 0.816564 0.920865 0.817459 0.920109 0.822323 0.920660 0.823218 0.919904 0.824840 0.920088 0.825734 0.919332 0.826544 0.919424 0.827439 0.918668 0.828250 0.918760 0.830039 0.917248 0.830850 0.917340 0.831745 0.916584 0.832555 0.916676 0.836134 0.913651 0.836944 0.913743 0.839628 0.911476 0.839712 0.910627 0.843291 0.907604 0.843375 0.906755 0.845165 0.905243 0.845333 0.903548 0.847121 0.902036 0.847289 0.900340 0.848184 0.899584 0.851038 0.870755 0.848859 0.867935 0.848943 0.867088 0.846035 0.863329 0.845225 0.863237 0.843772 0.861358
1 0.655860 0.623130 0.654966 0.623886 0.654882 0.624733 0.652198 0.627002 0.652114 0.627850 0.647641 0.631629 0.647557 0.632478 0.643978 0.635501 0.643894 0.636350 0.643000 0.637105 0.642916 0.637954 0.640232 0.640222 0.640148 0.641069 0.639254 0.641826 0.638330 0.651152 0.637435 0.651908 0.638162 0.652848 0.637267 0.653604 0.636763 0.658692 0.638943 0.661511 0.642997 0.661971 0.644450 0.663850 0.644114 0.667242 0.654653 0.668436 0.661810 0.662388 0.661894 0.661540 0.666368 0.657760 0.666452 0.656913 0.667346 0.656156 0.667430 0.655308 0.668325 0.654552 0.668409 0.653704 0.669303 0.652949 0.669555 0.650405 0.670449 0.649649 0.670533 0.648801 0.671429 0.648044 0.672016 0.642109 0.672911 0.641354 0.673331 0.637114 0.672604 0.636174 0.672772 0.634478 0.672045 0.633539 0.672213 0.631843 0.670760 0.629963 0.670844 0.629115 0.669391 0.627236 0.669475 0.626387 0.668021 0.624508
2 0.935147 0.700230 0.935063 0.701079 0.934168 0.701834 0.933749 0.706074 0.932853 0.706830 0.932769 0.707678 0.934223 0.709557 0.934139 0.710406 0.935592 0.712285 0.935424 0.713981 0.940511 0.720559 0.940427 0.721407 0.942608 0.724226 0.942524 0.725075 0.943250 0.726014 0.942411 0.734493 0.937938 0.738274 0.937127 0.738182 0.936232 0.738937 0.935422 0.738845 0.930949 0.742626 0.930865 0.743474 0.929970 0.744229 0.929802 0.745925 0.930529 0.746865 0.930277 0.749409 0.929382 0.750165 0.929047 0.753556 0.929773 0.754496 0.929521 0.757040 0.930974 0.758920 0.931784 0.759012 0.933238 0.760891 0.940534 0.761718 0.941429 0.760962 0.942240 0.761054 0.943134 0.760298 0.946377 0.760666 0.947272 0.759909 0.949704 0.760185 0.950598 0.759429 0.951410 0.759521 0.953198 0.758009 0.954009 0.758101 0.956693 0.755833 0.956777 0.754985 0.957671 0.754229 0.957755 0.753381 0.961334 0.750357 0.961418 0.749509 0.963208 0.747997 0.963292 0.747149 0.965080 0.745637 0.967179 0.724439 0.965000 0.721620 0.965084 0.720772 0.964357 0.719833 0.964441 0.718984 0.963714 0.718045 0.963798 0.717197 0.963072 0.716257 0.963156 0.715409 0.962429 0.714469 0.962597 0.712773 0.961870 0.711834 0.961954 0.710986 0.959047 0.707227 0.958236 0.707135 0.955329 0.703376 0.955413 0.702528
7 0.822035 0.286136 0.821140 0.286892 0.819519 0.286708 0.818625 0.287465 0.817814 0.287373 0.816919 0.288128 0.812866 0.287669 0.812139 0.286729 0.811329 0.286638 0.810601 0.285697 0.801685 0.284687 0.800789 0.285443 0.795115 0.284800 0.794220 0.285555 0.791788 0.285279 0.789999 0.286792 0.789189 0.286700 0.786504 0.288968 0.784573 0.308470 0.785300 0.309410 0.785216 0.310257 0.788849 0.314956 0.789660 0.315048 0.791113 0.316928 0.796788 0.317571 0.797683 0.316815 0.798494 0.316907 0.799221 0.317847 0.817055 0.319868 0.817949 0.319113 0.819571 0.319297 0.820466 0.318540 0.821276 0.318632 0.822171 0.317877 0.822982 0.317968 0.824772 0.316456 0.825582 0.316548 0.828265 0.314280 0.829077 0.314372 0.833550 0.310592 0.833634 0.309743 0.834528 0.308988 0.835619 0.297965 0.834893 0.297025 0.834977 0.296177 0.832070 0.292418 0.831260 0.292326 0.827626 0.287627 0.826815 0.287535 0.826088 0.286596
11 0.444915 0.385721 0.443125 0.387233 0.440693 0.386957 0.439799 0.387714 0.438988 0.387622 0.438094 0.388377 0.437284 0.388285 0.434599 0.390554 0.433789 0.390462 0.430210 0.393486 0.429399 0.393394 0.427610 0.394906 0.426799 0.394814 0.425010 0.396326 0.424199 0.396235 0.423304 0.396990 0.422548 0.404621 0.423360 0.404713 0.424086 0.405653 0.424897 0.405745 0.425623 0.406684 0.426435 0.406776 0.427329 0.406021 0.428055 0.406960 0.442648 0.408614 0.443375 0.409554 0.445807 0.409830 0.446533 0.410769 0.447344 0.410861 0.448071 0.411801 0.448882 0.411893 0.449608 0.412833 0.455283 0.413477 0.456177 0.412720 0.457798 0.412904 0.458694 0.412148 0.467611 0.413158 0.468338 0.414099 0.471580 0.414466 0.472307 0.415406 0.473928 0.415590 0.474655 0.416529 0.475466 0.416621 0.476192 0.417561 0.475940 0.420105 0.475046 0.420861 0.474878 0.422557 0.473984 0.423313 0.473648 0.426705 0.475101 0.428584 0.477533 0.428860 0.478259 0.429800 0.479155 0.429043 0.484018 0.429595 0.484913 0.428838 0.486844 0.409337 0.486117 0.408397 0.486201 0.407549 0.485475 0.406610 0.485559 0.405761 0.483378 0.402943 0.483462 0.402094 0.482736 0.401154 0.481926 0.401062 0.481198 0.400123 0.480388 0.400031 0.479661 0.399091 0.478851 0.398999 0.478123 0.398060 0.476502 0.397876 0.475775 0.396936 0.473344 0.396660 0.472616 0.395721 0.471806 0.395629 0.471079 0.394689 0.470269 0.394597 0.469543 0.393657 0.467921 0.393473 0.467194 0.392534 0.464762 0.392258 0.464036 0.391318 0.460793 0.390950 0.460065 0.390011 0.456823 0.389643 0.456096 0.388703 0.454475 0.388519 0.453021 0.386640
7 0.160814 0.605599 0.160730 0.606447 0.159835 0.607204 0.159584 0.609747 0.158688 0.610503 0.158604 0.611351 0.157710 0.612107 0.157458 0.614651 0.156564 0.615407 0.157290 0.616347 0.157122 0.618042 0.156228 0.618799 0.156144 0.619646 0.153460 0.621915 0.151027 0.621639 0.150301 0.620699 0.149490 0.620607 0.146584 0.616848 0.145772 0.616756 0.145046 0.615816 0.140993 0.615356 0.140266 0.614417 0.139455 0.614325 0.138560 0.615081 0.137750 0.614989 0.136855 0.615745 0.135234 0.615561 0.132550 0.617830 0.131459 0.628852 0.134365 0.632611 0.135176 0.632703 0.136629 0.634583 0.137440 0.634674 0.138893 0.636554 0.141326 0.636830 0.142052 0.637770 0.142863 0.637862 0.143589 0.638802 0.146021 0.639077 0.146749 0.640017 0.147559 0.640109 0.149012 0.641988 0.161173 0.643367 0.162067 0.642611 0.162878 0.642703 0.163773 0.641947 0.167015 0.642314 0.168804 0.640802 0.169615 0.640894 0.178562 0.633334 0.178645 0.632486 0.179540 0.631730 0.179708 0.630034 0.180603 0.629279 0.180771 0.627582 0.181665 0.626827 0.181833 0.625131 0.182728 0.624374 0.183316 0.618439 0.182589 0.617500 0.182925 0.614107 0.182199 0.613168 0.182366 0.611472 0.181639 0.610532 0.181807 0.608837 0.181080 0.607896
5 0.169215 0.711157 0.169131 0.712005 0.167342 0.713517 0.167174 0.715213 0.167901 0.716152 0.167817 0.717001 0.166922 0.717757 0.166503 0.721996 0.165608 0.722752 0.165440 0.724448 0.164546 0.725204 0.164462 0.726052 0.163566 0.726808 0.163147 0.731048 0.163874 0.731987 0.163790 0.732835 0.165970 0.735654 0.165886 0.736502 0.167340 0.738382 0.167172 0.740078 0.167898 0.741018 0.167814 0.741865 0.168541 0.742805 0.168457 0.743653 0.169184 0.744593 0.168848 0.747984 0.169575 0.748925 0.168680 0.749680 0.168512 0.751377 0.167617 0.752132 0.167533 0.752980 0.166639 0.753736 0.166555 0.754584 0.164765 0.756096 0.163954 0.756004 0.162166 0.757516 0.161355 0.757424 0.158671 0.759693 0.157860 0.759601 0.157776 0.760448 0.155987 0.761960 0.155903 0.762808 0.155008 0.763565 0.154505 0.768652 0.155958 0.770531 0.155790 0.772227 0.157244 0.774107 0.175078 0.776128 0.175973 0.775373 0.176784 0.775465 0.177678 0.774708 0.178489 0.774800 0.186540 0.767996 0.186624 0.767148 0.187519 0.766392 0.187603 0.765544 0.188498 0.764788 0.188582 0.763940 0.189476 0.763184 0.189644 0.761489 0.190538 0.760732 0.190790 0.758188 0.191686 0.757433 0.191770 0.756585 0.192664 0.755829 0.194427 0.738023 0.193701 0.737083 0.193785 0.736235 0.193057 0.735295 0.193141 0.734448 0.192415 0.733508 0.192583 0.731812 0.191130 0.729932 0.191214 0.729084 0.189760 0.727205 0.189844 0.726357 0.189117 0.725417 0.189201 0.724569 0.188475 0.723630 0.188559 0.722781 0.184925 0.718082 0.184114 0.717990 0.181935 0.715171 0.181123 0.715079 0.180397 0.714139 0.179587 0.714047 0.178133 0.712168
1 0.325558 0.067807 0.324663 0.068563 0.324579 0.069412 0.321000 0.072435 0.320917 0.073283 0.320022 0.074039 0.319938 0.074887 0.319044 0.075643 0.318960 0.076491 0.317171 0.078003 0.317087 0.078851 0.314403 0.081119 0.313593 0.081027 0.311803 0.082539 0.310992 0.082447 0.310097 0.083203 0.309286 0.083112 0.308392 0.083867 0.305149 0.083500 0.304423 0.082560 0.303613 0.082468 0.302159 0.080589 0.301348 0.080497 0.300622 0.079557 0.299810 0.079465 0.298357 0.077586 0.295925 0.077310 0.295031 0.078065 0.294219 0.077973 0.291536 0.080242 0.291452 0.081090 0.290557 0.081846 0.290473 0.082694 0.289578 0.083449 0.289494 0.084298 0.285916 0.087321 0.284572 0.100888 0.286753 0.103708 0.286669 0.104555 0.287479 0.104647 0.290386 0.108407 0.291197 0.108499 0.293377 0.111317 0.294188 0.111409 0.294915 0.112350 0.295725 0.112441 0.296452 0.113382 0.298074 0.113565 0.298800 0.114505 0.299610 0.114597 0.301064 0.116476 0.318088 0.118406 0.319877 0.116894 0.320689 0.116986 0.322477 0.115474 0.324099 0.115658 0.324994 0.114901 0.325804 0.114993 0.334751 0.107434 0.334835 0.106585 0.335729 0.105830 0.335813 0.104981 0.338497 0.102713 0.338581 0.101866 0.341264 0.099597 0.341768 0.094510 0.342664 0.093754 0.342748 0.092906 0.343642 0.092150 0.343978 0.088759 0.344872 0.088002 0.345796 0.078675 0.345069 0.077735 0.345153 0.076888 0.344427 0.075948 0.344595 0.074252 0.343867 0.073313 0.343951 0.072464 0.342498 0.070585 0.342582 0.069737
10 0.945277 0.606205 0.944383 0.606961 0.943572 0.606869 0.942677 0.607625 0.941867 0.607534 0.940972 0.608289 0.940162 0.608197 0.939266 0.608954 0.938456 0.608862 0.937562 0.609617 0.937478 0.610466 0.934793 0.612734 0.933702 0.623756 0.934512 0.623848 0.935239 0.624788 0.936861 0.624972 0.937587 0.625911 0.940019 0.626187 0.940746 0.627127 0.943178 0.627403 0.943905 0.628342 0.944715 0.628434 0.945442 0.629374 0.947063 0.629558 0.948517 0.631438 0.949328 0.631529 0.950054 0.632469 0.950865 0.632561 0.955225 0.638200 0.954805 0.642440 0.953911 0.643195 0.953407 0.648283 0.952512 0.649039 0.952260 0.651583 0.952988 0.652522 0.952904 0.653370 0.953630 0.654310 0.953546 0.655158 0.955726 0.657978 0.955642 0.658825 0.956369 0.659765 0.966097 0.660868 0.967887 0.659356 0.968697 0.659448 0.969592 0.658691 0.970402 0.658783 0.973981 0.655759 0.974065 0.654911 0.974959 0.654156 0.975043 0.653307 0.976833 0.651795 0.976917 0.650948 0.977811 0.650192 0.977895 0.649343 0.979685 0.647831 0.981616 0.628330 0.980162 0.626450 0.980246 0.625603 0.979520 0.624662 0.979603 0.623815 0.978150 0.621935 0.978234 0.621087 0.977507 0.620147 0.977591 0.619300 0.973231 0.613660 0.972421 0.613569 0.971693 0.612629 0.970883 0.612537 0.970157 0.611597 0.969345 0.611505 0.968619 0.610566 0.967808 0.610474 0.967082 0.609534 0.966271 0.609442 0.965544 0.608503
1 0.539300 0.773685 0.539216 0.774533 0.537427 0.776045 0.537175 0.778589 0.536279 0.779345 0.535860 0.783584 0.536587 0.784524 0.536503 0.785371 0.539410 0.789131 0.539326 0.789979 0.541505 0.792798 0.542317 0.792890 0.545950 0.797589 0.545782 0.799285 0.546509 0.800225 0.545585 0.809552 0.544691 0.810307 0.544607 0.811156 0.542817 0.812668 0.542007 0.812576 0.541112 0.813331 0.539490 0.813147 0.538596 0.813904 0.538176 0.818143 0.541083 0.821902 0.540999 0.822751 0.542453 0.824630 0.543263 0.824722 0.544717 0.826602 0.547148 0.826877 0.547875 0.827817 0.547791 0.828665 0.566437 0.830778 0.568227 0.829266 0.569037 0.829358 0.569931 0.828602 0.570015 0.827754 0.570910 0.826998 0.571721 0.827090 0.572615 0.826334 0.572699 0.825486 0.573594 0.824731 0.573678 0.823882 0.575468 0.822371 0.575720 0.819827 0.577508 0.818315 0.578684 0.806444 0.577957 0.805505 0.578209 0.802961 0.577483 0.802020 0.577651 0.800325 0.576923 0.799385 0.577091 0.797690 0.576365 0.796749 0.576449 0.795901 0.574996 0.794022 0.575080 0.793174 0.573626 0.791295 0.573710 0.790447 0.572983 0.789506 0.573067 0.788659 0.571614 0.786780 0.571698 0.785931 0.570244 0.784052 0.570328 0.783204 0.569602 0.782264 0.568790 0.782172 0.566611 0.779353 0.565801 0.779261 0.565073 0.778321 0.564263 0.778229 0.562810 0.776350
2 0.000000 0.666352 0.000000 0.667864 0.000000 0.667772 0.000000 0.668528 0.000000 0.668436 0.000000 0.669949 0.000000 0.669857 0.000000 0.670612 0.000000 0.670520 0.000000 0.673544 0.000000 0.673452 0.000000 0.674965 0.000000 0.675813 0.000000 0.677346 0.000000 0.678194 0.000000 0.679041 0.000000 0.680738 0.000000 0.682434 0.000000 0.705327 0.000000 0.709729 0.000000 0.710577 0.000000 0.712456 0.000000 0.712548 0.000000 0.715368 0.000000 0.716838 0.000000 0.716081 0.000000 0.716173 0.000000 0.714661 0.000000 0.713814 0.000000 0.713058 0.000000 0.709666 0.000000 0.708910 0.000000 0.705518 0.000000 0.704763 0.000000 0.700523 0.000650 0.699767 0.000818 0.698071 0.001713 0.697315 0.001965 0.694772 0.003753 0.693260 0.006997 0.693627 0.007892 0.692871 0.015187 0.693698 0.016082 0.692942 0.024999 0.693953 0.025894 0.693197 0.026704 0.693289 0.027600 0.692532 0.028607 0.682358 0.026427 0.679538 0.025616 0.679447 0.023436 0.676627 0.023520 0.675779 0.022793 0.674839 0.021172 0.674655 0.020445 0.673716 0.019635 0.673624 0.018908 0.672684 0.018097 0.672592 0.016644 0.670713 0.014212 0.670437 0.013485 0.669497 0.012674 0.669405 0.011947 0.668466
11 0.658588 0.487966 0.657694 0.488723 0.657610 0.489570 0.655820 0.491083 0.655736 0.491930 0.653947 0.493442 0.653863 0.494290 0.652968 0.495046 0.652158 0.494954 0.651263 0.495710 0.651179 0.496558 0.650285 0.497314 0.650201 0.498163 0.647517 0.500430 0.644274 0.500062 0.643380 0.500819 0.640137 0.500451 0.639242 0.501207 0.635999 0.500839 0.635104 0.501596 0.631862 0.501228 0.630967 0.501984 0.628535 0.501709 0.627641 0.502464 0.625208 0.502189 0.624314 0.502945 0.623504 0.502853 0.620819 0.505120 0.620009 0.505029 0.619114 0.505785 0.619030 0.506633 0.617241 0.508145 0.617157 0.508993 0.615368 0.510505 0.615284 0.511353 0.614389 0.512108 0.614221 0.513805 0.613326 0.514560 0.613242 0.515409 0.612348 0.516164 0.611005 0.529731 0.612458 0.531610 0.612374 0.532458 0.613101 0.533399 0.612849 0.535942 0.613576 0.536882 0.613492 0.537729 0.614945 0.539609 0.614861 0.540457 0.617041 0.543277 0.616957 0.544124 0.617684 0.545064 0.617600 0.545912 0.618327 0.546852 0.618243 0.547699 0.618970 0.548640 0.618886 0.549488 0.619612 0.550427 0.619528 0.551275 0.620255 0.552215 0.620171 0.553063 0.653409 0.556831 0.656986 0.553807 0.657798 0.553899 0.658692 0.553142 0.659503 0.553234 0.663081 0.550210 0.663892 0.550302 0.664787 0.549546 0.665598 0.549638 0.667386 0.548126 0.667470 0.547278 0.669260 0.545765 0.669344 0.544918 0.672923 0.541894 0.673007 0.541046 0.673901 0.540290 0.674711 0.540382 0.675607 0.539626 0.675691 0.538778 0.679269 0.535754 0.679353 0.534906 0.681142 0.533394 0.681226 0.532546 0.682120 0.531790 0.682204 0.530942 0.683994 0.529430 0.684078 0.528582 0.684972 0.527826 0.685224 0.525283 0.686120 0.524526 0.686540 0.520287 0.687434 0.519531 0.686708 0.518591 0.686791 0.517744 0.687686 0.516987 0.687854 0.515291 0.687127 0.514352 0.687295 0.512656 0.688190 0.511900 0.687463 0.510960 0.687799 0.507568 0.687072 0.506628 0.687407 0.503237 0.686681 0.502298 0.686765 0.501449 0.686039 0.500509 0.686122 0.499662 0.685395 0.498721 0.685479 0.497874 0.684752 0.496934 0.684836 0.496086 0.684110 0.495146 0.684194 0.494299 0.683383 0.494207 0.682657 0.493267 0.682741 0.492419 0.682014 0.491479 0.682098 0.490631
7 0.252290 0.294436 0.251395 0.295192 0.250585 0.295100 0.248795 0.296612 0.248711 0.297460 0.247817 0.298215 0.247733 0.299064 0.245944 0.300576 0.245776 0.302271 0.244881 0.303028 0.244713 0.304723 0.243819 0.305479 0.243651 0.307175 0.240966 0.309443 0.237724 0.309075 0.236997 0.308136 0.235375 0.307952 0.233922 0.306073 0.233112 0.305981 0.232385 0.305041 0.231574 0.304949 0.230848 0.304009 0.230037 0.303917 0.229311 0.302978 0.228499 0.302886 0.227773 0.301945 0.226963 0.301854 0.226235 0.300914 0.225425 0.300822 0.224698 0.299882 0.219023 0.299239 0.218129 0.299995 0.217318 0.299903 0.214634 0.302171 0.213291 0.315737 0.214101 0.315829 0.215555 0.317710 0.215471 0.318557 0.218378 0.322316 0.218294 0.323164 0.221201 0.326923 0.222822 0.327107 0.224276 0.328986 0.225086 0.329078 0.225813 0.330018 0.226624 0.330110 0.227351 0.331050 0.246807 0.333255 0.248595 0.331743 0.249406 0.331835 0.250301 0.331080 0.251112 0.331171 0.252006 0.330415 0.252818 0.330507 0.254606 0.328995 0.254690 0.328148 0.256480 0.326635 0.256564 0.325787 0.257458 0.325031 0.257542 0.324184 0.259331 0.322672 0.259499 0.320975 0.260394 0.320220 0.262494 0.299022 0.261766 0.298082 0.260145 0.297898 0.259419 0.296959 0.257797 0.296775 0.257070 0.295835 0.255449 0.295651 0.254722 0.294712
1 0.927688 0.651370 0.926794 0.652125 0.924362 0.651850 0.923467 0.652606 0.922657 0.652514 0.919077 0.655538 0.918993 0.656385 0.918099 0.657142 0.918015 0.657990 0.916226 0.659502 0.916142 0.660350 0.914353 0.661861 0.914185 0.663557 0.913290 0.664314 0.913122 0.666009 0.912228 0.666766 0.911724 0.671853 0.910830 0.672609 0.911556 0.673548 0.910662 0.674305 0.910494 0.676001 0.909598 0.676757 0.905545 0.676297 0.904819 0.675357 0.903197 0.675173 0.902471 0.674233 0.900850 0.674050 0.900122 0.673110 0.898501 0.672926 0.897774 0.671986 0.895343 0.671711 0.894448 0.672467 0.893637 0.672375 0.890058 0.675399 0.888043 0.695749 0.888854 0.695841 0.891034 0.698660 0.891845 0.698752 0.893298 0.700631 0.894109 0.700723 0.894835 0.701663 0.896457 0.701847 0.897183 0.702787 0.898805 0.702971 0.899532 0.703910 0.901154 0.704094 0.901880 0.705034 0.912419 0.706229 0.913313 0.705472 0.914935 0.705656 0.915829 0.704901 0.918262 0.705176 0.919156 0.704420 0.919966 0.704512 0.920861 0.703755 0.921672 0.703847 0.924356 0.701580 0.925167 0.701672 0.929640 0.697892 0.929724 0.697043 0.933302 0.694019 0.933386 0.693171 0.934281 0.692416 0.934365 0.691567 0.935260 0.690812 0.935428 0.689116 0.936322 0.688360 0.939261 0.658683 0.936354 0.654924 0.935544 0.654832 0.934090 0.652952 0.933279 0.652861 0.932552 0.651921
7 0.425552 0.308073 0.424657 0.308829 0.423846 0.308737 0.419373 0.312517 0.419289 0.313366 0.418394 0.314121 0.418310 0.314969 0.416521 0.316481 0.416437 0.317329 0.415543 0.318085 0.415375 0.319781 0.414479 0.320537 0.414312 0.322233 0.413417 0.322988 0.413333 0.323837 0.412439 0.324592 0.410927 0.339855 0.412380 0.341735 0.412296 0.342582 0.413750 0.344462 0.413666 0.345310 0.414393 0.346250 0.414309 0.347097 0.417943 0.351797 0.418754 0.351889 0.420206 0.353768 0.421018 0.353860 0.422471 0.355739 0.423281 0.355831 0.424008 0.356771 0.426440 0.357047 0.427166 0.357986 0.435274 0.358905 0.436168 0.358150 0.438600 0.358425 0.439495 0.357669 0.441117 0.357853 0.442905 0.356341 0.443716 0.356433 0.445395 0.339475 0.441342 0.339015 0.440616 0.338075 0.439805 0.337983 0.439079 0.337044 0.438267 0.336952 0.437541 0.336012 0.437625 0.335164 0.436898 0.334225 0.436982 0.333376 0.436256 0.332437 0.436340 0.331589 0.435612 0.330649 0.435696 0.329801 0.434970 0.328862 0.435557 0.322926 0.436452 0.322170 0.436704 0.319626 0.437599 0.318871 0.437935 0.315479 0.437208 0.314539 0.437459 0.311995 0.436733 0.311056 0.436817 0.310207 0.436091 0.309268
3 0.339889 0.386678 0.338995 0.387433 0.336563 0.387158 0.335668 0.387914 0.334857 0.387822 0.333963 0.388578 0.333152 0.388486 0.332258 0.389242 0.331446 0.389150 0.330552 0.389906 0.329741 0.389814 0.328846 0.390570 0.328036 0.390478 0.325351 0.392747 0.324541 0.392655 0.317384 0.398703 0.317300 0.399551 0.315511 0.401063 0.315427 0.401910 0.314533 0.402667 0.312182 0.426408 0.312908 0.427347 0.312824 0.428196 0.313551 0.429135 0.313467 0.429983 0.320007 0.438441 0.320817 0.438533 0.321545 0.439474 0.322355 0.439565 0.323082 0.440505 0.329567 0.441240 0.330462 0.440484 0.331273 0.440576 0.338430 0.434528 0.338598 0.432832 0.339492 0.432076 0.341088 0.415966 0.344666 0.412941 0.344750 0.412094 0.345645 0.411337 0.347266 0.411521 0.348161 0.410766 0.355457 0.411593 0.357472 0.391243 0.355851 0.391059 0.355123 0.390119 0.353503 0.389936 0.352776 0.388996 0.351154 0.388812 0.350428 0.387872
5 0.054841 0.334647 0.053947 0.335402 0.052326 0.335219 0.050536 0.336730 0.048916 0.336547 0.048020 0.337303 0.047210 0.337211 0.046315 0.337967 0.045504 0.337875 0.042821 0.340143 0.042737 0.340991 0.040053 0.343259 0.039242 0.343167 0.037452 0.344679 0.037368 0.345527 0.036474 0.346283 0.036306 0.347979 0.035412 0.348735 0.035328 0.349583 0.034433 0.350339 0.034349 0.351187 0.033454 0.351943 0.033370 0.352791 0.032476 0.353547 0.030796 0.370505 0.031523 0.371444 0.031271 0.373988 0.031998 0.374928 0.031830 0.376624 0.033283 0.378503 0.033199 0.379352 0.034652 0.381231 0.034484 0.382927 0.035938 0.384806 0.035854 0.385655 0.052068 0.387493 0.052152 0.386644 0.053046 0.385888 0.053130 0.385040 0.055814 0.382772 0.055898 0.381925 0.057687 0.380412 0.057771 0.379564 0.058666 0.378808 0.058750 0.377961 0.058023 0.377020 0.058443 0.372781 0.057716 0.371841 0.057884 0.370146 0.058779 0.369389 0.058862 0.368542 0.058136 0.367602 0.058388 0.365058 0.059282 0.364302 0.059366 0.363454 0.058640 0.362515 0.058808 0.360819 0.059702 0.360063 0.059786 0.359214 0.063365 0.356190 0.064176 0.356282 0.065070 0.355527 0.065881 0.355619 0.066776 0.354862 0.067587 0.354954 0.068481 0.354198 0.070913 0.354474 0.071808 0.353718 0.075861 0.354177 0.076755 0.353421 0.079999 0.353789 0.084472 0.350008 0.084892 0.345770 0.084165 0.344830 0.084249 0.343982 0.082795 0.342102 0.082879 0.341254 0.081426 0.339375 0.078994 0.339099 0.078267 0.338159 0.077456 0.338067 0.076730 0.337128
11 0.417618 0.495806 0.416723 0.496562 0.415913 0.496471 0.415018 0.497226 0.413396 0.497042 0.412502 0.497799 0.410881 0.497615 0.409986 0.498371 0.408365 0.498188 0.407470 0.498943 0.406660 0.498851 0.405765 0.499608 0.404954 0.499516 0.403165 0.501028 0.402354 0.500936 0.400565 0.502448 0.399754 0.502356 0.392598 0.508404 0.391926 0.515187 0.392736 0.515279 0.393631 0.514523 0.395252 0.514706 0.395979 0.515647 0.395811 0.517342 0.394021 0.518854 0.393937 0.519702 0.393043 0.520458 0.392875 0.522154 0.391981 0.522910 0.391897 0.523758 0.391002 0.524514 0.390415 0.530449 0.391868 0.532329 0.391448 0.536568 0.392174 0.537509 0.392006 0.539204 0.392733 0.540144 0.392649 0.540992 0.391754 0.541747 0.392481 0.542688 0.392397 0.543536 0.394577 0.546355 0.395388 0.546446 0.396115 0.547387 0.398547 0.547662 0.399274 0.548602 0.400168 0.547846 0.401790 0.548030 0.402685 0.547274 0.404305 0.547457 0.407884 0.544433 0.412748 0.544985 0.414929 0.547805 0.414845 0.548652 0.416298 0.550531 0.417108 0.550623 0.417836 0.551564 0.418646 0.551655 0.419373 0.552595 0.420183 0.552687 0.420910 0.553627 0.421721 0.553719 0.422447 0.554659 0.423258 0.554751 0.423984 0.555690 0.424796 0.555782 0.425522 0.556722 0.439303 0.558284 0.440198 0.557528 0.441009 0.557620 0.442798 0.556108 0.443608 0.556200 0.455239 0.546372 0.457674 0.521782 0.456948 0.520843 0.457032 0.519994 0.456304 0.519055 0.456388 0.518207 0.454935 0.516327 0.455103 0.514632 0.454377 0.513692 0.454545 0.511996 0.453817 0.511056 0.453901 0.510208 0.450994 0.506449 0.450184 0.506357 0.448730 0.504478 0.447920 0.504386 0.447193 0.503446 0.446383 0.503354 0.444929 0.501474 0.444118 0.501382 0.443392 0.500442 0.442581 0.500350 0.441128 0.498471
5 0.875007 0.305860 0.874112 0.306615 0.873302 0.306523 0.871513 0.308035 0.869891 0.307851 0.868997 0.308608 0.868185 0.308516 0.865502 0.310784 0.864691 0.310692 0.859323 0.315228 0.858513 0.315136 0.858429 0.315984 0.855745 0.318252 0.855661 0.319100 0.854766 0.319856 0.854682 0.320704 0.853787 0.321460 0.853703 0.322308 0.852809 0.323064 0.852725 0.323911 0.851830 0.324668 0.849983 0.343321 0.850709 0.344262 0.850625 0.345109 0.851352 0.346049 0.851268 0.346897 0.851995 0.347837 0.851911 0.348685 0.852638 0.349624 0.852554 0.350473 0.853280 0.351412 0.853196 0.352260 0.854650 0.354140 0.854566 0.354987 0.855293 0.355927 0.855209 0.356776 0.856662 0.358655 0.856578 0.359502 0.859486 0.363262 0.860296 0.363354 0.861023 0.364294 0.877236 0.366131 0.879025 0.364619 0.879836 0.364711 0.879920 0.363863 0.882603 0.361596 0.882771 0.359900 0.883667 0.359144 0.884254 0.353208 0.883527 0.352269 0.883611 0.351420 0.882885 0.350480 0.882968 0.349633 0.882242 0.348693 0.882326 0.347845 0.880872 0.345966 0.880062 0.345874 0.877882 0.343054 0.877071 0.342962 0.874890 0.340143 0.874974 0.339295 0.874248 0.338355 0.874416 0.336659 0.873689 0.335719 0.873857 0.334024 0.874752 0.333268 0.874836 0.332420 0.878414 0.329396 0.879226 0.329488 0.880120 0.328731 0.881741 0.328915 0.882635 0.328160 0.887500 0.328711 0.888394 0.327955 0.890827 0.328230 0.891721 0.327475 0.892531 0.327567 0.893427 0.326810 0.894237 0.326902 0.897816 0.323878 0.898626 0.323970 0.899550 0.314643 0.894462 0.308065
0 0.233485 0.699579 0.232589 0.700335 0.231779 0.700243 0.230885 0.700999 0.230801 0.701847 0.228116 0.704115 0.228032 0.704963 0.227138 0.705719 0.227054 0.706567 0.226160 0.707323 0.226076 0.708171 0.222497 0.711195 0.221687 0.711103 0.220791 0.711859 0.219981 0.711767 0.219087 0.712523 0.218276 0.712431 0.217549 0.711492 0.215117 0.711216 0.214390 0.710276 0.214474 0.709428 0.213748 0.708488 0.213915 0.706792 0.213189 0.705852 0.213273 0.705005 0.211819 0.703125 0.211903 0.702277 0.210450 0.700398 0.209640 0.700306 0.208912 0.699366 0.208102 0.699274 0.207375 0.698334 0.206565 0.698243 0.205837 0.697302 0.201784 0.696843 0.200890 0.697599 0.200079 0.697507 0.198290 0.699019 0.198206 0.699868 0.197311 0.700623 0.197227 0.701471 0.196332 0.702227 0.196248 0.703075 0.195354 0.703831 0.193842 0.719093 0.194569 0.720033 0.194485 0.720881 0.195212 0.721821 0.195128 0.722669 0.200942 0.730187 0.201752 0.730279 0.202479 0.731219 0.203290 0.731311 0.204017 0.732250 0.204827 0.732342 0.206281 0.734222 0.226548 0.736520 0.227442 0.735763 0.229063 0.735947 0.229958 0.735191 0.231579 0.735374 0.243209 0.725546 0.243293 0.724698 0.245083 0.723186 0.245167 0.722339 0.246061 0.721582 0.246145 0.720735 0.247935 0.719223 0.248943 0.709048 0.246762 0.706228 0.246846 0.705381 0.243939 0.701621 0.242319 0.701437 0.241591 0.700498
0 0.714068 0.341634 0.711384 0.343902 0.710572 0.343810 0.708784 0.345322 0.707973 0.345230 0.704395 0.348254 0.704311 0.349103 0.703416 0.349858 0.703248 0.351555 0.702353 0.352310 0.702185 0.354006 0.701291 0.354762 0.701039 0.357305 0.700144 0.358062 0.698717 0.372477 0.699444 0.373416 0.699108 0.376807 0.699834 0.377747 0.699414 0.381987 0.700142 0.382926 0.700058 0.383775 0.700784 0.384714 0.700616 0.386411 0.701343 0.387350 0.701175 0.389046 0.701901 0.389986 0.701817 0.390833 0.703271 0.392713 0.703187 0.393561 0.703914 0.394501 0.704724 0.394593 0.708359 0.399291 0.726193 0.401313 0.727087 0.400557 0.727898 0.400649 0.729687 0.399137 0.729771 0.398289 0.730666 0.397533 0.730918 0.394989 0.731813 0.394233 0.732569 0.386602 0.731115 0.384723 0.730304 0.384631 0.725944 0.378992 0.725133 0.378900 0.722953 0.376081 0.723121 0.374385 0.722394 0.373445 0.723289 0.372689 0.722562 0.371749 0.722646 0.370902 0.723541 0.370145 0.724044 0.365058 0.724939 0.364302 0.725023 0.363454 0.731285 0.358162 0.732096 0.358254 0.733886 0.356742 0.734696 0.356834 0.737380 0.354566 0.737884 0.349479 0.736431 0.347598 0.736515 0.346751 0.734335 0.343931
