11 0.751169 0.479092 0.751258 0.474840 0.752800 0.473266 0.752889 0.469015 0.754432 0.467441 0.754491 0.464607 0.753008 0.463345 0.753097 0.459093 0.751613 0.457831 0.751702 0.453580 0.750219 0.452318 0.750278 0.449484 0.748793 0.448222 0.748852 0.445387 0.747368 0.444126 0.747457 0.439874 0.745974 0.438612 0.746003 0.437195 0.743036 0.434672 0.743066 0.433254 0.740097 0.430732 0.740127 0.429314 0.738643 0.428053 0.738673 0.426635 0.728284 0.417804 0.726771 0.417960 0.725285 0.416700 0.723772 0.416855 0.722289 0.415593 0.720775 0.415749 0.719292 0.414488 0.714750 0.414956 0.713267 0.413694 0.669368 0.418213 0.667825 0.419787 0.666312 0.419943 0.664767 0.421515 0.663254 0.421671 0.660168 0.424817 0.658655 0.424973 0.655568 0.428119 0.654054 0.428275 0.652512 0.429849 0.650996 0.430005 0.646368 0.434724 0.644853 0.434880 0.644823 0.436297 0.643280 0.437871 0.641767 0.438026 0.640222 0.439599 0.640193 0.441017 0.635564 0.445737 0.634852 0.479752 0.636365 0.479596 0.637849 0.480859 0.639362 0.480703 0.640848 0.481963 0.651444 0.480872 0.652987 0.479300 0.654500 0.479144 0.656043 0.477571 0.657558 0.477415 0.659101 0.475842 0.660614 0.475686 0.668330 0.467820 0.669844 0.467665 0.671388 0.466091 0.672902 0.465935 0.674444 0.464363 0.677473 0.464051 0.679016 0.462477 0.695667 0.460763 0.697150 0.462025 0.701692 0.461557 0.703175 0.462818 0.704689 0.462662 0.709141 0.466447 0.709111 0.467864 0.712080 0.470388 0.712021 0.473222 0.713505 0.474483 0.713475 0.475901 0.714959 0.477162 0.714899 0.479998 0.716383 0.481259 0.716353 0.482677
5 0.082319 0.177407 0.083861 0.175835 0.085377 0.175679 0.086919 0.174105 0.088433 0.173950 0.091520 0.170803 0.094547 0.170492 0.100720 0.164199 0.102233 0.164044 0.103778 0.162470 0.105291 0.162314 0.119181 0.148155 0.119211 0.146739 0.122298 0.143593 0.122328 0.142175 0.125414 0.139029 0.125443 0.137611 0.126988 0.136038 0.127077 0.131786 0.128620 0.130212 0.128649 0.128795 0.130192 0.127221 0.130252 0.124387 0.131794 0.122815 0.068191 0.130776 0.066648 0.132350 0.066589 0.135185 0.065044 0.136757 0.064985 0.139593 0.063442 0.141165 0.063323 0.146834 0.061780 0.148408 0.061395 0.166833 0.062878 0.168095 0.062819 0.170930 0.061276 0.172502 0.062760 0.173764 0.062730 0.175182 0.065699 0.177705 0.065669 0.179121
7 0.563090 0.733226 0.564633 0.731654 0.567659 0.731342 0.569204 0.729768 0.572231 0.729457 0.573773 0.727883 0.576802 0.727571 0.578345 0.725999 0.579860 0.725843 0.581403 0.724269 0.582916 0.724114 0.586004 0.720967 0.587517 0.720811 0.593690 0.714519 0.593720 0.713101 0.598348 0.708383 0.598378 0.706965 0.603008 0.702245 0.603661 0.671064 0.600694 0.668541 0.600723 0.667123 0.596271 0.663339 0.575078 0.665521 0.571992 0.668667 0.570479 0.668823 0.570450 0.670240 0.568905 0.671814 0.568875 0.673230 0.567332 0.674804 0.567303 0.676222 0.565760 0.677794 0.565612 0.684881 0.564069 0.686455 0.563950 0.692124 0.556234 0.699990 0.547151 0.700925 0.545667 0.699663 0.541126 0.700131 0.539642 0.698868 0.516936 0.701206 0.515393 0.702780 0.513878 0.702936 0.510793 0.706082 0.510466 0.721672 0.517886 0.727980 0.519401 0.727824 0.522368 0.730347 0.523882 0.730191 0.525367 0.731453 0.526880 0.731297 0.528364 0.732558 0.529877 0.732402 0.531362 0.733664 0.532876 0.733509 0.534359 0.734771 0.535872 0.734615 0.537356 0.735876
11 0.840122 0.559034 0.841665 0.557461 0.843178 0.557306 0.844723 0.555732 0.846236 0.555576 0.849323 0.552430 0.849739 0.532587 0.848223 0.532743 0.843771 0.528958 0.840744 0.529269 0.839261 0.528009 0.836232 0.528320 0.834749 0.527058 0.830207 0.527526 0.828724 0.526265 0.825695 0.526577 0.824212 0.525315 0.822699 0.525470 0.819732 0.522947 0.819821 0.518695 0.818335 0.517434 0.818513 0.508930 0.817029 0.507669 0.817118 0.503416 0.815635 0.502154 0.815694 0.499320 0.814209 0.498059 0.814268 0.495225 0.809817 0.491439 0.809847 0.490022 0.790170 0.492047 0.787082 0.495195 0.785569 0.495351 0.784024 0.496923 0.783994 0.498341 0.782451 0.499914 0.782422 0.501332 0.780879 0.502904 0.780849 0.504322 0.779306 0.505894 0.778713 0.534242 0.781680 0.536765 0.781651 0.538182 0.783134 0.539444 0.783075 0.542278 0.784560 0.543540 0.784531 0.544957 0.786014 0.546219 0.785985 0.547635 0.797857 0.557728 0.799370 0.557572 0.800856 0.558833 0.802369 0.558677 0.803852 0.559939 0.805366 0.559784 0.806849 0.561046 0.808364 0.560890 0.809848 0.562151
7 0.540078 0.244838 0.543166 0.241692 0.544679 0.241536 0.547765 0.238390 0.549280 0.238234 0.560084 0.227222 0.560113 0.225804 0.563199 0.222658 0.563229 0.221240 0.566316 0.218093 0.566346 0.216677 0.567889 0.215103 0.567918 0.213687 0.569461 0.212113 0.569491 0.210695 0.571034 0.209122 0.571063 0.207704 0.572606 0.206132 0.572636 0.204714 0.574181 0.203142 0.574981 0.164872 0.572012 0.162350 0.572072 0.159515 0.569105 0.156992 0.569134 0.155576 0.560229 0.148006 0.560259 0.146589 0.558745 0.146745 0.552809 0.141698 0.551296 0.141854 0.548327 0.139331 0.546814 0.139487 0.543847 0.136964 0.540818 0.137276 0.539335 0.136015 0.537822 0.136171 0.536336 0.134909 0.534823 0.135065 0.531856 0.132542 0.501582 0.135658 0.498494 0.138805 0.496981 0.138960 0.493894 0.142107 0.492380 0.142262 0.489293 0.145409 0.487780 0.145565 0.484694 0.148711 0.484664 0.150129 0.481577 0.153275 0.481072 0.177370 0.488492 0.183677 0.490007 0.183521 0.491491 0.184783 0.499059 0.184004 0.500544 0.185266 0.505084 0.184798 0.506629 0.183224 0.511168 0.182757 0.512652 0.184019 0.520222 0.183240 0.521705 0.184501 0.523218 0.184345 0.527671 0.188130 0.527641 0.189546 0.524554 0.192694 0.524524 0.194111 0.518351 0.200403 0.518291 0.203237 0.516749 0.204811 0.516719 0.206229 0.515176 0.207801 0.515117 0.210636 0.513574 0.212210 0.513485 0.216461 0.511940 0.218035 0.511762 0.226538 0.510219 0.228112 0.510041 0.236615 0.511525 0.237878 0.511466 0.240712 0.512951 0.241974 0.512922 0.243391 0.515889 0.245914 0.515859 0.247332
10 0.438484 0.263783 0.441570 0.260636 0.441600 0.259220 0.446230 0.254500 0.446260 0.253082 0.447803 0.251510 0.447892 0.247257 0.446408 0.245996 0.446616 0.236075 0.445132 0.234813 0.445191 0.231978 0.442222 0.229456 0.442282 0.226621 0.443825 0.225047 0.443884 0.222213 0.445429 0.220639 0.445488 0.217804 0.447031 0.216232 0.447061 0.214814 0.448603 0.213242 0.448663 0.210406 0.450206 0.208833 0.450235 0.207415 0.456409 0.201123 0.462463 0.200500 0.463947 0.201762 0.471517 0.200983 0.473060 0.199409 0.476088 0.199097 0.477631 0.197525 0.479144 0.197369 0.482232 0.194221 0.483745 0.194065 0.489918 0.187773 0.489948 0.186357 0.491491 0.184783 0.491520 0.183365 0.493063 0.181793 0.493123 0.178958 0.494665 0.177384 0.494754 0.173132 0.482884 0.163040 0.481369 0.163196 0.479885 0.161934 0.478372 0.162090 0.476889 0.160829 0.475374 0.160985 0.473890 0.159723 0.472377 0.159879 0.470893 0.158618 0.469378 0.158774 0.467895 0.157512 0.425511 0.161875 0.422426 0.165021 0.419397 0.165333 0.416311 0.168479 0.414796 0.168635 0.400907 0.182794 0.400877 0.184212 0.391616 0.193650 0.391586 0.195068 0.390044 0.196642 0.390014 0.198058 0.388471 0.199632 0.388441 0.201049 0.386898 0.202623 0.386839 0.205457 0.383752 0.208603 0.382981 0.245455 0.384466 0.246715 0.384436 0.248133 0.385920 0.249394 0.385890 0.250812 0.388857 0.253335 0.388828 0.254753 0.390311 0.256014 0.390282 0.257432 0.394734 0.261215 0.394705 0.262633 0.396218 0.262477 0.397703 0.263739 0.399216 0.263583 0.400700 0.264844 0.402213 0.264688 0.403699 0.265950 0.406725 0.265639 0.408211 0.266899
4 1.000000 0.048126 1.000000 0.045291 1.000000 0.045291 1.000000 0.043873 1.000000 0.043873 1.000000 0.042457 1.000000 0.038204 1.000000 0.038204 1.000000 0.036786 1.000000 0.033952 1.000000 0.032535 1.000000 0.033053 1.000000 0.034625 1.000000 0.036043 1.000000 0.037304 1.000000 0.041556 1.000000 0.048126
8 0.023378 0.395619 0.024921 0.394046 0.029462 0.393578 0.031007 0.392006 0.035546 0.391538 0.043265 0.383672 0.043294 0.382254 0.046380 0.379108 0.047210 0.339422 0.044243 0.336899 0.044303 0.334065 0.042817 0.332804 0.042847 0.331386 0.041363 0.330124 0.041393 0.328707 0.032490 0.321137 0.030974 0.321293 0.022071 0.313725 0.020556 0.313881 0.017589 0.311358 0.016076 0.311514 0.014592 0.310251 0.011564 0.310563 0.010080 0.309302 0.008565 0.309458 0.007082 0.308196 0.005086 0.308402 0.005115 0.306985 0.005115 0.306985 0.005145 0.305567 0.005145 0.305567 0.005115 0.306985 0.005115 0.306985 0.005086 0.308402 0.005086 0.308402 0.005056 0.309820 0.005056 0.309820 0.005026 0.311236 0.005026 0.311236 0.004967 0.314071 0.004967 0.314071 0.004937 0.315489 0.004937 0.315489 0.004255 0.348088 0.004255 0.348088 0.004285 0.346670 0.004285 0.346670 0.004315 0.345253 0.004315 0.345253 0.004344 0.343835 0.004344 0.343835 0.004196 0.350922 0.004166 0.352340 0.004137 0.353757 0.004137 0.353757 0.004107 0.355175 0.004077 0.356591 0.004018 0.359426 0.003988 0.360844 0.003929 0.363678 0.003840 0.367931 0.004293 0.369297 0.004204 0.373550 0.005688 0.374812 0.005658 0.376229 0.004115 0.377802 0.004086 0.379219 0.005569 0.380481 0.005480 0.384733 0.006964 0.385994 0.006905 0.388829 0.011357 0.392614 0.012872 0.392458 0.014356 0.393720 0.015869 0.393564 0.017353 0.394825 0.020381 0.394513 0.021864 0.395775
1 0.265816 0.936375 0.266112 0.922201 0.264599 0.922357 0.260146 0.918572 0.258633 0.918728 0.257150 0.917467 0.248067 0.918402 0.246583 0.917140 0.243557 0.917451 0.242071 0.916191 0.240558 0.916347 0.234622 0.911299 0.234651 0.909883 0.233168 0.908621 0.233227 0.905786 0.231744 0.904526 0.231862 0.898855 0.233405 0.897283 0.233435 0.895865 0.234978 0.894292 0.235007 0.892874 0.241181 0.886582 0.241210 0.885164 0.242753 0.883592 0.242901 0.876505 0.241418 0.875243 0.241448 0.873826 0.236995 0.870041 0.212776 0.872535 0.203517 0.881973 0.203487 0.883391 0.200400 0.886537 0.200370 0.887955 0.198827 0.889528 0.198768 0.892362 0.197225 0.893936 0.197166 0.896770 0.195621 0.898344 0.195591 0.899761 0.194048 0.901335 0.193366 0.933934 0.194850 0.935194 0.194820 0.936612 0.196306 0.937873 0.196276 0.939291 0.197759 0.940553 0.197730 0.941969
0 0.672315 0.854925 0.676945 0.850205 0.678458 0.850049 0.686175 0.842183 0.686471 0.828010 0.674601 0.817917 0.673086 0.818073 0.671602 0.816813 0.670089 0.816968 0.668605 0.815706 0.664064 0.816174 0.662578 0.814913 0.661065 0.815069 0.659582 0.813807 0.658068 0.813963 0.655099 0.811440 0.653586 0.811596 0.649134 0.807811 0.649163 0.806394 0.647680 0.805132 0.647828 0.798045 0.649371 0.796473 0.649400 0.795055 0.661747 0.782470 0.661777 0.781052 0.664864 0.777906 0.664894 0.776488 0.666437 0.774915 0.666467 0.773498 0.668009 0.771925 0.668039 0.770507 0.669584 0.768935 0.669614 0.767517 0.671156 0.765944 0.671245 0.761692 0.672788 0.760118 0.672996 0.750197 0.671512 0.748936 0.671542 0.747518 0.667089 0.743733 0.667119 0.742317 0.641387 0.744966 0.636756 0.749686 0.635243 0.749842 0.625982 0.759280 0.624469 0.759436 0.622926 0.761010 0.622896 0.762426 0.619809 0.765573 0.619779 0.766991 0.618236 0.768563 0.618206 0.769981 0.613576 0.774701 0.613546 0.776117 0.610461 0.779263 0.610431 0.780681 0.608888 0.782254 0.608829 0.785090 0.607284 0.786662 0.606513 0.823514 0.609482 0.826036 0.609452 0.827453 0.610936 0.828715 0.610906 0.830133 0.613875 0.832656 0.613846 0.834072 0.618296 0.837857 0.618267 0.839274 0.634591 0.853152 0.636105 0.852996 0.639074 0.855518 0.640587 0.855363 0.642071 0.856623 0.643586 0.856467 0.645069 0.857730
3 0.306207 0.738459 0.312380 0.732165 0.313895 0.732009 0.315438 0.730437 0.315468 0.729019 0.318554 0.725873 0.318583 0.724457 0.320126 0.722883 0.320156 0.721465 0.321701 0.719892 0.321760 0.717058 0.323303 0.715484 0.323332 0.714068 0.324875 0.712494 0.325409 0.686982 0.323925 0.685720 0.323955 0.684303 0.322472 0.683041 0.322501 0.681624 0.321016 0.680362 0.321045 0.678946 0.318078 0.676422 0.318108 0.675005 0.310688 0.668697 0.310718 0.667281 0.306265 0.663496 0.304752 0.663652 0.298816 0.658606 0.297301 0.658762 0.291367 0.653715 0.289852 0.653871 0.288368 0.652610 0.286855 0.652766 0.285371 0.651503 0.283856 0.651659 0.282372 0.650399 0.246044 0.654139 0.241413 0.658857 0.241384 0.660275 0.238298 0.663421 0.237942 0.680430 0.240909 0.682953 0.240880 0.684369 0.243849 0.686893 0.243819 0.688310 0.245303 0.689572 0.245273 0.690989 0.248242 0.693511 0.249755 0.693356 0.252722 0.695879 0.258777 0.695255 0.260261 0.696517 0.269344 0.695582 0.270827 0.696844 0.273856 0.696533 0.275339 0.697793 0.276852 0.697638 0.279821 0.700160 0.281335 0.700005 0.282818 0.701267 0.284333 0.701111 0.290269 0.706156 0.288725 0.707730 0.288695 0.709147 0.284066 0.713867 0.284037 0.715285 0.282492 0.716857 0.282462 0.718275 0.280919 0.719848 0.280890 0.721265 0.279347 0.722838 0.279110 0.734177 0.280593 0.735438 0.280564 0.736856 0.285016 0.740641
3 0.278039 0.640945 0.279583 0.639371 0.281097 0.639215 0.282639 0.637643 0.284153 0.637487 0.285697 0.635913 0.287211 0.635757 0.288753 0.634183 0.290267 0.634028 0.291811 0.632455 0.293325 0.632299 0.294868 0.630726 0.296381 0.630570 0.297924 0.628997 0.299439 0.628841 0.304067 0.624122 0.304097 0.622705 0.308727 0.617985 0.308757 0.616567 0.310302 0.614995 0.310332 0.613577 0.313417 0.610431 0.314159 0.574997 0.312675 0.573735 0.312705 0.572318 0.308252 0.568534 0.308282 0.567117 0.303829 0.563332 0.302316 0.563488 0.297863 0.559703 0.296350 0.559859 0.294867 0.558598 0.291838 0.558910 0.288871 0.556385 0.285843 0.556697 0.284300 0.558271 0.279758 0.558738 0.278216 0.560312 0.275187 0.560624 0.269014 0.566916 0.268925 0.571169 0.267382 0.572741 0.267293 0.576994 0.268777 0.578254 0.268688 0.582507 0.270173 0.583769 0.269995 0.592272 0.268450 0.593846 0.268421 0.595263 0.265335 0.598409 0.263822 0.598565 0.260734 0.601711 0.259221 0.601867 0.256135 0.605013 0.248565 0.605792 0.244113 0.602009 0.242600 0.602164 0.235180 0.595857 0.233667 0.596012 0.232183 0.594750 0.230668 0.594906 0.229184 0.593645 0.227671 0.593801 0.226186 0.592539 0.224673 0.592695 0.223189 0.591434 0.217134 0.592058 0.215651 0.590795 0.206568 0.591731 0.205025 0.593304 0.203512 0.593460 0.201967 0.595033 0.200454 0.595188 0.200009 0.616449 0.201492 0.617710 0.201463 0.619128 0.204432 0.621651 0.204402 0.623069 0.214791 0.631899 0.214761 0.633316 0.216274 0.633160 0.220727 0.636945 0.222240 0.636789 0.223724 0.638050 0.225237 0.637894 0.226722 0.639156 0.228236 0.639000 0.229719 0.640261 0.231234 0.640105 0.232718 0.641367 0.234231 0.641211 0.235715 0.642474 0.237230 0.642318 0.238713 0.643578 0.240226 0.643423 0.241710 0.644685
11 0.239608 0.889572 0.241151 0.887999 0.242664 0.887843 0.244209 0.886270 0.247235 0.885959 0.250323 0.882813 0.251836 0.882657 0.254922 0.879511 0.256435 0.879355 0.261066 0.874635 0.261095 0.873217 0.262638 0.871645 0.264153 0.871489 0.264480 0.855898 0.261451 0.856210 0.259968 0.854948 0.247858 0.856194 0.241922 0.851149 0.238894 0.851461 0.235927 0.848938 0.234413 0.849093 0.231444 0.846571 0.229931 0.846726 0.226964 0.844202 0.225449 0.844358 0.222482 0.841835 0.220967 0.841991 0.219483 0.840730 0.217970 0.840886 0.216486 0.839624 0.214973 0.839780 0.213488 0.838519 0.211974 0.838675 0.209005 0.836151 0.209035 0.834734 0.207552 0.833472 0.207611 0.830638 0.209154 0.829065 0.209183 0.827647 0.210728 0.826075 0.210758 0.824657 0.213844 0.821511 0.215359 0.821355 0.221530 0.815063 0.221560 0.813645 0.223105 0.812072 0.223134 0.810654 0.224677 0.809080 0.223194 0.807820 0.223312 0.802151 0.221827 0.800889 0.221886 0.798054 0.217435 0.794269 0.217465 0.792853 0.215952 0.793008 0.212983 0.790484 0.213012 0.789068 0.190307 0.791405 0.190277 0.792822 0.188734 0.794396 0.187221 0.794551 0.185678 0.796125 0.184163 0.796281 0.173361 0.807293 0.173331 0.808710 0.171786 0.810284 0.171757 0.811700 0.165583 0.817994 0.164605 0.864765 0.167574 0.867288 0.167544 0.868706 0.169028 0.869967 0.168998 0.871385 0.170482 0.872646 0.170452 0.874064 0.171937 0.875326 0.171908 0.876742 0.173391 0.878004 0.173362 0.879421 0.183750 0.888251 0.185264 0.888096 0.188231 0.890619 0.191259 0.890307 0.192743 0.891569 0.195769 0.891257 0.197255 0.892518 0.198768 0.892362 0.200251 0.893624
12 0.364081 0.643400 0.364111 0.641984 0.365656 0.640410 0.365685 0.638992 0.367228 0.637419 0.367614 0.618994 0.366130 0.617732 0.366160 0.616316 0.364674 0.615054 0.364763 0.610801 0.363280 0.609540 0.367910 0.604820 0.381533 0.603418 0.383076 0.601844 0.387617 0.601377 0.389160 0.599804 0.399756 0.598713 0.401301 0.597139 0.404328 0.596828 0.410501 0.590536 0.410560 0.587701 0.412103 0.586127 0.412162 0.583293 0.413707 0.581720 0.413796 0.577468 0.415339 0.575894 0.415547 0.565974 0.412578 0.563450 0.412607 0.562033 0.406671 0.556988 0.355207 0.562286 0.353664 0.563858 0.350635 0.564170 0.349093 0.565744 0.347579 0.565900 0.346035 0.567472 0.344521 0.567628 0.339891 0.572348 0.338378 0.572504 0.330661 0.580370 0.330632 0.581786 0.327544 0.584933 0.327514 0.586351 0.325972 0.587924 0.325912 0.590759 0.324369 0.592331 0.323747 0.622096 0.325230 0.623358 0.325171 0.626192 0.326654 0.627453 0.326595 0.630288 0.329564 0.632812 0.329505 0.635646 0.332472 0.638169 0.332413 0.641004 0.336865 0.644789 0.336836 0.646205
11 0.586385 0.486157 0.587927 0.484583 0.589441 0.484427 0.590985 0.482855 0.592499 0.482699 0.594041 0.481125 0.595555 0.480970 0.597099 0.479396 0.598613 0.479240 0.600156 0.477667 0.601669 0.477512 0.615560 0.463353 0.615590 0.461935 0.617133 0.460363 0.617162 0.458945 0.621793 0.454226 0.621852 0.451390 0.623395 0.449818 0.623425 0.448400 0.624968 0.446828 0.625739 0.409976 0.624255 0.408716 0.624285 0.407298 0.622801 0.406035 0.622831 0.404619 0.621345 0.403357 0.621375 0.401940 0.619891 0.400678 0.619921 0.399262 0.618438 0.397999 0.618467 0.396581 0.614015 0.392798 0.612501 0.392954 0.606565 0.387907 0.606595 0.386490 0.603626 0.383967 0.588490 0.385526 0.585402 0.388672 0.585373 0.390088 0.583830 0.391662 0.583800 0.393080 0.582257 0.394653 0.582198 0.397487 0.580653 0.399061 0.580535 0.404730 0.578992 0.406304 0.578932 0.409138 0.580416 0.410399 0.580238 0.418904 0.581724 0.420164 0.581486 0.431504 0.579942 0.433076 0.579912 0.434494 0.578369 0.436067 0.578339 0.437485 0.569080 0.446923 0.567565 0.447079 0.566022 0.448653 0.564509 0.448809 0.562966 0.450382 0.559938 0.450694 0.558395 0.452266 0.556882 0.452422 0.555339 0.453996 0.553824 0.454152 0.552281 0.455724 0.550768 0.455880 0.550293 0.478558 0.557713 0.484865 0.559226 0.484710 0.560712 0.485972 0.562225 0.485816 0.563708 0.487077 0.563679 0.488495
3 0.444157 0.570099 0.450330 0.563806 0.451845 0.563650 0.461105 0.554212 0.461134 0.552794 0.464222 0.549648 0.464252 0.548230 0.465794 0.546657 0.465824 0.545239 0.468912 0.542093 0.469683 0.505243 0.468197 0.503981 0.468227 0.502563 0.466743 0.501303 0.466803 0.498468 0.465319 0.497206 0.465349 0.495789 0.462380 0.493265 0.462409 0.491849 0.450537 0.481756 0.449024 0.481912 0.447540 0.480651 0.446025 0.480807 0.444542 0.479545 0.440002 0.480012 0.438517 0.478752 0.437003 0.478907 0.435520 0.477645 0.434007 0.477801 0.432521 0.476540 0.427980 0.477008 0.426496 0.475746 0.415902 0.476837 0.414357 0.478410 0.411330 0.478722 0.409788 0.480294 0.406759 0.480606 0.403673 0.483752 0.402158 0.483908 0.400615 0.485482 0.399933 0.518081 0.401417 0.519342 0.402932 0.519186 0.404416 0.520448 0.411984 0.519669 0.413467 0.520931 0.418009 0.520463 0.422461 0.524247 0.422432 0.525665 0.425399 0.528188 0.425339 0.531022 0.426823 0.532284 0.426704 0.537953 0.425162 0.539526 0.425102 0.542360 0.423559 0.543934 0.423530 0.545352 0.421987 0.546924 0.421928 0.549759 0.420383 0.551333 0.420323 0.554167 0.418781 0.555741 0.418514 0.568497 0.419997 0.569758 0.419968 0.571176 0.421453 0.572436
6 0.864695 0.395275 0.866238 0.393702 0.869264 0.393390 0.870807 0.391818 0.872322 0.391662 0.873865 0.390088 0.875378 0.389932 0.876921 0.388360 0.878436 0.388204 0.881522 0.385058 0.883037 0.384902 0.886123 0.381756 0.887636 0.381600 0.893809 0.375306 0.893839 0.373890 0.900012 0.367596 0.900042 0.366179 0.903130 0.363033 0.903159 0.361615 0.904702 0.360043 0.904732 0.358625 0.906275 0.357051 0.906304 0.355635 0.907847 0.354061 0.907877 0.352644 0.909422 0.351070 0.910193 0.314220 0.908707 0.312958 0.908737 0.311540 0.907253 0.310280 0.907283 0.308862 0.902832 0.305078 0.902862 0.303660 0.898409 0.299875 0.896896 0.300031 0.892444 0.296247 0.871251 0.298429 0.868165 0.301575 0.866652 0.301731 0.858934 0.309597 0.858875 0.312432 0.857332 0.314004 0.857213 0.319675 0.858697 0.320935 0.858608 0.325188 0.860091 0.326449 0.860032 0.329285 0.861517 0.330545 0.861399 0.336214 0.859854 0.337788 0.859706 0.344875 0.858163 0.346447 0.858133 0.347865 0.853505 0.352585 0.851989 0.352741 0.850447 0.354313 0.848933 0.354469 0.847389 0.356043 0.845875 0.356199 0.844333 0.357771 0.841306 0.358083 0.839761 0.359657 0.838248 0.359813 0.836705 0.361385 0.833677 0.361697 0.832134 0.363270 0.830621 0.363426 0.821360 0.372865 0.821034 0.388457 0.824003 0.390980 0.823973 0.392396 0.825486 0.392240 0.826970 0.393502 0.828483 0.393347 0.831452 0.395869 0.832965 0.395714 0.835934 0.398236
7 0.589286 0.130872 0.592374 0.127725 0.595400 0.127413 0.596943 0.125841 0.599971 0.125529 0.601514 0.123955 0.603028 0.123799 0.606115 0.120653 0.607628 0.120497 0.610714 0.117351 0.612229 0.117195 0.619945 0.109329 0.619975 0.107913 0.626148 0.101619 0.626178 0.100202 0.627721 0.098629 0.584388 0.076219 0.584358 0.077636 0.578185 0.083928 0.578126 0.086764 0.576583 0.088337 0.575068 0.088493 0.573525 0.090066 0.562930 0.091157 0.561445 0.089895 0.555390 0.090518 0.553907 0.089258 0.552393 0.089413 0.547941 0.085628 0.548030 0.081376 0.546546 0.080115 0.497752 0.102109 0.499236 0.103371 0.499117 0.109040 0.500601 0.110302 0.500512 0.114553 0.501997 0.115815 0.501968 0.117233 0.506418 0.121017 0.506389 0.122435 0.513808 0.128743 0.515323 0.128587 0.516807 0.129848 0.518320 0.129692 0.521289 0.132215 0.524316 0.131903 0.525799 0.133165 0.531856 0.132542 0.533339 0.133802 0.537881 0.133335 0.539365 0.134597 0.543906 0.134129 0.545390 0.135392
0 0.762928 0.855496 0.762958 0.854078 0.764503 0.852505 0.764651 0.845418 0.766194 0.843845 0.766224 0.842428 0.764740 0.841166 0.764859 0.835497 0.763373 0.834235 0.763462 0.829984 0.765007 0.828410 0.765037 0.826993 0.768122 0.823846 0.768152 0.822429 0.769695 0.820856 0.769724 0.819439 0.772812 0.816293 0.772842 0.814875 0.774385 0.813303 0.775898 0.813147 0.777441 0.811573 0.778956 0.811417 0.780499 0.809843 0.783527 0.809532 0.785011 0.810794 0.789550 0.810326 0.791036 0.811588 0.800117 0.810653 0.801660 0.809080 0.806201 0.808612 0.807744 0.807038 0.812286 0.806571 0.813830 0.804998 0.815344 0.804842 0.819972 0.800123 0.820002 0.798706 0.823090 0.795560 0.823179 0.791307 0.821695 0.790045 0.821784 0.785794 0.820298 0.784532 0.820328 0.783114 0.814394 0.778068 0.812879 0.778224 0.809912 0.775701 0.808397 0.775857 0.806913 0.774595 0.805400 0.774751 0.803916 0.773490 0.802401 0.773646 0.800918 0.772384 0.797891 0.772696 0.794922 0.770173 0.758594 0.773913 0.757051 0.775487 0.754024 0.775798 0.752480 0.777371 0.749453 0.777682 0.735563 0.791841 0.734048 0.791997 0.730963 0.795144 0.729447 0.795300 0.726362 0.798446 0.726332 0.799863 0.723244 0.803009 0.723215 0.804427 0.721672 0.806001 0.721642 0.807417 0.718557 0.810564 0.718527 0.811982 0.715439 0.815128 0.714994 0.836387 0.716478 0.837649 0.716389 0.841902 0.717875 0.843162 0.717815 0.845997 0.720782 0.848520 0.720723 0.851356 0.723692 0.853879 0.723662 0.855295 0.728113 0.859080
0 0.897081 0.724298 0.901712 0.719578 0.901741 0.718162 0.903284 0.716588 0.903343 0.713754 0.904886 0.712181 0.904946 0.709347 0.901978 0.706822 0.902008 0.705406 0.899039 0.702883 0.899069 0.701465 0.897585 0.700204 0.897615 0.698786 0.896131 0.697526 0.896280 0.690439 0.905539 0.680999 0.907054 0.680843 0.911682 0.676124 0.913196 0.675969 0.914740 0.674395 0.916254 0.674239 0.917796 0.672665 0.920825 0.672353 0.922368 0.670781 0.929936 0.670002 0.931478 0.668428 0.934507 0.668116 0.937594 0.664970 0.939108 0.664814 0.940651 0.663242 0.940680 0.661824 0.943766 0.658678 0.945281 0.658522 0.951454 0.652230 0.951692 0.640890 0.948723 0.638367 0.948752 0.636951 0.944300 0.633166 0.944329 0.631748 0.942846 0.630487 0.941333 0.630643 0.938365 0.628120 0.936850 0.628276 0.933883 0.625752 0.932368 0.625908 0.930885 0.624647 0.890016 0.628855 0.886929 0.632001 0.885416 0.632157 0.882328 0.635303 0.879301 0.635614 0.877759 0.637188 0.876243 0.637344 0.874701 0.638916 0.871672 0.639228 0.868587 0.642374 0.867073 0.642530 0.862443 0.647250 0.860930 0.647406 0.860900 0.648824 0.859357 0.650396 0.859327 0.651814 0.857783 0.653387 0.857723 0.656223 0.854638 0.659369 0.854608 0.660785 0.853063 0.662359 0.853034 0.663776 0.851491 0.665350 0.850779 0.699365 0.853748 0.701889 0.853629 0.707558 0.855113 0.708819 0.855024 0.713071 0.856508 0.714334 0.856478 0.715750 0.859447 0.718273 0.859388 0.721107 0.866807 0.727415
4 0.975260 0.813836 0.976803 0.812262 0.976832 0.810846 0.979920 0.807699 0.979950 0.806281 0.984580 0.801561 0.984610 0.800145 0.986153 0.798571 0.986182 0.797154 0.987725 0.795581 0.987814 0.791330 0.989359 0.789756 0.989567 0.779834 0.988081 0.778574 0.988111 0.777156 0.986627 0.775893 0.986657 0.774477 0.985173 0.773215 0.985203 0.771798 0.982234 0.769276 0.982264 0.767858 0.980780 0.766595 0.979267 0.766751 0.977781 0.765491 0.976268 0.765646 0.971816 0.761861 0.971964 0.754775 0.976594 0.750056 0.976624 0.748638 0.978167 0.747066 0.978286 0.741395 0.979830 0.739823 0.980008 0.731318 0.978523 0.730057 0.978552 0.728639 0.977069 0.727378 0.977128 0.724544 0.974161 0.722020 0.974191 0.720603 0.972705 0.719341 0.972735 0.717925 0.968284 0.714139 0.966771 0.714295 0.965286 0.713033 0.960744 0.713501 0.959260 0.712240 0.938070 0.714422 0.934982 0.717568 0.931956 0.717880 0.925782 0.724172 0.922754 0.724484 0.921211 0.726057 0.919698 0.726213 0.918155 0.727786 0.916640 0.727942 0.912009 0.732662 0.910496 0.732817 0.908953 0.734391 0.908924 0.735808 0.904293 0.740528 0.904264 0.741946 0.902721 0.743518 0.902691 0.744936 0.901148 0.746508 0.901118 0.747926 0.898031 0.751072 0.898001 0.752489 0.896458 0.754063 0.896429 0.755481 0.894886 0.757053 0.893996 0.799573 0.898447 0.803359 0.898417 0.804775 0.902870 0.808560 0.902840 0.809977 0.904326 0.811239 0.905839 0.811083 0.907322 0.812345 0.908836 0.812189 0.910319 0.813450 0.913347 0.813138 0.914831 0.814400 0.919373 0.813933 0.920856 0.815193 0.923884 0.814882 0.925368 0.816144 0.928394 0.815832 0.931363 0.818355
1 0.582075 0.186772 0.583618 0.185198 0.585131 0.185043 0.586676 0.183469 0.588189 0.183313 0.589732 0.181740 0.591247 0.181585 0.594333 0.178438 0.595846 0.178283 0.608193 0.165697 0.608222 0.164280 0.609765 0.162706 0.609795 0.161288 0.611340 0.159716 0.611369 0.158298 0.614455 0.155152 0.614485 0.153735 0.619115 0.149015 0.619204 0.144763 0.622292 0.141616 0.623003 0.107601 0.620034 0.105078 0.620123 0.100826 0.618640 0.099564 0.618669 0.098147 0.617184 0.096885 0.617214 0.095469 0.609794 0.089161 0.608281 0.089316 0.602345 0.084271 0.578126 0.086764 0.575038 0.089910 0.575008 0.091327 0.571923 0.094473 0.571893 0.095891 0.570350 0.097465 0.570291 0.100299 0.568748 0.101872 0.568718 0.103290 0.570202 0.104550 0.570054 0.111637 0.571537 0.112899 0.571448 0.117151 0.572932 0.118413 0.572843 0.122665 0.574326 0.123926 0.574267 0.126760 0.575752 0.128022 0.575723 0.129439 0.577206 0.130701 0.577177 0.132119 0.575634 0.133691 0.575604 0.135109 0.572516 0.138256 0.572487 0.139672 0.570944 0.141246 0.569431 0.141402 0.566343 0.144548 0.564830 0.144704 0.563287 0.146278 0.551178 0.147524 0.549692 0.146262 0.546666 0.146574 0.545182 0.145313 0.542154 0.145625 0.540670 0.144363 0.533102 0.145142 0.531559 0.146716 0.530044 0.146872 0.523871 0.153164 0.523574 0.167336 0.525058 0.168599 0.525028 0.170015 0.526514 0.171277 0.526484 0.172695 0.527968 0.173956 0.527938 0.175374 0.536843 0.182942 0.538356 0.182786 0.539840 0.184049 0.541353 0.183893 0.544322 0.186415 0.545835 0.186260 0.547319 0.187520 0.548832 0.187365 0.550318 0.188627 0.551831 0.188471 0.553314 0.189733
5 0.498566 0.857255 0.500111 0.855682 0.503137 0.855370 0.504680 0.853798 0.504710 0.852380 0.507797 0.849233 0.507857 0.846399 0.509400 0.844825 0.509518 0.839156 0.511061 0.837582 0.511120 0.834748 0.512665 0.833175 0.512725 0.830341 0.514267 0.828767 0.514386 0.823098 0.525190 0.812086 0.526703 0.811930 0.528246 0.810356 0.532788 0.809889 0.535755 0.812412 0.537270 0.812256 0.538753 0.813518 0.540267 0.813362 0.541750 0.814624 0.543265 0.814468 0.544749 0.815729 0.546262 0.815573 0.547747 0.816835 0.549261 0.816679 0.553713 0.820463 0.553624 0.824715 0.556591 0.827238 0.562646 0.826615 0.568820 0.820322 0.568879 0.817488 0.573509 0.812768 0.574429 0.768831 0.567007 0.762523 0.565494 0.762679 0.564010 0.761417 0.560982 0.761729 0.559498 0.760468 0.557985 0.760624 0.556502 0.759362 0.554988 0.759517 0.552019 0.756995 0.544451 0.757774 0.542966 0.756512 0.541453 0.756668 0.539969 0.755407 0.520292 0.757433 0.518749 0.759005 0.512692 0.759629 0.511149 0.761202 0.508123 0.761514 0.505035 0.764660 0.502009 0.764972 0.500464 0.766546 0.498951 0.766701 0.494322 0.771420 0.491294 0.771732 0.482033 0.781172 0.482003 0.782588 0.478917 0.785736 0.478888 0.787152 0.475800 0.790299 0.475770 0.791717 0.474228 0.793289 0.474198 0.794707 0.471112 0.797853 0.470312 0.836121 0.471795 0.837383 0.471736 0.840217 0.473219 0.841478 0.473160 0.844314 0.474644 0.845575 0.474614 0.846993 0.477583 0.849516 0.477553 0.850932 0.480520 0.853455 0.482036 0.853299 0.483519 0.854561 0.485032 0.854405 0.488001 0.856928 0.491028 0.856617 0.492513 0.857879
10 0.883653 0.066623 0.885197 0.065051 0.886711 0.064895 0.888253 0.063321 0.889769 0.063165 0.891311 0.061591 0.892825 0.061436 0.894367 0.059863 0.895881 0.059708 0.897425 0.058134 0.898939 0.057978 0.903569 0.053259 0.905082 0.053103 0.909713 0.048383 0.829399 0.060895 0.830912 0.060739 0.832396 0.062000 0.833909 0.061844 0.836878 0.064367 0.838391 0.064211 0.839875 0.065473 0.841390 0.065317 0.844357 0.067840 0.845870 0.067685 0.847356 0.068947 0.848869 0.068791 0.850352 0.070052
4 0.000000 0.915024 0.000000 0.915024 0.000000 0.907937 0.000000 0.906520 0.000000 0.900850 0.000000 0.898015 0.000000 0.896599 0.000000 0.895181 0.000000 0.892346 0.000000 0.889512 0.000000 0.888094 0.000000 0.886677 0.000000 0.885259 0.000000 0.882425 0.000000 0.881008 0.000000 0.848409 0.000000 0.846991 0.000000 0.845573 0.000000 0.842739 0.000000 0.841322 0.000000 0.838488 0.000000 0.837070 0.000000 0.834235 0.000000 0.832817 0.000000 0.832817 0.000000 0.828566 0.000000 0.827148 0.000000 0.825732 0.000000 0.825732 0.000000 0.822896 0.000000 0.822896
4 0.567810 0.796383 0.569353 0.794811 0.570866 0.794655 0.570896 0.793237 0.572439 0.791664 0.572469 0.790246 0.570985 0.788986 0.572528 0.787412 0.572587 0.784577 0.578763 0.778285 0.580276 0.778129 0.586449 0.771835 0.590991 0.771368 0.592534 0.769795 0.594017 0.771056 0.595530 0.770900 0.597073 0.769328 0.598559 0.770589 0.612181 0.769186 0.613665 0.770448 0.616693 0.770137 0.618177 0.771399 0.621203 0.771087 0.622689 0.772348 0.631770 0.771413 0.634858 0.768267 0.637884 0.767955 0.638358 0.745278 0.636845 0.745433 0.632393 0.741648 0.630879 0.741804 0.629396 0.740543 0.626368 0.740855 0.623400 0.738332 0.621885 0.738488 0.620402 0.737226 0.617375 0.737538 0.615892 0.736275 0.612863 0.736587 0.611380 0.735327 0.608352 0.735638 0.606868 0.734376 0.573566 0.737805 0.572023 0.739378 0.568997 0.739690 0.567452 0.741262 0.565939 0.741418 0.562853 0.744566 0.561338 0.744722 0.559795 0.746294 0.558282 0.746450 0.553651 0.751170 0.552138 0.751326 0.550595 0.752898 0.550565 0.754316 0.547478 0.757462 0.546885 0.785809 0.548400 0.785653 0.549883 0.786915 0.551397 0.786759 0.552880 0.788020 0.554395 0.787864 0.555879 0.789126 0.557392 0.788970 0.560359 0.791493 0.560329 0.792911 0.564782 0.796695
10 0.993699 0.749709 0.993758 0.746874 0.995863 0.646243 0.995893 0.644826 0.996012 0.639156 0.996012 0.639156 0.996130 0.633487 0.996130 0.633487 0.996160 0.632070 0.996160 0.632070 0.996219 0.629234 0.996219 0.629234 0.996278 0.626400 0.996278 0.626400 0.996308 0.624983 0.996308 0.624983 0.996338 0.623565 0.996338 0.623565 0.996367 0.622149 0.996367 0.622149 0.994431 0.619518 0.979293 0.621077 0.979263 0.622495 0.976178 0.625641 0.976059 0.631310 0.969886 0.637604 0.968372 0.637759 0.960654 0.645626 0.960625 0.647042 0.959082 0.648616 0.959052 0.650033 0.957509 0.651606 0.957480 0.653023 0.955937 0.654597 0.955848 0.658849 0.954303 0.660422 0.954273 0.661840 0.952730 0.663412 0.952493 0.674751 0.954006 0.674596 0.956975 0.677118 0.956916 0.679953 0.955373 0.681527 0.952345 0.681838 0.952108 0.693176 0.953591 0.694438 0.956620 0.694127 0.958103 0.695387 0.956560 0.696961 0.956501 0.699796 0.957984 0.701056 0.957955 0.702474 0.959438 0.703737 0.959409 0.705153 0.965345 0.710199 0.968373 0.709887 0.969857 0.711149 0.971370 0.710993 0.972854 0.712254 0.984963 0.711007 0.987932 0.713532 0.989445 0.713376 0.994321 0.719944 0.994292 0.721362 0.994232 0.724197 0.994203 0.725615 0.994173 0.727031 0.994143 0.728449 0.994084 0.731284 0.994054 0.732702 0.993995 0.735536 0.993936 0.738371 0.993906 0.739787 0.993876 0.741205 0.993728 0.748292 0.993699 0.749709
5 0.364701 0.397250 0.366244 0.395678 0.367757 0.395522 0.370845 0.392376 0.372358 0.392220 0.373901 0.390646 0.375416 0.390490 0.378502 0.387344 0.380015 0.387188 0.390819 0.376176 0.390849 0.374758 0.393934 0.371612 0.393964 0.370195 0.395509 0.368621 0.395568 0.365787 0.397111 0.364213 0.397141 0.362797 0.398684 0.361223 0.399188 0.337129 0.397704 0.335867 0.397734 0.334450 0.396250 0.333188 0.396309 0.330354 0.394824 0.329092 0.394854 0.327675 0.393370 0.326413 0.393400 0.324996 0.391916 0.323734 0.391946 0.322318 0.381557 0.313487 0.381587 0.312069 0.374167 0.305761 0.354490 0.307787 0.349859 0.312507 0.349829 0.313925 0.348287 0.315497 0.348257 0.316915 0.346714 0.318488 0.346684 0.319906 0.345140 0.321478 0.345110 0.322896 0.343567 0.324468 0.343537 0.325886 0.341995 0.327460 0.341817 0.335964 0.343300 0.337226 0.343093 0.347147 0.344576 0.348408 0.344309 0.361164 0.341224 0.364310 0.339708 0.364466 0.338166 0.366040 0.330598 0.366819 0.329114 0.365557 0.327599 0.365713 0.326115 0.364452 0.320061 0.365075 0.318577 0.363813 0.311009 0.364592 0.309464 0.366166 0.307951 0.366322 0.304865 0.369468 0.303350 0.369624 0.302994 0.386633 0.313383 0.395463 0.314898 0.395307 0.316382 0.396568 0.317895 0.396412 0.319379 0.397674 0.320894 0.397518 0.322377 0.398779 0.325404 0.398467 0.326887 0.399730 0.328402 0.399574 0.329886 0.400834
4 0.058826 0.939298 0.060369 0.937726 0.061884 0.937570 0.064970 0.934424 0.069512 0.933956 0.071054 0.932382 0.071084 0.930966 0.072627 0.929392 0.074140 0.929236 0.075685 0.927662 0.077198 0.927507 0.080286 0.924360 0.080315 0.922944 0.088032 0.915078 0.088061 0.913660 0.094235 0.907367 0.095095 0.866265 0.093582 0.866421 0.090612 0.863898 0.090642 0.862480 0.087614 0.862792 0.086130 0.861531 0.081591 0.861998 0.080105 0.860736 0.075564 0.861204 0.074080 0.859942 0.066512 0.860721 0.064969 0.862295 0.061941 0.862606 0.055768 0.868899 0.055708 0.871733 0.052622 0.874881 0.052593 0.876297 0.051050 0.877871 0.050961 0.882122 0.049416 0.883696 0.049387 0.885113 0.047844 0.886686 0.047814 0.888104 0.046271 0.889677 0.044758 0.889832 0.041670 0.892979 0.038642 0.893290 0.037099 0.894864 0.029531 0.895643 0.027988 0.897216 0.026503 0.895955 0.023476 0.896267 0.021934 0.897839 0.020450 0.896578 0.015908 0.897046 0.012939 0.894523 0.011426 0.894679 0.008457 0.892156 0.006944 0.892312 0.003977 0.889788 0.004007 0.888371 0.002523 0.887109 0.002553 0.885692 0.000000 0.883170 0.000000 0.881752 0.000000 0.880491 0.000000 0.880647 0.000000 0.876756 0.000000 0.876756 0.000000 0.878172 0.000000 0.878172 0.000000 0.879590 0.000000 0.879590 0.000000 0.883843 0.000000 0.885259 0.000000 0.886677 0.000000 0.910771 0.000000 0.913606 0.000000 0.916442 0.000000 0.917858 0.000000 0.919276 0.000000 0.920693 0.000000 0.922111 0.000000 0.937340 0.000000 0.937184 0.000000 0.939707 0.002939 0.939395 0.005906 0.941918 0.010448 0.941450 0.011931 0.942712 0.014959 0.942401 0.016443 0.943661
0 0.091350 0.684207 0.092895 0.682634 0.094408 0.682478 0.097496 0.679332 0.099009 0.679176 0.100552 0.677603 0.102065 0.677447 0.109783 0.669580 0.109813 0.668164 0.111356 0.666590 0.112869 0.666434 0.114412 0.664861 0.114442 0.663444 0.115986 0.661870 0.116105 0.656201 0.119191 0.653055 0.119220 0.651637 0.120763 0.650065 0.120822 0.647230 0.122365 0.645657 0.122395 0.644240 0.123940 0.642666 0.123969 0.641250 0.125512 0.639676 0.125572 0.636841 0.127114 0.635268 0.127174 0.632433 0.128719 0.630861 0.128926 0.620939 0.130469 0.619365 0.128985 0.618103 0.129312 0.602513 0.127826 0.601252 0.127885 0.598418 0.124918 0.595895 0.124978 0.593059 0.120525 0.589275 0.120555 0.587857 0.119071 0.586597 0.119101 0.585179 0.116132 0.582656 0.116161 0.581238 0.113194 0.578715 0.113224 0.577298 0.105802 0.570991 0.084612 0.573172 0.084582 0.574589 0.079952 0.579309 0.078438 0.579465 0.073808 0.584185 0.072295 0.584341 0.069209 0.587487 0.066181 0.587798 0.064638 0.589371 0.060096 0.589838 0.058553 0.591412 0.054012 0.591880 0.052469 0.593453 0.047927 0.593921 0.046384 0.595493 0.041843 0.595961 0.038757 0.599107 0.037242 0.599263 0.034156 0.602409 0.034038 0.608079 0.035521 0.609340 0.035492 0.610758 0.033949 0.612330 0.033919 0.613748 0.035403 0.615009 0.035343 0.617845 0.042763 0.624151 0.042704 0.626986 0.044187 0.628248 0.048729 0.627781 0.053359 0.623061 0.056388 0.622749 0.060838 0.626534 0.060690 0.633621 0.056061 0.638341 0.053033 0.638652 0.051490 0.640225 0.049977 0.640381 0.046889 0.643527 0.046860 0.644945 0.043772 0.648091 0.043742 0.649509 0.042200 0.651081 0.042140 0.653916 0.040597 0.655490 0.040538 0.658324 0.038995 0.659896 0.038966 0.661314 0.037423 0.662888 0.037126 0.677061 0.038610 0.678323 0.038580 0.679739 0.040064 0.681002 0.040034 0.682418 0.043001 0.684942 0.042971 0.686359 0.045941 0.688882
2 1.000000 0.427973 1.000000 0.427973 1.000000 0.425137 1.000000 0.425137 1.000000 0.429390 1.000000 0.429390 0.999769 0.436527 0.999413 0.453535 0.999896 0.453485 0.999837 0.456320 0.999837 0.456320 0.999807 0.457736 0.999807 0.457736 0.999778 0.459154 0.999778 0.459154 0.999748 0.460572 0.999748 0.460572 0.999659 0.464823 0.999600 0.467658 0.999570 0.469076 0.999540 0.470492 0.999511 0.471910 0.999392 0.477579 0.999362 0.478997 0.999214 0.486084 0.999185 0.487501 0.999125 0.490335 0.999096 0.491753 0.999036 0.494588 0.999007 0.496006 0.998977 0.497422 0.998888 0.501675 0.998858 0.503091 0.998829 0.504509 0.998829 0.504509 0.998799 0.505927
7 0.320000 0.295781 0.327717 0.287915 0.327746 0.286498 0.329289 0.284924 0.329675 0.266500 0.328191 0.265237 0.328221 0.263821 0.319318 0.256251 0.319347 0.254834 0.317864 0.253572 0.317893 0.252156 0.314924 0.249633 0.314984 0.246797 0.313500 0.245536 0.313619 0.239867 0.310650 0.237343 0.309136 0.237499 0.307653 0.236238 0.304625 0.236550 0.303141 0.235288 0.300115 0.235599 0.298629 0.234339 0.265329 0.237767 0.263786 0.239339 0.262271 0.239495 0.260728 0.241069 0.259215 0.241225 0.257672 0.242797 0.256157 0.242953 0.254614 0.244527 0.253101 0.244683 0.251556 0.246257 0.250043 0.246412 0.245414 0.251131 0.243899 0.251287 0.237726 0.257581 0.237696 0.258997 0.236153 0.260571 0.235501 0.291752 0.238470 0.294274 0.247551 0.293340 0.249094 0.291767 0.250607 0.291611 0.252152 0.290038 0.253665 0.289882 0.255208 0.288308 0.256723 0.288152 0.261352 0.283434 0.264380 0.283122 0.272096 0.275256 0.276638 0.274788 0.278181 0.273214 0.284235 0.272591 0.288688 0.276376 0.290201 0.276220 0.293170 0.278743 0.293081 0.282995 0.294565 0.284256 0.294505 0.287092 0.295989 0.288353 0.295959 0.289771 0.297443 0.291031 0.297413 0.292449 0.300382 0.294972 0.301896 0.294816 0.304863 0.297339
10 0.084726 0.351117 0.084756 0.349700 0.086298 0.348126 0.086328 0.346710 0.087873 0.345136 0.087902 0.343719 0.089445 0.342146 0.089534 0.337893 0.091077 0.336321 0.091136 0.333486 0.089653 0.332224 0.089920 0.319468 0.088436 0.318207 0.088614 0.309702 0.090157 0.308130 0.090216 0.305294 0.101020 0.294283 0.102533 0.294127 0.104076 0.292554 0.107105 0.292242 0.108648 0.290668 0.126812 0.288798 0.128295 0.290060 0.129809 0.289904 0.132778 0.292427 0.138832 0.291804 0.141918 0.288658 0.142244 0.273067 0.139277 0.270544 0.139336 0.267710 0.137853 0.266448 0.137912 0.263613 0.139455 0.262039 0.139574 0.256370 0.138090 0.255108 0.138120 0.253692 0.136636 0.252430 0.136666 0.251013 0.132213 0.247228 0.130698 0.247384 0.129215 0.246123 0.127701 0.246279 0.126218 0.245017 0.124705 0.245173 0.123219 0.243911 0.121706 0.244067 0.120222 0.242806 0.085407 0.246390 0.083864 0.247962 0.079323 0.248430 0.077780 0.250004 0.074751 0.250316 0.073209 0.251889 0.071695 0.252045 0.070151 0.253618 0.068637 0.253773 0.067095 0.255347 0.065581 0.255503 0.062494 0.258649 0.060980 0.258805 0.057895 0.261951 0.057865 0.263368 0.050147 0.271234 0.050117 0.272652 0.047032 0.275798 0.047002 0.277216 0.045459 0.278788 0.045400 0.281623 0.043855 0.283197 0.043796 0.286031 0.042253 0.287605 0.042223 0.289021 0.040680 0.290595 0.039909 0.327445 0.041393 0.328707 0.041363 0.330124 0.042847 0.331386 0.042787 0.334221 0.045756 0.336743 0.045727 0.338161 0.048694 0.340684 0.048664 0.342101 0.053117 0.345886 0.053087 0.347304 0.054571 0.348564 0.056086 0.348408 0.059053 0.350931 0.060566 0.350775 0.063535 0.353298
7 0.157806 0.684437 0.159349 0.682864 0.160862 0.682709 0.162405 0.681135 0.163918 0.680979 0.165463 0.679405 0.166976 0.679249 0.170064 0.676103 0.171577 0.675947 0.180836 0.666509 0.182349 0.666353 0.183894 0.664779 0.185407 0.664623 0.188495 0.661477 0.190008 0.661321 0.196182 0.655029 0.196211 0.653611 0.197754 0.652039 0.197784 0.650621 0.200870 0.647475 0.201255 0.629050 0.195319 0.624004 0.193806 0.624160 0.192322 0.622897 0.190809 0.623053 0.189325 0.621791 0.184784 0.622259 0.183298 0.620998 0.180272 0.621310 0.178729 0.622882 0.177216 0.623038 0.175730 0.621777 0.174188 0.623350 0.169646 0.623817 0.168103 0.625391 0.166590 0.625547 0.163502 0.628693 0.161989 0.628849 0.158903 0.631995 0.157388 0.632151 0.155845 0.633725 0.154332 0.633880 0.151245 0.637027 0.149731 0.637182 0.148188 0.638756 0.146675 0.638912 0.145130 0.640484 0.143617 0.640640 0.142074 0.642214 0.129965 0.643461 0.121060 0.635891 0.121089 0.634474 0.119606 0.633212 0.119635 0.631796 0.118122 0.631951 0.112186 0.626904 0.103103 0.627839 0.101560 0.629413 0.098534 0.629725 0.093903 0.634445 0.092388 0.634601 0.090845 0.636173 0.090816 0.637591 0.087730 0.640737 0.087048 0.673336 0.091498 0.677120 0.091469 0.678538 0.094438 0.681060 0.095951 0.680905 0.100404 0.684690 0.101917 0.684534 0.103400 0.685795 0.104916 0.685639 0.106399 0.686901 0.107912 0.686745 0.109398 0.688007 0.110911 0.687851 0.112395 0.689112
