7 0.602619 0.657509 0.601786 0.656781 0.601149 0.657105 0.600316 0.656377 0.600120 0.655325 0.598453 0.653869 0.597864 0.650710 0.597030 0.649982 0.596834 0.648930 0.597274 0.647552 0.596882 0.645447 0.596049 0.644718 0.595656 0.642613 0.594822 0.641886 0.594626 0.640833 0.591293 0.637920 0.590656 0.638245 0.588989 0.636788 0.587715 0.637438 0.586882 0.636709 0.586245 0.637033 0.585411 0.636306 0.584774 0.636630 0.583941 0.635902 0.582030 0.636875 0.581589 0.638252 0.579678 0.639226 0.579238 0.640602 0.577327 0.641576 0.576446 0.644330 0.575809 0.644654 0.575368 0.646032 0.574731 0.646356 0.573849 0.649110 0.570664 0.650732 0.568998 0.649276 0.568360 0.649601 0.564434 0.628549 0.565071 0.628224 0.567715 0.619961 0.568351 0.619637 0.569233 0.616883 0.570508 0.616233 0.570948 0.614857 0.571585 0.614533 0.572025 0.613155 0.573936 0.612182 0.574377 0.610805 0.575651 0.610156 0.576092 0.608779 0.586921 0.603263 0.587754 0.603992 0.589028 0.603343 0.589861 0.604071 0.590499 0.603746 0.591332 0.604475 0.592606 0.603826 0.593439 0.604554 0.594076 0.604229 0.595742 0.605685 0.596380 0.605360 0.598046 0.606817 0.598683 0.606492 0.599517 0.607221 0.600791 0.606572 0.602457 0.608028 0.603095 0.607704 0.608094 0.612074 0.608291 0.613126 0.609124 0.613854 0.614032 0.640170 0.613592 0.641546 0.613788 0.642599 0.611145 0.650861 0.610507 0.651186 0.610067 0.652563 0.607519 0.653861 0.607078 0.655237
6 0.785822 0.214950 0.784989 0.214221 0.784352 0.214545 0.777686 0.208720 0.777489 0.207667 0.775823 0.206211 0.775627 0.205159 0.774793 0.204431 0.774597 0.203379 0.773763 0.202650 0.773567 0.201597 0.772734 0.200869 0.772538 0.199816 0.771704 0.199088 0.771312 0.196983 0.770478 0.196255 0.767533 0.180466 0.767974 0.179088 0.767777 0.178035 0.768218 0.176659 0.768022 0.175606 0.768462 0.174229 0.768266 0.173176 0.768706 0.171800 0.768314 0.169695 0.768755 0.168317 0.768558 0.167264 0.769439 0.164510 0.769243 0.163458 0.769683 0.162081 0.769487 0.161029 0.772131 0.152765 0.771935 0.151713 0.772376 0.150336 0.773012 0.150012 0.775215 0.143126 0.775853 0.142801 0.776293 0.141425 0.776930 0.141101 0.777371 0.139723 0.796481 0.129989 0.796677 0.131043 0.798344 0.132499 0.798981 0.132174 0.799814 0.132902 0.800011 0.133955 0.800844 0.134683 0.801040 0.135736 0.801873 0.136464 0.803248 0.143833 0.802367 0.146587 0.802563 0.147639 0.800360 0.154524 0.799086 0.155173 0.798205 0.157927 0.796930 0.158576 0.796490 0.159954 0.794579 0.160927 0.791494 0.170567 0.792476 0.175829 0.793310 0.176557 0.793506 0.177610 0.795172 0.179067 0.795369 0.180119 0.796203 0.180847 0.796399 0.181899 0.798065 0.183357 0.798262 0.184409 0.800762 0.186593 0.801399 0.186269 0.802232 0.186997 0.802868 0.186672 0.804536 0.188129 0.804928 0.190234 0.804488 0.191611 0.804880 0.193716 0.804439 0.195094 0.804635 0.196146 0.803755 0.198901 0.802481 0.199549 0.801599 0.202303 0.800963 0.202628 0.800081 0.205382 0.800277 0.206434 0.799837 0.207812
11 0.401974 0.299809 0.401141 0.299081 0.396682 0.301352 0.395849 0.300624 0.395212 0.300949 0.394379 0.300220 0.391193 0.301843 0.390360 0.301115 0.389086 0.301764 0.387420 0.300308 0.387223 0.299254 0.386390 0.298526 0.386194 0.297474 0.385360 0.296745 0.385164 0.295693 0.383497 0.294237 0.383301 0.293184 0.379968 0.290272 0.374666 0.261851 0.377751 0.252211 0.379661 0.251238 0.380103 0.249860 0.383287 0.248238 0.383728 0.246862 0.385002 0.246213 0.386324 0.242081 0.386128 0.241028 0.386569 0.239652 0.384998 0.231230 0.385438 0.229854 0.384849 0.226696 0.385290 0.225318 0.384701 0.222161 0.385142 0.220783 0.384749 0.218678 0.385190 0.217302 0.384993 0.216249 0.385434 0.214871 0.384845 0.211714 0.385285 0.210337 0.385089 0.209285 0.385970 0.206529 0.385774 0.205477 0.387096 0.201346 0.387733 0.201021 0.388174 0.199645 0.388810 0.199321 0.389252 0.197943 0.400717 0.192103 0.401550 0.192832 0.402825 0.192183 0.403658 0.192910 0.404295 0.192586 0.405962 0.194042 0.406599 0.193718 0.408266 0.195174 0.408902 0.194849 0.412236 0.197763 0.412432 0.198815 0.414098 0.200271 0.414295 0.201324 0.416795 0.203509 0.416991 0.204561 0.420325 0.207473 0.420521 0.208526 0.422188 0.209982 0.428864 0.245771 0.428423 0.247149 0.428619 0.248201 0.428178 0.249579 0.428964 0.253789 0.428523 0.255166 0.428720 0.256218 0.428279 0.257596 0.428476 0.258648 0.428034 0.260025 0.428427 0.262131 0.427546 0.264884 0.427743 0.265937 0.427301 0.267314 0.427498 0.268367 0.426617 0.271121 0.426813 0.272174 0.426373 0.273551 0.425735 0.273875 0.423532 0.280761 0.422258 0.281410 0.421818 0.282787 0.421180 0.283112 0.420299 0.285866 0.419025 0.286515 0.418584 0.287891 0.417948 0.288215 0.417506 0.289593 0.415596 0.290566 0.415155 0.291943 0.413881 0.292592 0.413441 0.293969
3 0.163489 0.408603 0.158489 0.404233 0.158293 0.403181 0.155792 0.400996 0.155596 0.399944 0.154763 0.399215 0.154566 0.398162 0.153733 0.397435 0.153537 0.396382 0.152703 0.395654 0.152507 0.394601 0.151674 0.393874 0.151477 0.392821 0.150644 0.392092 0.145932 0.366830 0.146372 0.365452 0.146176 0.364400 0.146616 0.363023 0.146224 0.360918 0.146665 0.359541 0.146469 0.358488 0.147350 0.355734 0.147153 0.354681 0.147594 0.353304 0.147397 0.352251 0.147839 0.350875 0.147642 0.349821 0.148964 0.345690 0.148768 0.344638 0.149649 0.341884 0.150286 0.341560 0.152049 0.336052 0.152686 0.335727 0.154007 0.331596 0.170570 0.323160 0.172236 0.324616 0.172874 0.324291 0.175373 0.326476 0.176010 0.326152 0.177677 0.327608 0.177873 0.328660 0.178706 0.329389 0.179099 0.331494 0.179933 0.332222 0.181700 0.341696 0.181259 0.343073 0.181651 0.345178 0.181211 0.346555 0.181604 0.348660 0.179401 0.355546 0.178126 0.356195 0.177686 0.357571 0.176411 0.358220 0.175971 0.359598 0.171513 0.361868 0.171071 0.363246 0.170435 0.363571 0.167791 0.371833 0.167987 0.372885 0.167546 0.374262 0.167939 0.376367 0.168773 0.377096 0.168969 0.378148 0.169802 0.378877 0.169999 0.379929 0.170832 0.380657 0.171028 0.381709 0.171861 0.382438 0.172058 0.383491 0.172891 0.384219 0.174069 0.390535 0.174903 0.391262 0.176081 0.397579 0.175199 0.400333 0.175395 0.401385 0.174955 0.402762
12 0.392137 0.998701 0.391304 0.997972 0.390667 0.998296 0.389833 0.997568 0.389197 0.997892 0.388364 0.997165 0.387727 0.997489 0.386893 0.996761 0.386256 0.997085 0.383756 0.994901 0.383559 0.993848 0.381893 0.992392 0.381697 0.991339 0.378363 0.988426 0.378167 0.987374 0.375667 0.985190 0.375030 0.985514 0.373363 0.984058 0.372089 0.984707 0.371256 0.983978 0.370619 0.984303 0.369297 0.988434 0.369494 0.989486 0.367290 0.996372 0.367486 0.997425 0.366605 1.000000 0.366802 1.000000 0.366164 1.000000 0.365723 1.000000 0.365920 1.000000 0.365479 1.000000 0.364843 1.000000 0.364402 1.000000 0.363765 1.000000 0.363324 1.000000 0.361413 1.000000 0.360972 1.000000 0.357151 1.000000 0.356317 1.000000 0.355680 1.000000 0.354013 1.000000 0.353376 1.000000 0.352543 1.000000 0.352347 1.000000 0.351514 1.000000 0.351317 1.000000 0.350483 1.000000 0.350287 1.000000 0.349454 1.000000 0.347491 0.994931 0.347931 0.993553 0.347538 0.991448 0.347979 0.990071 0.347783 0.989019 0.348224 0.987641 0.347635 0.984484 0.348075 0.983107 0.347682 0.981001 0.348564 0.978247 0.348368 0.977194 0.348808 0.975818 0.348612 0.974765 0.349052 0.973388 0.348856 0.972335 0.349297 0.970957 0.349101 0.969905 0.350863 0.964398 0.351500 0.964073 0.351941 0.962696 0.352577 0.962371 0.353900 0.958240 0.355174 0.957590 0.355614 0.956214 0.356251 0.955890 0.356692 0.954512 0.357328 0.954188 0.357770 0.952811 0.375606 0.943727 0.376439 0.944454 0.377076 0.944130 0.378743 0.945586 0.380016 0.944937 0.380850 0.945665 0.381487 0.945341 0.382320 0.946069 0.382516 0.947122 0.383350 0.947851 0.383987 0.947526 0.384820 0.948253 0.385457 0.947929 0.386290 0.948658 0.386487 0.949710 0.388987 0.951895 0.389183 0.952948 0.390016 0.953675 0.390213 0.954728 0.391880 0.956184 0.392272 0.958290 0.393106 0.959017 0.398603 0.988491 0.397722 0.991245 0.397919 0.992298 0.397037 0.995052 0.395763 0.995701 0.395322 0.997078
4 0.238938 0.824307 0.238105 0.823579 0.237467 0.823904 0.236634 0.823175 0.235997 0.823499 0.235163 0.822772 0.234967 0.821719 0.234134 0.820991 0.233937 0.819938 0.233104 0.819209 0.231926 0.812894 0.231093 0.812167 0.230308 0.807955 0.230748 0.806579 0.230552 0.805526 0.229719 0.804798 0.228737 0.799535 0.227903 0.798806 0.227266 0.799131 0.225600 0.797674 0.223052 0.798972 0.222218 0.798244 0.220307 0.799217 0.219867 0.800594 0.214133 0.803515 0.213300 0.802786 0.212663 0.803110 0.209330 0.800198 0.208693 0.800523 0.207026 0.799066 0.206830 0.798014 0.205997 0.797286 0.205360 0.797610 0.201826 0.778663 0.203147 0.774532 0.203784 0.774207 0.205106 0.770076 0.205743 0.769751 0.206184 0.768375 0.208732 0.767077 0.209173 0.765699 0.208976 0.764647 0.217257 0.760430 0.218091 0.761157 0.219365 0.760508 0.220198 0.761237 0.220835 0.760913 0.221668 0.761640 0.222942 0.760991 0.223775 0.761720 0.224413 0.761395 0.225246 0.762124 0.225883 0.761799 0.228383 0.763983 0.229020 0.763659 0.231520 0.765843 0.232157 0.765519 0.237157 0.769888 0.237354 0.770941 0.239020 0.772397 0.239216 0.773450 0.241716 0.775634 0.247999 0.809318 0.247559 0.810695 0.247755 0.811747 0.245993 0.817256 0.245356 0.817580 0.244474 0.820335 0.241926 0.821632 0.241486 0.823009
9 0.453605 0.714966 0.452772 0.714239 0.451498 0.714888 0.450665 0.714159 0.448117 0.715457 0.447284 0.714729 0.446009 0.715378 0.445176 0.714649 0.444539 0.714974 0.443706 0.714246 0.443069 0.714571 0.441402 0.713113 0.440765 0.713438 0.439932 0.712711 0.439295 0.713035 0.437628 0.711579 0.436991 0.711903 0.434491 0.709719 0.434098 0.707613 0.432432 0.706157 0.430861 0.697736 0.432624 0.692228 0.433260 0.691903 0.433701 0.690526 0.434975 0.689877 0.435416 0.688500 0.437327 0.687527 0.437767 0.686149 0.439678 0.685176 0.440119 0.683800 0.441393 0.683150 0.442226 0.683878 0.442863 0.683554 0.443745 0.680800 0.445019 0.680151 0.445459 0.678774 0.447370 0.677801 0.447811 0.676424 0.448448 0.676099 0.448889 0.674722 0.449526 0.674398 0.450407 0.671643 0.451044 0.671318 0.451485 0.669942 0.449717 0.660469 0.450159 0.659091 0.449962 0.658039 0.450403 0.656661 0.450207 0.655609 0.462946 0.649120 0.463143 0.650172 0.465643 0.652357 0.465839 0.653409 0.467506 0.654866 0.468095 0.658024 0.469761 0.659480 0.469957 0.660533 0.470791 0.661260 0.473147 0.673892 0.472706 0.675270 0.472902 0.676322 0.472462 0.677699 0.472658 0.678751 0.471777 0.681506 0.472170 0.683611 0.471730 0.684988 0.472122 0.687093 0.471681 0.688471 0.471877 0.689524 0.470997 0.692278 0.471193 0.693330 0.467668 0.704347 0.467030 0.704671 0.466589 0.706048 0.465953 0.706372 0.465512 0.707750 0.464875 0.708074 0.464434 0.709451
3 0.169769 0.595587 0.168102 0.594130 0.166191 0.595103 0.165358 0.594376 0.164721 0.594700 0.163887 0.593972 0.162614 0.594620 0.160947 0.593164 0.160310 0.593489 0.159477 0.592761 0.158839 0.593086 0.156340 0.590901 0.155702 0.591226 0.154869 0.590497 0.154232 0.590821 0.152566 0.589365 0.151928 0.589689 0.146095 0.584592 0.145899 0.583540 0.144232 0.582084 0.144036 0.581031 0.142369 0.579575 0.141976 0.577470 0.141143 0.576741 0.140947 0.575689 0.140113 0.574960 0.139721 0.572855 0.138887 0.572126 0.138495 0.570021 0.137661 0.569294 0.134323 0.551399 0.134764 0.550022 0.134372 0.547916 0.134812 0.546540 0.134616 0.545487 0.135056 0.544110 0.134467 0.540952 0.135349 0.538198 0.135152 0.537145 0.135593 0.535769 0.135397 0.534715 0.135837 0.533339 0.135641 0.532286 0.137845 0.525400 0.138481 0.525076 0.139362 0.522322 0.140000 0.521997 0.140881 0.519243 0.158717 0.510159 0.158913 0.511212 0.160580 0.512668 0.160776 0.513720 0.162443 0.515177 0.162836 0.517282 0.163669 0.518010 0.164258 0.521168 0.165091 0.521895 0.165681 0.525054 0.165239 0.526432 0.166025 0.530642 0.165144 0.533396 0.165340 0.534449 0.164900 0.535825 0.165096 0.536878 0.164655 0.538255 0.164851 0.539308 0.163970 0.542062 0.164167 0.543115 0.163725 0.544492 0.164707 0.549755 0.166374 0.551211 0.168922 0.549913 0.169755 0.550642 0.171030 0.549993 0.171863 0.550720 0.172500 0.550396 0.173334 0.551124 0.177155 0.549178 0.177596 0.547800 0.180144 0.546503 0.180584 0.545126 0.181222 0.544801 0.182055 0.545529 0.184603 0.544231 0.185436 0.544960 0.187984 0.543662 0.188817 0.544390 0.191366 0.543092 0.192199 0.543820 0.193473 0.543172 0.194306 0.543899 0.194943 0.543575 0.196610 0.545032 0.197246 0.544708 0.198080 0.545435 0.198717 0.545111 0.199550 0.545839 0.199747 0.546891 0.201414 0.548347 0.201610 0.549400 0.202443 0.550128 0.203032 0.553286 0.202592 0.554664 0.202984 0.556769 0.201662 0.560901 0.201859 0.561953 0.200536 0.566084 0.200733 0.567136 0.200292 0.568514 0.199656 0.568838 0.199215 0.570215 0.199411 0.571267 0.198970 0.572645 0.198333 0.572970 0.197453 0.575723 0.196815 0.576048 0.195493 0.580179 0.194219 0.580827 0.193779 0.582205 0.192504 0.582854 0.192064 0.584231
10 0.274824 0.867117 0.272324 0.864934 0.271687 0.865258 0.270020 0.863801 0.269383 0.864125 0.263549 0.859028 0.263353 0.857976 0.262520 0.857248 0.262324 0.856196 0.260657 0.854740 0.255355 0.826318 0.255796 0.824941 0.255600 0.823888 0.256041 0.822512 0.255844 0.821459 0.256285 0.820082 0.256088 0.819029 0.256529 0.817651 0.256333 0.816599 0.256774 0.815222 0.256577 0.814170 0.257018 0.812792 0.256821 0.811740 0.260787 0.799347 0.261425 0.799022 0.262306 0.796268 0.262943 0.795944 0.263383 0.794567 0.264020 0.794242 0.264461 0.792864 0.265735 0.792215 0.266176 0.790839 0.266813 0.790515 0.267253 0.789137 0.268527 0.788488 0.268968 0.787112 0.270242 0.786463 0.270683 0.785085 0.271319 0.784761 0.272201 0.782007 0.279208 0.778438 0.280041 0.779167 0.280678 0.778842 0.281511 0.779570 0.282148 0.779245 0.282981 0.779974 0.283619 0.779649 0.285779 0.791228 0.283134 0.799490 0.283331 0.800543 0.280687 0.808805 0.282062 0.816173 0.285395 0.819086 0.286032 0.818761 0.288532 0.820946 0.288728 0.821999 0.289562 0.822727 0.289758 0.823780 0.290591 0.824508 0.291180 0.827666 0.292013 0.828395 0.292406 0.830500 0.293240 0.831227 0.295203 0.841753 0.293441 0.847261 0.292803 0.847586 0.292363 0.848964 0.291726 0.849288 0.289963 0.854796 0.289326 0.855120 0.288885 0.856498 0.288248 0.856823 0.287808 0.858199 0.287171 0.858523 0.286289 0.861277
1 0.183522 0.699234 0.182689 0.698506 0.181414 0.699155 0.180581 0.698426 0.176759 0.700372 0.175926 0.699645 0.174652 0.700294 0.173819 0.699565 0.173182 0.699890 0.172348 0.699162 0.171711 0.699487 0.170878 0.698758 0.170241 0.699082 0.169407 0.698355 0.168771 0.698679 0.167937 0.697951 0.167301 0.698275 0.166467 0.697548 0.165193 0.698196 0.163526 0.696739 0.162889 0.697064 0.160389 0.694880 0.159752 0.695204 0.158919 0.694476 0.158723 0.693424 0.155389 0.690510 0.155193 0.689458 0.153526 0.688002 0.153330 0.686949 0.151663 0.685493 0.145380 0.651809 0.145821 0.650431 0.145428 0.648326 0.146310 0.645572 0.146114 0.644520 0.146554 0.643143 0.146357 0.642090 0.147680 0.637959 0.149590 0.636986 0.150031 0.635609 0.153216 0.633986 0.154049 0.634715 0.154686 0.634390 0.155520 0.635118 0.156157 0.634793 0.157823 0.636250 0.158461 0.635925 0.161794 0.638838 0.162431 0.638514 0.163264 0.639242 0.163460 0.640295 0.165127 0.641751 0.165716 0.644909 0.166550 0.645637 0.166746 0.646690 0.167579 0.647417 0.167775 0.648470 0.168608 0.649198 0.168805 0.650251 0.170472 0.651707 0.170668 0.652760 0.173168 0.654944 0.174442 0.654295 0.174883 0.652919 0.176157 0.652270 0.177038 0.649516 0.177676 0.649191 0.178116 0.647814 0.178753 0.647489 0.180075 0.643358 0.180712 0.643033 0.181152 0.641657 0.181789 0.641333 0.182230 0.639955 0.184141 0.638981 0.184582 0.637605 0.185415 0.638333 0.187963 0.637035 0.188796 0.637764 0.188992 0.638816 0.190660 0.640273 0.191296 0.639948 0.192963 0.641405 0.193600 0.641080 0.195267 0.642536 0.200764 0.672010 0.199002 0.677518 0.199198 0.678570 0.197435 0.684079 0.196799 0.684403 0.195918 0.687157 0.195280 0.687482 0.194839 0.688858 0.194203 0.689183 0.193762 0.690560 0.192488 0.691209 0.192047 0.692586 0.190136 0.693559 0.189696 0.694937 0.188421 0.695586 0.187981 0.696963
9 0.794216 0.095412 0.793383 0.094684 0.791472 0.095657 0.790639 0.094929 0.790002 0.095254 0.787501 0.093069 0.787109 0.090964 0.786276 0.090235 0.782741 0.071288 0.781074 0.069832 0.780878 0.068779 0.780045 0.068051 0.779408 0.068376 0.778575 0.067647 0.772841 0.070567 0.772401 0.071945 0.769216 0.073567 0.768383 0.072838 0.765835 0.074136 0.765002 0.073408 0.764561 0.074785 0.762649 0.075759 0.756759 0.044180 0.757397 0.043855 0.757837 0.042479 0.759112 0.041830 0.759992 0.039076 0.761266 0.038427 0.761707 0.037049 0.763618 0.036076 0.764059 0.034700 0.767881 0.032753 0.768322 0.031375 0.769595 0.030726 0.770036 0.029349 0.777043 0.025780 0.777876 0.026509 0.778513 0.026184 0.779347 0.026913 0.780620 0.026264 0.781454 0.026992 0.782728 0.026343 0.783561 0.027071 0.784199 0.026746 0.785032 0.027474 0.785669 0.027150 0.787335 0.028606 0.787972 0.028281 0.788169 0.029335 0.789835 0.030791 0.790473 0.030466 0.792972 0.032651 0.793168 0.033703 0.795669 0.035888 0.795865 0.036941 0.796698 0.037669 0.796895 0.038722 0.797728 0.039449 0.797925 0.040502 0.798758 0.041230 0.803078 0.064388 0.802196 0.067142 0.802785 0.070301 0.802344 0.071677 0.802541 0.072730 0.802100 0.074106 0.802297 0.075159 0.801855 0.076536 0.802052 0.077589 0.801171 0.080343 0.801367 0.081396 0.798723 0.089658 0.798086 0.089983 0.797205 0.092737 0.796568 0.093061 0.796127 0.094439
3 0.250485 0.598274 0.249651 0.597546 0.249014 0.597870 0.246515 0.595686 0.245877 0.596011 0.243377 0.593826 0.242741 0.594150 0.241907 0.593422 0.241710 0.592370 0.240877 0.591641 0.240681 0.590589 0.239848 0.589860 0.239651 0.588808 0.238817 0.588080 0.238425 0.585975 0.236759 0.584519 0.230279 0.549782 0.230720 0.548405 0.230327 0.546300 0.230767 0.544923 0.230375 0.542818 0.231697 0.538686 0.231501 0.537634 0.232382 0.534879 0.232186 0.533827 0.234389 0.526941 0.234193 0.525889 0.234829 0.525565 0.236152 0.521433 0.236788 0.521109 0.237230 0.519731 0.237866 0.519407 0.238747 0.516653 0.239384 0.516329 0.239825 0.514952 0.241099 0.514303 0.241540 0.512925 0.242814 0.512277 0.243254 0.510900 0.244529 0.510251 0.244969 0.508874 0.245802 0.509602 0.246243 0.508225 0.251976 0.505305 0.252809 0.506033 0.254084 0.505384 0.254917 0.506112 0.256827 0.505139 0.257661 0.505867 0.258935 0.505218 0.259768 0.505946 0.260406 0.505621 0.264921 0.529832 0.264480 0.531210 0.262570 0.532183 0.262129 0.533559 0.258944 0.535181 0.258111 0.534454 0.254926 0.536076 0.254485 0.537452 0.253848 0.537777 0.252526 0.541909 0.252722 0.542962 0.252282 0.544338 0.252478 0.545391 0.252037 0.546768 0.252430 0.548873 0.251990 0.550250 0.252579 0.553408 0.252138 0.554785 0.252531 0.556890 0.252090 0.558268 0.252924 0.558995 0.253316 0.561100 0.252875 0.562478 0.253071 0.563531 0.253905 0.564258 0.254494 0.567416 0.255327 0.568144 0.255524 0.569197 0.256357 0.569926 0.256553 0.570978 0.258220 0.572434 0.258857 0.572110 0.259054 0.573163 0.260720 0.574619 0.260916 0.575672 0.261750 0.576399 0.262928 0.582715 0.262487 0.584093 0.262683 0.585146 0.263517 0.585873 0.263076 0.587251 0.263272 0.588303 0.262832 0.589680 0.263028 0.590732 0.262588 0.592110
1 0.856141 0.681677 0.855307 0.680950 0.854671 0.681274 0.853837 0.680546 0.853200 0.680870 0.849033 0.677229 0.848837 0.676177 0.847171 0.674721 0.846974 0.673668 0.844474 0.671483 0.844278 0.670431 0.843445 0.669702 0.843248 0.668650 0.842414 0.667922 0.841778 0.668246 0.837654 0.646141 0.839417 0.640633 0.840691 0.639984 0.841572 0.637230 0.843483 0.636257 0.843924 0.634879 0.844561 0.634555 0.845002 0.633178 0.845639 0.632854 0.846079 0.631476 0.846717 0.631152 0.847550 0.631880 0.848824 0.631232 0.849264 0.629854 0.849902 0.629529 0.850735 0.630258 0.852009 0.629609 0.852842 0.630337 0.853479 0.630012 0.854312 0.630741 0.854508 0.631793 0.856176 0.633250 0.856812 0.632926 0.857646 0.633653 0.858282 0.633329 0.859116 0.634057 0.859753 0.633733 0.860193 0.632356 0.862105 0.631382 0.862986 0.628628 0.863623 0.628304 0.864945 0.624172 0.864748 0.623120 0.865189 0.621743 0.865826 0.621418 0.866267 0.620042 0.866070 0.618989 0.878810 0.612500 0.879203 0.614605 0.880037 0.615333 0.880233 0.616385 0.881066 0.617114 0.882637 0.625534 0.883470 0.626263 0.883667 0.627316 0.883226 0.628692 0.883423 0.629746 0.884256 0.630473 0.884452 0.631526 0.884012 0.632903 0.884797 0.637114 0.884357 0.638490 0.884553 0.639543 0.884112 0.640920 0.884504 0.643025 0.883623 0.645779 0.883820 0.646832 0.883379 0.648210 0.883576 0.649262 0.883134 0.650639 0.883331 0.651691 0.881128 0.658577 0.880491 0.658901 0.879169 0.663033 0.878532 0.663357 0.877210 0.667489 0.876573 0.667813 0.876132 0.669190 0.875495 0.669514 0.875055 0.670892 0.875251 0.671944
9 0.833991 0.850869 0.832325 0.849412 0.831688 0.849737 0.830854 0.849010 0.830217 0.849334 0.829384 0.848605 0.828746 0.848930 0.827080 0.847474 0.826443 0.847798 0.825610 0.847069 0.824973 0.847394 0.819139 0.842297 0.818943 0.841245 0.818110 0.840516 0.817913 0.839464 0.816247 0.838008 0.816051 0.836955 0.815217 0.836226 0.815021 0.835174 0.814187 0.834445 0.813991 0.833393 0.813158 0.832665 0.812961 0.831613 0.812128 0.830884 0.808594 0.811937 0.809034 0.810560 0.808838 0.809508 0.809279 0.808130 0.809082 0.807078 0.809524 0.805700 0.809327 0.804648 0.810208 0.801893 0.810012 0.800841 0.810893 0.798088 0.810696 0.797034 0.812018 0.792903 0.811822 0.791851 0.812459 0.791526 0.813781 0.787395 0.814419 0.787070 0.816622 0.780185 0.817258 0.779860 0.817699 0.778484 0.828528 0.772968 0.831028 0.775153 0.831666 0.774828 0.832499 0.775556 0.832695 0.776609 0.833528 0.777337 0.833921 0.779442 0.834754 0.780170 0.835539 0.784381 0.835099 0.785758 0.835295 0.786810 0.834855 0.788188 0.835248 0.790293 0.834807 0.791670 0.835003 0.792722 0.834366 0.793047 0.832603 0.798555 0.832800 0.799608 0.832359 0.800985 0.833341 0.806248 0.834174 0.806976 0.834567 0.809081 0.836234 0.810537 0.836823 0.813696 0.837656 0.814423 0.837852 0.815476 0.841186 0.818389 0.841822 0.818064 0.842656 0.818793 0.843293 0.818468 0.844126 0.819196 0.845400 0.818547 0.846234 0.819276 0.847507 0.818627 0.849174 0.820083 0.849811 0.819759 0.850008 0.820812 0.852508 0.822995 0.854079 0.831417 0.853637 0.832794 0.854030 0.834899 0.851827 0.841784
9 0.364532 0.951672 0.363699 0.950943 0.362425 0.951592 0.361591 0.950865 0.360955 0.951189 0.360121 0.950460 0.359485 0.950785 0.358651 0.950056 0.358014 0.950381 0.356347 0.948925 0.355710 0.949249 0.350710 0.944880 0.350514 0.943827 0.348014 0.941643 0.347817 0.940590 0.346984 0.939863 0.346788 0.938810 0.345121 0.937354 0.344924 0.936301 0.344091 0.935573 0.343306 0.931363 0.342473 0.930634 0.342080 0.928529 0.341247 0.927800 0.340854 0.925695 0.340020 0.924968 0.340462 0.923590 0.339284 0.917275 0.340165 0.914521 0.339968 0.913468 0.341731 0.907960 0.344916 0.906338 0.345749 0.907065 0.347660 0.906092 0.348493 0.906820 0.350404 0.905847 0.352071 0.907303 0.352708 0.906979 0.355208 0.909163 0.355405 0.910215 0.361237 0.915313 0.361875 0.914988 0.363541 0.916445 0.364178 0.916120 0.365012 0.916849 0.366922 0.915876 0.367756 0.916603 0.370941 0.914981 0.371382 0.913604 0.372019 0.913279 0.374222 0.906394 0.374026 0.905341 0.374466 0.903965 0.374270 0.902911 0.374711 0.901535 0.374514 0.900482 0.376717 0.893597 0.377355 0.893272 0.377795 0.891895 0.379706 0.890922 0.380540 0.891650 0.382451 0.890676 0.383284 0.891405 0.384558 0.890756 0.386225 0.892212 0.386861 0.891888 0.391574 0.917151 0.390937 0.917476 0.390496 0.918852 0.390693 0.919905 0.389811 0.922659 0.389174 0.922984 0.387412 0.928492 0.386775 0.928816 0.384571 0.935702 0.383934 0.936026 0.382612 0.940158 0.381338 0.940807 0.380458 0.943560
2 0.758230 0.044584 0.757397 0.043855 0.756122 0.044504 0.754456 0.043048 0.753182 0.043697 0.752348 0.042969 0.751712 0.043294 0.750878 0.042565 0.750241 0.042890 0.747741 0.040705 0.747104 0.041029 0.745438 0.039573 0.745241 0.038521 0.742741 0.036336 0.742545 0.035284 0.740045 0.033099 0.739848 0.032046 0.739015 0.031319 0.738622 0.029214 0.737789 0.028485 0.737593 0.027432 0.736759 0.026705 0.736562 0.025651 0.735729 0.024924 0.735337 0.022819 0.734504 0.022090 0.734307 0.021037 0.733474 0.020309 0.730529 0.004520 0.730969 0.003143 0.730184 0.000000 0.730624 0.000000 0.730232 0.000000 0.730672 0.000000 0.730279 0.000000 0.731161 0.000000 0.730965 0.000000 0.731405 0.000000 0.731209 0.000000 0.743312 0.000000 0.744145 0.000000 0.744538 0.000000 0.745371 0.000000 0.745567 0.000000 0.747234 0.000000 0.747431 0.000000 0.748264 0.000000 0.748460 0.000000 0.749294 0.000000 0.749687 0.000000 0.750520 0.000000 0.751109 0.000000 0.751942 0.000000 0.752139 0.000000 0.752972 0.000000 0.753609 0.000000 0.754442 0.000000 0.755079 0.000000 0.755912 0.000000 0.757187 0.000000 0.758020 0.000000 0.759293 0.000000 0.760961 0.000000 0.762235 0.000000 0.763068 0.000000 0.764342 0.000000 0.764783 0.000000 0.765420 0.000000 0.766301 0.000000 0.768849 0.000000 0.769290 0.000000 0.770564 0.000000 0.771397 0.000000 0.772033 0.000000 0.772867 0.000000 0.774141 0.000000 0.776641 0.000000 0.777278 0.000000 0.777474 0.000000 0.779141 0.000000 0.779338 0.000000 0.780171 0.000000 0.781153 0.002940 0.781986 0.003668 0.781545 0.005045 0.781742 0.006098 0.782575 0.006826 0.782771 0.007878 0.783604 0.008607 0.784193 0.011764 0.783753 0.013142 0.784342 0.016300 0.783901 0.017676 0.784098 0.018729 0.783217 0.021483 0.783413 0.022535 0.782972 0.023913 0.782335 0.024237 0.781454 0.026992 0.780817 0.027316 0.779495 0.031448 0.778858 0.031772 0.777977 0.034526
5 0.416661 0.412201 0.411661 0.407833 0.411024 0.408157 0.410191 0.407428 0.409995 0.406376 0.406661 0.403464 0.406465 0.402411 0.405632 0.401683 0.405436 0.400630 0.404601 0.399902 0.404405 0.398850 0.403572 0.398121 0.403376 0.397069 0.402543 0.396340 0.402150 0.394235 0.401317 0.393508 0.397586 0.373507 0.398027 0.372130 0.397830 0.371078 0.398271 0.369701 0.398075 0.368649 0.398515 0.367271 0.398318 0.366218 0.398760 0.364841 0.398563 0.363788 0.399885 0.359658 0.399688 0.358605 0.401451 0.353097 0.401255 0.352044 0.402136 0.349290 0.402773 0.348965 0.404977 0.342079 0.406251 0.341431 0.406691 0.340054 0.420068 0.333241 0.423401 0.336153 0.424039 0.335829 0.425705 0.337285 0.426342 0.336961 0.428009 0.338417 0.428402 0.340522 0.429235 0.341250 0.430217 0.346514 0.428454 0.352022 0.427180 0.352670 0.426299 0.355425 0.425025 0.356073 0.424584 0.357451 0.422673 0.358424 0.422233 0.359801 0.421595 0.360125 0.420714 0.362879 0.420078 0.363204 0.419196 0.365958 0.419392 0.367011 0.418952 0.368388 0.419345 0.370493 0.418903 0.371870 0.420670 0.381344 0.421504 0.382072 0.422093 0.385230 0.423760 0.386687 0.423956 0.387739 0.424790 0.388467 0.425575 0.392677 0.426409 0.393406 0.425968 0.394782 0.427735 0.404256 0.427294 0.405634 0.427490 0.406686
2 0.769831 0.488198 0.768164 0.486742 0.767527 0.487067 0.766693 0.486339 0.766056 0.486664 0.765223 0.485935 0.764586 0.486259 0.763753 0.485531 0.763115 0.485855 0.757283 0.480759 0.757086 0.479706 0.755419 0.478250 0.755223 0.477197 0.754390 0.476469 0.749481 0.450154 0.749921 0.448776 0.749529 0.446671 0.749969 0.445294 0.749773 0.444242 0.750214 0.442864 0.750018 0.441812 0.750458 0.440434 0.750262 0.439382 0.751143 0.436629 0.750947 0.435576 0.752269 0.431444 0.761824 0.426577 0.762020 0.427630 0.764520 0.429815 0.765109 0.432972 0.765943 0.433701 0.768299 0.446331 0.767857 0.447709 0.769035 0.454024 0.769869 0.454753 0.770506 0.454428 0.771339 0.455157 0.778347 0.451588 0.778787 0.450211 0.779425 0.449886 0.780306 0.447132 0.780942 0.446808 0.781824 0.444054 0.782461 0.443729 0.783783 0.439598 0.784420 0.439273 0.785301 0.436519 0.785938 0.436195 0.786379 0.434817 0.787653 0.434168 0.788094 0.432792 0.792552 0.430521 0.793386 0.431248 0.794023 0.430924 0.795690 0.432380 0.799028 0.450275 0.798586 0.451653 0.798979 0.453758 0.798098 0.456511 0.798294 0.457564 0.795210 0.467203 0.794573 0.467528 0.794132 0.468905 0.793495 0.469230 0.793054 0.470606 0.792418 0.470930 0.791536 0.473686 0.790262 0.474334 0.789822 0.475711 0.788547 0.476360 0.788107 0.477737 0.787469 0.478062 0.787029 0.479438
0 0.853961 0.273607 0.853127 0.272878 0.852931 0.271825 0.852097 0.271098 0.851704 0.268993 0.850871 0.268264 0.850086 0.264054 0.850526 0.262676 0.849544 0.257413 0.849986 0.256036 0.849789 0.254983 0.850230 0.253607 0.850034 0.252554 0.851356 0.248423 0.851159 0.247370 0.851600 0.245993 0.851404 0.244941 0.851844 0.243563 0.850666 0.237248 0.849833 0.236519 0.849244 0.233362 0.848411 0.232633 0.848018 0.230528 0.843851 0.226887 0.843214 0.227212 0.842381 0.226484 0.841744 0.226808 0.840077 0.225351 0.838165 0.226325 0.837332 0.225597 0.836696 0.225922 0.835862 0.225193 0.835226 0.225517 0.833559 0.224061 0.832922 0.224386 0.829588 0.221473 0.829392 0.220420 0.828558 0.219693 0.828166 0.217588 0.827332 0.216859 0.826547 0.212649 0.826987 0.211271 0.826202 0.207061 0.826643 0.205684 0.826447 0.204631 0.826887 0.203254 0.826691 0.202202 0.827131 0.200824 0.844331 0.192064 0.845164 0.192793 0.845801 0.192468 0.847468 0.193924 0.848104 0.193600 0.848938 0.194328 0.849575 0.194004 0.853742 0.197644 0.853938 0.198697 0.855605 0.200153 0.855802 0.201206 0.857468 0.202663 0.857664 0.203715 0.859331 0.205171 0.859528 0.206224 0.860361 0.206953 0.860557 0.208005 0.861390 0.208733 0.861586 0.209785 0.862420 0.210514 0.862812 0.212619 0.863645 0.213347 0.864234 0.216505 0.865068 0.217233 0.868603 0.236180 0.868161 0.237557 0.868750 0.240715 0.868310 0.242093 0.869095 0.246303 0.868655 0.247679 0.868851 0.248732 0.868411 0.250110 0.868803 0.252215 0.867481 0.256345 0.867678 0.257399 0.865033 0.265661 0.864396 0.265985 0.863516 0.268740
1 0.590289 0.557748 0.588622 0.556292 0.587985 0.556617 0.587152 0.555888 0.586514 0.556213 0.583181 0.553300 0.582985 0.552247 0.579651 0.549335 0.579455 0.548282 0.577789 0.546825 0.577396 0.544720 0.575729 0.543264 0.571409 0.520107 0.574494 0.510467 0.574298 0.509414 0.575179 0.506660 0.574982 0.505607 0.575864 0.502853 0.576501 0.502529 0.576942 0.501152 0.577579 0.500828 0.578019 0.499450 0.578656 0.499126 0.579538 0.496372 0.580175 0.496047 0.581056 0.493293 0.591248 0.488102 0.592081 0.488830 0.595903 0.486883 0.596344 0.485506 0.602714 0.482262 0.603547 0.482990 0.604821 0.482340 0.607321 0.484526 0.607958 0.484201 0.608792 0.484930 0.608988 0.485982 0.610655 0.487438 0.610851 0.488491 0.614184 0.491403 0.614380 0.492457 0.615214 0.493184 0.618552 0.511079 0.616789 0.516587 0.615515 0.517236 0.614634 0.519990 0.612723 0.520963 0.612282 0.522341 0.610371 0.523314 0.609538 0.522585 0.608901 0.522910 0.608067 0.522182 0.606156 0.523156 0.605323 0.522427 0.600227 0.525023 0.599787 0.526400 0.599150 0.526725 0.598709 0.528101 0.598072 0.528426 0.596750 0.532557 0.596946 0.533609 0.596505 0.534987 0.596898 0.537092 0.597731 0.537821 0.598713 0.543084 0.596510 0.549968 0.595873 0.550293 0.594111 0.555802
6 0.260195 0.949490 0.259803 0.947385 0.258969 0.946656 0.257595 0.939287 0.258035 0.937911 0.257250 0.933700 0.257690 0.932323 0.257298 0.930218 0.257739 0.928840 0.257543 0.927787 0.257983 0.926411 0.257787 0.925358 0.258668 0.922604 0.258471 0.921552 0.258912 0.920175 0.258716 0.919123 0.259157 0.917745 0.259794 0.917420 0.260234 0.916043 0.260038 0.914991 0.260479 0.913613 0.259890 0.910456 0.259056 0.909728 0.258663 0.907623 0.255330 0.904710 0.255133 0.903657 0.253467 0.902201 0.251896 0.893779 0.252337 0.892403 0.251944 0.890298 0.252385 0.888920 0.252188 0.887868 0.253070 0.885114 0.252874 0.884061 0.253510 0.883737 0.254392 0.880982 0.255029 0.880658 0.256351 0.876526 0.256988 0.876202 0.257869 0.873448 0.266787 0.868906 0.269287 0.871091 0.269924 0.870766 0.271591 0.872223 0.272227 0.871898 0.273894 0.873354 0.274091 0.874407 0.274924 0.875135 0.275120 0.876188 0.275954 0.876915 0.276151 0.877968 0.276984 0.878696 0.277180 0.879749 0.278013 0.880477 0.278406 0.882583 0.279239 0.883311 0.279435 0.884364 0.280268 0.885091 0.280661 0.887196 0.281495 0.887925 0.284440 0.903714 0.283999 0.905091 0.284195 0.906145 0.283755 0.907521 0.283951 0.908574 0.283070 0.911328 0.283267 0.912380 0.282826 0.913757 0.283022 0.914809 0.282581 0.916187 0.282778 0.917240 0.281455 0.921371 0.281652 0.922424 0.280331 0.926555 0.279693 0.926880 0.277931 0.932387 0.277293 0.932712 0.275531 0.938220 0.274894 0.938545 0.274013 0.941298 0.273376 0.941623 0.272935 0.943001
0 0.282466 1.000000 0.281633 1.000000 0.280996 1.000000 0.278496 1.000000 0.277859 1.000000 0.277026 1.000000 0.276388 1.000000 0.275555 1.000000 0.274918 1.000000 0.274722 1.000000 0.270554 1.000000 0.270358 1.000000 0.269525 1.000000 0.269329 1.000000 0.268495 1.000000 0.267859 1.000000 0.263735 1.000000 0.264176 1.000000 0.264813 1.000000 0.265694 1.000000 0.266968 1.000000 0.267409 1.000000 0.269320 1.000000 0.269761 1.000000 0.273582 1.000000 0.274416 1.000000 0.275052 1.000000 0.275886 1.000000 0.277160 1.000000 0.277994 1.000000 0.279267 1.000000 0.280101 1.000000 0.287108 1.000000 0.287548 1.000000 0.288823 1.000000 0.289656 1.000000 0.291567 1.000000 0.292400 1.000000 0.293037 1.000000 0.293870 1.000000 0.294508 1.000000 0.295341 1.000000 0.295537 1.000000 0.296370 1.000000 0.299119 1.000000 0.298238 1.000000 0.298434 1.000000 0.297553 1.000000 0.297749 1.000000 0.296868 1.000000 0.297064 1.000000 0.296623 1.000000 0.296820 1.000000 0.294616 1.000000 0.293980 1.000000 0.293539 1.000000 0.293736 1.000000 0.293294 1.000000
8 0.375217 0.298455 0.374383 0.297726 0.373990 0.295621 0.373157 0.294893 0.371586 0.286472 0.367419 0.282831 0.361049 0.286076 0.360216 0.285347 0.359579 0.285671 0.359139 0.287049 0.352768 0.290294 0.352328 0.291671 0.350417 0.292644 0.349976 0.294021 0.348065 0.294994 0.347625 0.296372 0.344440 0.297994 0.343607 0.297265 0.341695 0.298239 0.340862 0.297511 0.340225 0.297836 0.339392 0.297107 0.336054 0.279213 0.336691 0.278889 0.337132 0.277511 0.336935 0.276458 0.337376 0.275081 0.337180 0.274028 0.339383 0.267143 0.340019 0.266819 0.340901 0.264064 0.341538 0.263740 0.342419 0.260986 0.343056 0.260661 0.343497 0.259285 0.344134 0.258961 0.345015 0.256205 0.347563 0.254908 0.348004 0.253531 0.348641 0.253207 0.349081 0.251829 0.366280 0.243069 0.367113 0.243798 0.368388 0.243149 0.369221 0.243876 0.369858 0.243552 0.370692 0.244280 0.371965 0.243632 0.372799 0.244360 0.373436 0.244036 0.374269 0.244763 0.374906 0.244439 0.375739 0.245168 0.376377 0.244843 0.379710 0.247755 0.380347 0.247431 0.384513 0.251072 0.384710 0.252124 0.385544 0.252852 0.385740 0.253906 0.387406 0.255362 0.387602 0.256414 0.389270 0.257870 0.389662 0.259975 0.390495 0.260704 0.390888 0.262809 0.391721 0.263538 0.393685 0.274063 0.393244 0.275441 0.393637 0.277546 0.393197 0.278923 0.393589 0.281028 0.393148 0.282405 0.393344 0.283458 0.392463 0.286212 0.392660 0.287265 0.391778 0.290019
1 0.409556 0.086171 0.408722 0.085442 0.408086 0.085766 0.407252 0.085038 0.406615 0.085362 0.404115 0.083179 0.403478 0.083503 0.401812 0.082047 0.401174 0.082371 0.398675 0.080186 0.398038 0.080511 0.397204 0.079782 0.397008 0.078730 0.396174 0.078002 0.395978 0.076950 0.392645 0.074036 0.392448 0.072984 0.391615 0.072255 0.391419 0.071203 0.390585 0.070475 0.390389 0.069423 0.389555 0.068694 0.389359 0.067642 0.388526 0.066913 0.388330 0.065860 0.387497 0.065133 0.384551 0.049343 0.385432 0.046589 0.384647 0.042379 0.385087 0.041001 0.384891 0.039949 0.385332 0.038572 0.385136 0.037519 0.386458 0.033388 0.386262 0.032336 0.387142 0.029581 0.399882 0.023092 0.401550 0.024549 0.401746 0.025601 0.402579 0.026330 0.402775 0.027382 0.404442 0.028838 0.404638 0.029891 0.405472 0.030618 0.405668 0.031672 0.407335 0.033128 0.407531 0.034181 0.415031 0.040735 0.416305 0.040085 0.417138 0.040813 0.418412 0.040164 0.419246 0.040893 0.419883 0.040568 0.421549 0.042025 0.422187 0.041700 0.424687 0.043885 0.424883 0.044937 0.426549 0.046393 0.428709 0.057973 0.427828 0.060727 0.428025 0.061779 0.427583 0.063157 0.427780 0.064209 0.427339 0.065586 0.427536 0.066638 0.425773 0.072147 0.425969 0.073199 0.425332 0.073523 0.424010 0.077655 0.423374 0.077979 0.422933 0.079357
12 0.403950 0.676864 0.403116 0.676136 0.402479 0.676461 0.399979 0.674276 0.399783 0.673224 0.398950 0.672495 0.398753 0.671442 0.397920 0.670715 0.397724 0.669661 0.396891 0.668934 0.395124 0.659460 0.393456 0.658004 0.389635 0.659951 0.389193 0.661328 0.387283 0.662301 0.386842 0.663679 0.386205 0.664003 0.385765 0.665379 0.384491 0.666028 0.384050 0.667406 0.377680 0.670650 0.376846 0.669922 0.373025 0.671868 0.372192 0.671141 0.370917 0.671790 0.370084 0.671061 0.369447 0.671385 0.367780 0.669929 0.367143 0.670254 0.366310 0.669526 0.362776 0.650578 0.367182 0.636808 0.367819 0.636484 0.368260 0.635106 0.368897 0.634782 0.369338 0.633405 0.369974 0.633081 0.370415 0.631703 0.371052 0.631379 0.371493 0.630002 0.372130 0.629678 0.372571 0.628300 0.374482 0.627327 0.374922 0.625949 0.375559 0.625625 0.376392 0.626354 0.380852 0.624082 0.381292 0.622705 0.382125 0.623434 0.386584 0.621162 0.387418 0.621891 0.388692 0.621242 0.389525 0.621970 0.390799 0.621321 0.391633 0.622049 0.392906 0.621401 0.393740 0.622128 0.395650 0.621155 0.398151 0.623340 0.398788 0.623015 0.407954 0.631025 0.408151 0.632078 0.408984 0.632805 0.414285 0.661226 0.412964 0.665357 0.413160 0.666410 0.411838 0.670541 0.411201 0.670865 0.410761 0.672243 0.410123 0.672567 0.409683 0.673944
12 0.460039 0.921468 0.459842 0.920415 0.459008 0.919688 0.456460 0.920985 0.455627 0.920257 0.454990 0.920581 0.454157 0.919853 0.452883 0.920502 0.451216 0.919045 0.450579 0.919370 0.449746 0.918642 0.449109 0.918966 0.448275 0.918238 0.448079 0.917186 0.447246 0.916457 0.446609 0.916782 0.446413 0.915730 0.445579 0.915001 0.444942 0.915326 0.443276 0.913869 0.443079 0.912816 0.439746 0.909904 0.439353 0.907799 0.437687 0.906342 0.437490 0.905289 0.436657 0.904562 0.436460 0.903509 0.435627 0.902781 0.433271 0.890150 0.433711 0.888772 0.433122 0.885615 0.434004 0.882860 0.433808 0.881808 0.435130 0.877676 0.449143 0.870538 0.449340 0.871591 0.450173 0.872319 0.450369 0.873372 0.451203 0.874099 0.451596 0.876206 0.452429 0.876933 0.452822 0.879038 0.454488 0.880495 0.454684 0.881548 0.456351 0.883004 0.456988 0.882679 0.457821 0.883408 0.458458 0.883084 0.459292 0.883811 0.460566 0.883162 0.461400 0.883891 0.465858 0.881620 0.466740 0.878866 0.467377 0.878541 0.469580 0.871656 0.470216 0.871332 0.472420 0.864446 0.473057 0.864121 0.473497 0.862744 0.475409 0.861770 0.475849 0.860394 0.477124 0.859745 0.477957 0.860473 0.480505 0.859175 0.481338 0.859904 0.483249 0.858930 0.484916 0.860386 0.485553 0.860062 0.489872 0.883219 0.489236 0.883543 0.488794 0.884921 0.488991 0.885974 0.487668 0.890105 0.487865 0.891158 0.485221 0.899420 0.484585 0.899744 0.483703 0.902498 0.483066 0.902823 0.482185 0.905577 0.480911 0.906227 0.480030 0.908980 0.478756 0.909629 0.478315 0.911006 0.477041 0.911655 0.476600 0.913032
5 0.511000 0.573929 0.510167 0.573200 0.509529 0.573525 0.508696 0.572797 0.508059 0.573121 0.507226 0.572393 0.506589 0.572717 0.505755 0.571990 0.505118 0.572314 0.501785 0.569401 0.501148 0.569725 0.498648 0.567541 0.498452 0.566488 0.497619 0.565761 0.497422 0.564707 0.496588 0.563979 0.496392 0.562927 0.495559 0.562198 0.495362 0.561146 0.493696 0.559690 0.493303 0.557584 0.491636 0.556128 0.488102 0.537181 0.488543 0.535804 0.488150 0.533699 0.488591 0.532321 0.488199 0.530216 0.488639 0.528839 0.488246 0.526734 0.489127 0.523980 0.488931 0.522927 0.489372 0.521550 0.489176 0.520497 0.491819 0.512235 0.506470 0.504773 0.506667 0.505825 0.509167 0.508010 0.509363 0.509063 0.510196 0.509790 0.509756 0.511168 0.510934 0.517483 0.510052 0.520237 0.510249 0.521290 0.509808 0.522668 0.510201 0.524773 0.509319 0.527527 0.509712 0.529632 0.509271 0.531009 0.510105 0.531737 0.510497 0.533842 0.511331 0.534571 0.511920 0.537728 0.513586 0.539184 0.513783 0.540237 0.515450 0.541693 0.517361 0.540720 0.517802 0.539343 0.520986 0.537721 0.521427 0.536344 0.526523 0.533748 0.528190 0.535204 0.528827 0.534880 0.530494 0.536336 0.530690 0.537389 0.531523 0.538117 0.531916 0.540223 0.532749 0.540950 0.533338 0.544109 0.534171 0.544836 0.535546 0.552205 0.532902 0.560468 0.532265 0.560792 0.531824 0.562169 0.532020 0.563222
4 0.819661 0.620727 0.817995 0.619271 0.816721 0.619919 0.812554 0.616279 0.811917 0.616603 0.811721 0.615551 0.810887 0.614822 0.810691 0.613770 0.808191 0.611585 0.807994 0.610532 0.806327 0.609076 0.805149 0.602761 0.806471 0.598629 0.806275 0.597577 0.808038 0.592069 0.808675 0.591745 0.809116 0.590367 0.811027 0.589394 0.811467 0.588016 0.812104 0.587692 0.812937 0.588421 0.814212 0.587772 0.815045 0.588500 0.815682 0.588176 0.818182 0.590360 0.818819 0.590035 0.820486 0.591491 0.821123 0.591167 0.821956 0.591896 0.822593 0.591571 0.823426 0.592299 0.823867 0.590922 0.825778 0.589949 0.827541 0.584441 0.827344 0.583388 0.827785 0.582011 0.826999 0.577800 0.827440 0.576424 0.827047 0.574319 0.827488 0.572941 0.826506 0.567678 0.826947 0.566301 0.826554 0.564195 0.826995 0.562819 0.826799 0.561765 0.827239 0.560389 0.826847 0.558284 0.827288 0.556906 0.827091 0.555854 0.839194 0.549690 0.840028 0.550417 0.840224 0.551470 0.841057 0.552198 0.841842 0.556408 0.842676 0.557137 0.843265 0.560295 0.844098 0.561023 0.846454 0.573654 0.846014 0.575032 0.846406 0.577137 0.845966 0.578513 0.846358 0.580618 0.845918 0.581996 0.846114 0.583049 0.845673 0.584426 0.845869 0.585479 0.844989 0.588232 0.845381 0.590338 0.844941 0.591714 0.844303 0.592039 0.843863 0.593416 0.844059 0.594469 0.843177 0.597223 0.843374 0.598275 0.842933 0.599653 0.842296 0.599977 0.841856 0.601354 0.842052 0.602407 0.841415 0.602731 0.840093 0.606863 0.839456 0.607187 0.838575 0.609941 0.837938 0.610266 0.837498 0.611642
12 0.592246 0.385010 0.591413 0.384281 0.589502 0.385255 0.588668 0.384527 0.586758 0.385500 0.585925 0.384772 0.582783 0.367930 0.585330 0.366632 0.585772 0.365256 0.587683 0.364282 0.588123 0.362905 0.590671 0.361607 0.591552 0.358853 0.590374 0.352537 0.589541 0.351809 0.588559 0.346546 0.587726 0.345818 0.584388 0.327923 0.581055 0.325011 0.580858 0.323958 0.580025 0.323230 0.579633 0.321124 0.580513 0.318370 0.581150 0.318046 0.581591 0.316669 0.582228 0.316345 0.582669 0.314967 0.596045 0.308154 0.596242 0.309207 0.597076 0.309934 0.597713 0.309610 0.599379 0.311066 0.600016 0.310741 0.602516 0.312927 0.602712 0.313980 0.604379 0.315436 0.604576 0.316488 0.605409 0.317216 0.606046 0.316892 0.606242 0.317945 0.607076 0.318672 0.612770 0.349198 0.611888 0.351953 0.612085 0.353005 0.610762 0.357137 0.610959 0.358189 0.607434 0.369206 0.606797 0.369530 0.605475 0.373662 0.604838 0.373986 0.604397 0.375363 0.603123 0.376012 0.602683 0.377389 0.601408 0.378038 0.600968 0.379415 0.597146 0.381361 0.596705 0.382739
4 0.191691 0.810336 0.191494 0.809283 0.189827 0.807827 0.189238 0.804668 0.188405 0.803941 0.188209 0.802888 0.188649 0.801511 0.188257 0.799406 0.189138 0.796652 0.188745 0.794546 0.189186 0.793170 0.188793 0.791064 0.187960 0.790336 0.188401 0.788959 0.187812 0.785801 0.186978 0.785072 0.186782 0.784020 0.185115 0.782564 0.184919 0.781511 0.181585 0.778599 0.179674 0.779572 0.178841 0.778844 0.173745 0.781439 0.173305 0.782817 0.172031 0.783465 0.171590 0.784842 0.170953 0.785167 0.170512 0.786544 0.169238 0.787193 0.168797 0.788569 0.168161 0.788894 0.167327 0.788167 0.165416 0.789140 0.162916 0.786955 0.161542 0.779586 0.161982 0.778210 0.161590 0.776105 0.162471 0.773351 0.162275 0.772298 0.162715 0.770920 0.162519 0.769868 0.163400 0.767114 0.163204 0.766061 0.164526 0.761930 0.165162 0.761605 0.165604 0.760229 0.166241 0.759904 0.167122 0.757150 0.184957 0.748066 0.186624 0.749522 0.187261 0.749197 0.188928 0.750653 0.189565 0.750329 0.195399 0.755426 0.195595 0.756479 0.198095 0.758663 0.198292 0.759716 0.199125 0.760444 0.199517 0.762549 0.200351 0.763277 0.201136 0.767488 0.201969 0.768216 0.202558 0.771374 0.203391 0.772102 0.204373 0.777366 0.205207 0.778093 0.204766 0.779471 0.205944 0.785786 0.205503 0.787163 0.206092 0.790322 0.205652 0.791698 0.206045 0.793803 0.205604 0.795181 0.206193 0.798339 0.204871 0.802469 0.205067 0.803522
2 0.639261 0.278073 0.637594 0.276617 0.637398 0.275565 0.636565 0.274837 0.636172 0.272732 0.635339 0.272003 0.633964 0.264634 0.634405 0.263258 0.634209 0.262205 0.635089 0.259451 0.634893 0.258399 0.635334 0.257021 0.635971 0.256697 0.638615 0.248435 0.638418 0.247382 0.639740 0.243250 0.639544 0.242198 0.640426 0.239444 0.640230 0.238391 0.642433 0.231506 0.642236 0.230454 0.641403 0.229725 0.641207 0.228673 0.640374 0.227944 0.639736 0.228269 0.638903 0.227541 0.638707 0.226488 0.637040 0.225032 0.636403 0.225357 0.631403 0.220987 0.630766 0.221311 0.629932 0.220584 0.626748 0.222206 0.626307 0.223582 0.625474 0.222855 0.624200 0.223504 0.623218 0.218240 0.627625 0.204470 0.628262 0.204146 0.628702 0.202768 0.630613 0.201795 0.631054 0.200418 0.646978 0.192306 0.650312 0.195220 0.650949 0.194895 0.652616 0.196351 0.653252 0.196027 0.654086 0.196754 0.654283 0.197807 0.656782 0.199993 0.656978 0.201045 0.657812 0.201773 0.658008 0.202825 0.658842 0.203554 0.659038 0.204606 0.660704 0.206062 0.661097 0.208168 0.661931 0.208896 0.662128 0.209949 0.663794 0.211405 0.666543 0.226142 0.666102 0.227518 0.666495 0.229623 0.666054 0.231001 0.666643 0.234159 0.666202 0.235536 0.666399 0.236589 0.665958 0.237965 0.666154 0.239018 0.665714 0.240395 0.666107 0.242501 0.665665 0.243878 0.665862 0.244931 0.665421 0.246307 0.665618 0.247360 0.663855 0.252868 0.664051 0.253921 0.663170 0.256675 0.662533 0.257000 0.661212 0.261131 0.660575 0.261455 0.660133 0.262832 0.659497 0.263156 0.659056 0.264534 0.658419 0.264859 0.657538 0.267612 0.656901 0.267937 0.656460 0.269314
2 0.349644 0.823245 0.347145 0.821061 0.346507 0.821385 0.340674 0.816288 0.340478 0.815235 0.339645 0.814507 0.339449 0.813454 0.338614 0.812726 0.338418 0.811674 0.337585 0.810945 0.337389 0.809893 0.336556 0.809164 0.333021 0.790217 0.334344 0.786085 0.334147 0.785033 0.335028 0.782280 0.334832 0.781227 0.336594 0.775719 0.337231 0.775394 0.337672 0.774017 0.338309 0.773692 0.338750 0.772316 0.339387 0.771991 0.339827 0.770614 0.340465 0.770289 0.340905 0.768913 0.342179 0.768264 0.342620 0.766886 0.343893 0.766237 0.344335 0.764861 0.363444 0.755127 0.365111 0.756584 0.365748 0.756259 0.366581 0.756987 0.367218 0.756662 0.368052 0.757391 0.368689 0.757066 0.369522 0.757794 0.370159 0.757470 0.377658 0.764023 0.380800 0.780865 0.380163 0.781189 0.379282 0.783944 0.373550 0.786864 0.372716 0.786136 0.372079 0.786460 0.371246 0.785731 0.370608 0.786056 0.367275 0.783144 0.366638 0.783468 0.365805 0.782741 0.360072 0.785661 0.359632 0.787037 0.358357 0.787686 0.356154 0.794571 0.357921 0.804045 0.358754 0.804774 0.359932 0.811089 0.359492 0.812466 0.359688 0.813518 0.357926 0.819026
1 0.515340 0.503713 0.509507 0.498616 0.508870 0.498940 0.506370 0.496756 0.506173 0.495703 0.503674 0.493519 0.503477 0.492465 0.502644 0.491738 0.502447 0.490685 0.501614 0.489957 0.501418 0.488904 0.500584 0.488176 0.500388 0.487124 0.498722 0.485667 0.494991 0.465667 0.495432 0.464290 0.495236 0.463238 0.495676 0.461860 0.495480 0.460808 0.495920 0.459431 0.495724 0.458379 0.496164 0.457001 0.495968 0.455949 0.497290 0.451818 0.497927 0.451493 0.498809 0.448739 0.499445 0.448415 0.500327 0.445661 0.500964 0.445336 0.501404 0.443959 0.502041 0.443634 0.502482 0.442257 0.503119 0.441932 0.503560 0.440556 0.514388 0.435040 0.514585 0.436092 0.515419 0.436821 0.516055 0.436496 0.519389 0.439409 0.519978 0.442567 0.519537 0.443944 0.520323 0.448154 0.519882 0.449531 0.520471 0.452689 0.519590 0.455443 0.519786 0.456496 0.519149 0.456821 0.518267 0.459575 0.518464 0.460627 0.518023 0.462004 0.518220 0.463056 0.517779 0.464434 0.518172 0.466539 0.519005 0.467268 0.519201 0.468320 0.520035 0.469048 0.520231 0.470100 0.522731 0.472285 0.523368 0.471961 0.524202 0.472689 0.524839 0.472365 0.529005 0.476006 0.529201 0.477058 0.530035 0.477787 0.530231 0.478839 0.531064 0.479567 0.531457 0.481672 0.532291 0.482400 0.532683 0.484506 0.532242 0.485883 0.532439 0.486936 0.531998 0.488312 0.532391 0.490417 0.531510 0.493171 0.530872 0.493496 0.530432 0.494873 0.530628 0.495926
0 0.811606 0.394306 0.809938 0.392850 0.808665 0.393498 0.806165 0.391314 0.805968 0.390260 0.805135 0.389533 0.804939 0.388480 0.803272 0.387024 0.798167 0.359656 0.798607 0.358279 0.798411 0.357226 0.799293 0.354472 0.799096 0.353420 0.799978 0.350665 0.799782 0.349612 0.801103 0.345481 0.800907 0.344429 0.801348 0.343051 0.801985 0.342727 0.803306 0.338597 0.803944 0.338272 0.804384 0.336894 0.805021 0.336570 0.806343 0.332438 0.806980 0.332114 0.807420 0.330738 0.808058 0.330413 0.808498 0.329036 0.809135 0.328711 0.810017 0.325957 0.811290 0.325308 0.811732 0.323932 0.819375 0.320039 0.820209 0.320766 0.821482 0.320117 0.822316 0.320845 0.823590 0.320197 0.824423 0.320924 0.825697 0.320275 0.827364 0.321732 0.828000 0.321407 0.829668 0.322864 0.830304 0.322540 0.831972 0.323996 0.832608 0.323672 0.837124 0.347882 0.836487 0.348206 0.835165 0.352337 0.831344 0.354283 0.830510 0.353556 0.829236 0.354205 0.828403 0.353476 0.826492 0.354450 0.825658 0.353722 0.823748 0.354695 0.823307 0.356072 0.822033 0.356721 0.821592 0.358098 0.820955 0.358423 0.820074 0.361177 0.820270 0.362229 0.819389 0.364984 0.818752 0.365308 0.818311 0.366685 0.818507 0.367738 0.818067 0.369114 0.818460 0.371219 0.818018 0.372597 0.818607 0.375755 0.818167 0.377132 0.818560 0.379237 0.818119 0.380614 0.818512 0.382719 0.817630 0.385474 0.817827 0.386527 0.816946 0.389280 0.816309 0.389605 0.815868 0.390981 0.815231 0.391306 0.814790 0.392683
10 0.457650 0.635681 0.456816 0.634953 0.454905 0.635926 0.454071 0.635199 0.453435 0.635523 0.452601 0.634794 0.451965 0.635119 0.451131 0.634390 0.449857 0.635039 0.449024 0.634311 0.448827 0.633258 0.447994 0.632531 0.447357 0.632855 0.444024 0.629943 0.443827 0.628890 0.442161 0.627434 0.441964 0.626380 0.439464 0.624197 0.439268 0.623144 0.438435 0.622415 0.438238 0.621363 0.437404 0.620635 0.437208 0.619583 0.436375 0.618854 0.435786 0.615696 0.434953 0.614968 0.428670 0.581284 0.429551 0.578530 0.429354 0.577477 0.429796 0.576101 0.429599 0.575048 0.430040 0.573671 0.429843 0.572618 0.432046 0.565733 0.431850 0.564681 0.433613 0.559172 0.434249 0.558847 0.435131 0.556093 0.435768 0.555769 0.436209 0.554392 0.445764 0.549525 0.448264 0.551709 0.448460 0.552762 0.450126 0.554218 0.450519 0.556324 0.451353 0.557052 0.451942 0.560209 0.451501 0.561587 0.452679 0.567902 0.452238 0.569280 0.452631 0.571385 0.452191 0.572762 0.452387 0.573814 0.451947 0.575192 0.452536 0.578349 0.452095 0.579726 0.452928 0.580455 0.453517 0.583612 0.455184 0.585068 0.455380 0.586122 0.459547 0.589763 0.460184 0.589438 0.461017 0.590166 0.462292 0.589516 0.463125 0.590245 0.463762 0.589921 0.466262 0.592106 0.466899 0.591781 0.472396 0.621254 0.471759 0.621578 0.471319 0.622955 0.470681 0.623280 0.470241 0.624657 0.469604 0.624981 0.469164 0.626358 0.467889 0.627007 0.467449 0.628385 0.466811 0.628710 0.466371 0.630086 0.465734 0.630410 0.465294 0.631788
3 0.348264 1.000000 0.344097 1.000000 0.343460 1.000000 0.342627 1.000000 0.341990 1.000000 0.341157 1.000000 0.340520 1.000000 0.339686 1.000000 0.339049 1.000000 0.337382 1.000000 0.337186 1.000000 0.336353 1.000000 0.335960 1.000000 0.335127 1.000000 0.333752 1.000000 0.332086 1.000000 0.331449 1.000000 0.330615 1.000000 0.328704 1.000000 0.328264 1.000000 0.326990 1.000000 0.326549 1.000000 0.325912 1.000000 0.325472 1.000000 0.324197 1.000000 0.323757 1.000000 0.321209 1.000000 0.320768 1.000000 0.320132 1.000000 0.319690 1.000000 0.317779 1.000000 0.317339 1.000000 0.314154 1.000000 0.313713 1.000000 0.312439 1.000000 0.311606 1.000000 0.310331 1.000000 0.309498 1.000000 0.308225 1.000000 0.307392 1.000000 0.306754 1.000000 0.305088 1.000000 0.304450 1.000000 0.302784 1.000000 0.299642 1.000000 0.300083 1.000000 0.299886 1.000000 0.300327 1.000000 0.300131 1.000000 0.300572 1.000000 0.300375 1.000000 0.302138 1.000000 0.301942 1.000000 0.302382 1.000000 0.303019 1.000000 0.305223 1.000000 0.305860 1.000000 0.306300 1.000000 0.306937 1.000000 0.307377 1.000000 0.308015 1.000000 0.308455 1.000000 0.309092 1.000000 0.309533 1.000000 0.310170 1.000000 0.310611 1.000000 0.330995 1.000000 0.332661 1.000000 0.333298 1.000000 0.334965 1.000000 0.335601 1.000000 0.336436 1.000000 0.337072 1.000000 0.337906 1.000000 0.338543 1.000000 0.340209 1.000000 0.340846 1.000000 0.341679 1.000000 0.342317 1.000000 0.348984 1.000000 0.349180 1.000000 0.350013 1.000000 0.350209 1.000000 0.351876 1.000000 0.358159 1.000000 0.357278 1.000000 0.356641 1.000000 0.356201 1.000000 0.355563 1.000000 0.354682 1.000000 0.354045 1.000000 0.352723 1.000000
5 0.813400 0.661953 0.812567 0.661224 0.811930 0.661549 0.810264 0.660092 0.809626 0.660417 0.807960 0.658961 0.807323 0.659285 0.799823 0.652732 0.799626 0.651679 0.797960 0.650222 0.797764 0.649170 0.796097 0.647714 0.795900 0.646661 0.795067 0.645934 0.794871 0.644880 0.794038 0.644152 0.793449 0.640995 0.792615 0.640266 0.792223 0.638161 0.791389 0.637433 0.787658 0.617433 0.788100 0.616056 0.787903 0.615004 0.788344 0.613626 0.788147 0.612574 0.788588 0.611197 0.788391 0.610144 0.788832 0.608767 0.788636 0.607714 0.789076 0.606338 0.788880 0.605285 0.790643 0.599776 0.790447 0.598723 0.791768 0.594593 0.792406 0.594268 0.792846 0.592891 0.793483 0.592566 0.794364 0.589813 0.802645 0.585594 0.802842 0.586648 0.804508 0.588104 0.805293 0.592314 0.806127 0.593042 0.808876 0.607778 0.808435 0.609156 0.810398 0.619683 0.811232 0.620410 0.811625 0.622515 0.812458 0.623244 0.812654 0.624296 0.815154 0.626481 0.815792 0.626156 0.816625 0.626885 0.819810 0.625263 0.820643 0.625990 0.822554 0.625017 0.823388 0.625745 0.824025 0.625421 0.825691 0.626877 0.825887 0.627929 0.827554 0.629386 0.829910 0.642017 0.825944 0.654411 0.825307 0.654735 0.824867 0.656113
3 0.524016 0.180017 0.521516 0.177832 0.520879 0.178157 0.512545 0.170875 0.512349 0.169823 0.510682 0.168366 0.510486 0.167313 0.509653 0.166586 0.509456 0.165532 0.507789 0.164077 0.507397 0.161971 0.506564 0.161243 0.506367 0.160191 0.505534 0.159462 0.505141 0.157357 0.503474 0.155901 0.497780 0.125375 0.498221 0.123998 0.497828 0.121893 0.498269 0.120515 0.497680 0.117358 0.498121 0.115980 0.497925 0.114928 0.498365 0.113551 0.498168 0.112498 0.499491 0.108367 0.500128 0.108043 0.501009 0.105289 0.501646 0.104964 0.502528 0.102209 0.502331 0.101157 0.504094 0.095649 0.503898 0.094596 0.505659 0.089088 0.506297 0.088764 0.506737 0.087386 0.507374 0.087062 0.508256 0.084308 0.509530 0.083659 0.509970 0.082282 0.513156 0.080660 0.513596 0.079282 0.516144 0.077985 0.516585 0.076608 0.519770 0.074986 0.520603 0.075713 0.522514 0.074740 0.523348 0.075469 0.525259 0.074495 0.526092 0.075223 0.526729 0.074899 0.527562 0.075627 0.528200 0.075302 0.529033 0.076030 0.530943 0.075057 0.532610 0.076513 0.537519 0.102830 0.536882 0.103154 0.536441 0.104531 0.535167 0.105179 0.534727 0.106557 0.533452 0.107206 0.533012 0.108582 0.531738 0.109231 0.531297 0.110609 0.530023 0.111258 0.529582 0.112634 0.523849 0.115554 0.522968 0.118308 0.523361 0.120414 0.522921 0.121791 0.523117 0.122844 0.523950 0.123571 0.524539 0.126730 0.525372 0.127457 0.526354 0.132720 0.527187 0.133449 0.526747 0.134826 0.527580 0.135554 0.528954 0.142923 0.529787 0.143651 0.529984 0.144703 0.532484 0.146888 0.533122 0.146563 0.534788 0.148020 0.535425 0.147695 0.536258 0.148423 0.536895 0.148098 0.539396 0.150283 0.539592 0.151336 0.540425 0.152064 0.541407 0.157327 0.542240 0.158056 0.541799 0.159432 0.542389 0.162590 0.541948 0.163967 0.542144 0.165020 0.541703 0.166398 0.541899 0.167450 0.541459 0.168827 0.540822 0.169152 0.540381 0.170528 0.540577 0.171581
9 0.688137 0.495230 0.687304 0.494502 0.684756 0.495800 0.683922 0.495071 0.683286 0.495396 0.682453 0.494668 0.681816 0.494992 0.680982 0.494264 0.680345 0.494589 0.679512 0.493861 0.678874 0.494186 0.678041 0.493457 0.677404 0.493781 0.669904 0.487228 0.669708 0.486175 0.668874 0.485447 0.668678 0.484394 0.667845 0.483667 0.667648 0.482614 0.666815 0.481886 0.666619 0.480833 0.665786 0.480105 0.665589 0.479052 0.664756 0.478323 0.664363 0.476218 0.663530 0.475491 0.659603 0.454438 0.660044 0.453061 0.659259 0.448851 0.659699 0.447473 0.659503 0.446421 0.659943 0.445044 0.659747 0.443991 0.660187 0.442614 0.659991 0.441561 0.660873 0.438807 0.660676 0.437755 0.661117 0.436378 0.660920 0.435325 0.663565 0.427062 0.664201 0.426738 0.665964 0.421230 0.666601 0.420906 0.667041 0.419528 0.677233 0.414337 0.679734 0.416522 0.679930 0.417574 0.680763 0.418302 0.682137 0.425671 0.681256 0.428425 0.681453 0.429478 0.680131 0.433608 0.680327 0.434661 0.679887 0.436039 0.680083 0.437091 0.679643 0.438468 0.680035 0.440573 0.680868 0.441301 0.681065 0.442354 0.681898 0.443082 0.682291 0.445188 0.683957 0.446644 0.684153 0.447696 0.689987 0.452794 0.690623 0.452469 0.691457 0.453198 0.692094 0.452873 0.694594 0.455057 0.695231 0.454732 0.696064 0.455461 0.696702 0.455136 0.698368 0.456593 0.699642 0.455944 0.700476 0.456672 0.701113 0.456348 0.703613 0.458532 0.703809 0.459585 0.704642 0.460314 0.706998 0.472944 0.706558 0.474322 0.706951 0.476427 0.704747 0.483313 0.704110 0.483637 0.703669 0.485013 0.703033 0.485338 0.702592 0.486715 0.701955 0.487040 0.701514 0.488416
5 0.310499 0.205781 0.309666 0.205054 0.309029 0.205379 0.308195 0.204650 0.307558 0.204974 0.306725 0.204247 0.306088 0.204571 0.295254 0.195104 0.294862 0.192999 0.293196 0.191543 0.292999 0.190491 0.292165 0.189762 0.291773 0.187657 0.290939 0.186929 0.290547 0.184823 0.289714 0.184096 0.289125 0.180938 0.288291 0.180209 0.287506 0.175999 0.286672 0.175270 0.286279 0.173165 0.285446 0.172438 0.285054 0.170333 0.284220 0.169604 0.284024 0.168552 0.283190 0.167823 0.281620 0.159403 0.282501 0.156648 0.282108 0.154543 0.282549 0.153166 0.282353 0.152113 0.283234 0.149359 0.283038 0.148306 0.283478 0.146930 0.283282 0.145876 0.296659 0.139063 0.297493 0.139791 0.297689 0.140843 0.300188 0.143029 0.300385 0.144082 0.301218 0.144809 0.301414 0.145862 0.302248 0.146590 0.302641 0.148696 0.303474 0.149423 0.304652 0.155739 0.305485 0.156467 0.306074 0.159626 0.306907 0.160353 0.307300 0.162458 0.308134 0.163187 0.308527 0.165292 0.313526 0.169661 0.314164 0.169336 0.314997 0.170065 0.316271 0.169416 0.317105 0.170144 0.317742 0.169820 0.319408 0.171276 0.320045 0.170952 0.320878 0.171679 0.321075 0.172732 0.323574 0.174917 0.323771 0.175969 0.324605 0.176698 0.324801 0.177750 0.325634 0.178479 0.326027 0.180584 0.326860 0.181311 0.327449 0.184470 0.327009 0.185847 0.327597 0.189004 0.327157 0.190381 0.327353 0.191434 0.325150 0.198319
0 0.732072 0.412915 0.729572 0.410732 0.729376 0.409679 0.727709 0.408222 0.727513 0.407169 0.726680 0.406442 0.726287 0.404336 0.725453 0.403608 0.724864 0.400450 0.724031 0.399722 0.723638 0.397617 0.722805 0.396888 0.722168 0.397213 0.721334 0.396484 0.718150 0.398107 0.717709 0.399484 0.715798 0.400457 0.715358 0.401835 0.714721 0.402159 0.714279 0.403536 0.713643 0.403860 0.711440 0.410746 0.711636 0.411799 0.709873 0.417307 0.708599 0.417956 0.708158 0.419332 0.706247 0.420306 0.705414 0.419578 0.702866 0.420876 0.702033 0.420147 0.700759 0.420796 0.699092 0.419340 0.698455 0.419665 0.697622 0.418937 0.694284 0.401042 0.695166 0.398288 0.694773 0.396183 0.695654 0.393429 0.695457 0.392376 0.695899 0.390999 0.695702 0.389946 0.696143 0.388569 0.695946 0.387517 0.697709 0.382009 0.698346 0.381684 0.698786 0.380307 0.699423 0.379982 0.699864 0.378605 0.700501 0.378280 0.700942 0.376904 0.720689 0.366846 0.722356 0.368302 0.722993 0.367977 0.723826 0.368706 0.724463 0.368382 0.726130 0.369838 0.726766 0.369513 0.729267 0.371697 0.729903 0.371373 0.734903 0.375743 0.735099 0.376795 0.735933 0.377523 0.736130 0.378575 0.737796 0.380032 0.741526 0.400031 0.740646 0.402785 0.740842 0.403838 0.739960 0.406593 0.739323 0.406917 0.738442 0.409671
1 0.829680 0.689392 0.827180 0.687208 0.826983 0.686155 0.825316 0.684699 0.824679 0.685024 0.823013 0.683567 0.822375 0.683892 0.820709 0.682436 0.820513 0.681382 0.816345 0.677742 0.816149 0.676690 0.815316 0.675961 0.815120 0.674909 0.814286 0.674180 0.814090 0.673128 0.812424 0.671671 0.808104 0.648514 0.808545 0.647136 0.808152 0.645031 0.808593 0.643655 0.808003 0.640496 0.808444 0.639120 0.808248 0.638067 0.809129 0.635313 0.808933 0.634260 0.810696 0.628752 0.811332 0.628427 0.813095 0.622919 0.813732 0.622595 0.814172 0.621218 0.814810 0.620893 0.815691 0.618139 0.816328 0.617814 0.816769 0.616438 0.817406 0.616114 0.817846 0.614736 0.818483 0.614412 0.818924 0.613034 0.820198 0.612385 0.821079 0.609631 0.830634 0.604765 0.831468 0.605493 0.832104 0.605168 0.833771 0.606625 0.834408 0.606300 0.835242 0.607029 0.835878 0.606705 0.836712 0.607432 0.837349 0.607107 0.839015 0.608564 0.839652 0.608239 0.842986 0.611153 0.845735 0.625888 0.845097 0.626213 0.843775 0.630345 0.843138 0.630669 0.842698 0.632046 0.838239 0.634318 0.837798 0.635694 0.830154 0.639587 0.829714 0.640965 0.829077 0.641289 0.827315 0.646797 0.828296 0.652061 0.835796 0.658614 0.835992 0.659666 0.840159 0.663307 0.840355 0.664360 0.841188 0.665088 0.841385 0.666141 0.842218 0.666869 0.842414 0.667922 0.843248 0.668650 0.844034 0.672860 0.843592 0.674237 0.843789 0.675290 0.841145 0.683552
11 0.287233 0.410120 0.287037 0.409068 0.286203 0.408340 0.285566 0.408665 0.279733 0.403567 0.279340 0.401462 0.277673 0.400006 0.277477 0.398953 0.276644 0.398225 0.272717 0.377173 0.271884 0.376444 0.271687 0.375391 0.270854 0.374664 0.270217 0.374988 0.268550 0.373532 0.267913 0.373857 0.266247 0.372400 0.263699 0.373698 0.262865 0.372970 0.262228 0.373294 0.262031 0.372241 0.261198 0.371513 0.261002 0.370460 0.260169 0.369733 0.259972 0.368680 0.256639 0.365767 0.256246 0.363662 0.255413 0.362933 0.254432 0.357671 0.253598 0.356943 0.254039 0.355565 0.253057 0.350303 0.253498 0.348925 0.253105 0.346820 0.253545 0.345443 0.253153 0.343338 0.253593 0.341961 0.253397 0.340908 0.253837 0.339531 0.253445 0.337426 0.253886 0.336049 0.254523 0.335724 0.256726 0.328839 0.257362 0.328515 0.257804 0.327137 0.258440 0.326812 0.258881 0.325436 0.259519 0.325111 0.259959 0.323734 0.261233 0.323085 0.261674 0.321708 0.263584 0.320735 0.264026 0.319358 0.279313 0.311571 0.280980 0.313027 0.282891 0.312054 0.283724 0.312782 0.284361 0.312458 0.285195 0.313185 0.285832 0.312861 0.286665 0.313590 0.287302 0.313265 0.288136 0.313994 0.289409 0.313345 0.290242 0.314073 0.290880 0.313748 0.291713 0.314477 0.292350 0.314152 0.294016 0.315609 0.294654 0.315284 0.297153 0.317468 0.297791 0.317143 0.299457 0.318601 0.299653 0.319653 0.302154 0.321837 0.302350 0.322889 0.303183 0.323618 0.303379 0.324671 0.304213 0.325398 0.304606 0.327504 0.306272 0.328960 0.306469 0.330013 0.307302 0.330742 0.312996 0.361267 0.312115 0.364021 0.312704 0.367179 0.312263 0.368556 0.312460 0.369609 0.312018 0.370986 0.312215 0.372039 0.310894 0.376170 0.311090 0.377222 0.310208 0.379976 0.310404 0.381029 0.309768 0.381354 0.308005 0.386862 0.307367 0.387186 0.304724 0.395448 0.304087 0.395773 0.302765 0.399904 0.302128 0.400229 0.301246 0.402983
4 0.843668 0.760646 0.842835 0.759918 0.842197 0.760242 0.841364 0.759515 0.840090 0.760164 0.839256 0.759435 0.838620 0.759760 0.837786 0.759031 0.836512 0.759680 0.834846 0.758223 0.833571 0.758873 0.830238 0.755960 0.829601 0.756285 0.824601 0.751916 0.824404 0.750863 0.822738 0.749407 0.822542 0.748354 0.820042 0.746170 0.816115 0.725117 0.816556 0.723740 0.817193 0.723416 0.818074 0.720662 0.818711 0.720338 0.819152 0.718960 0.821063 0.717986 0.821504 0.716610 0.822777 0.715961 0.823610 0.716689 0.824248 0.716364 0.825081 0.717093 0.826992 0.716119 0.828658 0.717576 0.829296 0.717251 0.836796 0.723804 0.836992 0.724858 0.838659 0.726314 0.839295 0.725990 0.840129 0.726717 0.842040 0.725743 0.844243 0.718858 0.844047 0.717806 0.844928 0.715052 0.844732 0.713999 0.847816 0.704359 0.847620 0.703307 0.848257 0.702983 0.848697 0.701606 0.851245 0.700308 0.852079 0.701036 0.853991 0.700063 0.854824 0.700790 0.856097 0.700142 0.856930 0.700870 0.857568 0.700546 0.858401 0.701273 0.859038 0.700949 0.859872 0.701677 0.860509 0.701353 0.861342 0.702081 0.861538 0.703134 0.864871 0.706046 0.867228 0.718678 0.866787 0.720055 0.866983 0.721107 0.866542 0.722485 0.866739 0.723537 0.865417 0.727668 0.865613 0.728720 0.865173 0.730098 0.865370 0.731151 0.864928 0.732528 0.865125 0.733581 0.864684 0.734957 0.864880 0.736010 0.863999 0.738764 0.864195 0.739817 0.861552 0.748079 0.860915 0.748404 0.860474 0.749781 0.859837 0.750106 0.859396 0.751482 0.858759 0.751806 0.858318 0.753184
4 0.599846 0.231298 0.598179 0.229842 0.597542 0.230167 0.596708 0.229438 0.593960 0.214701 0.594596 0.214377 0.595037 0.213000 0.595675 0.212676 0.596115 0.211298 0.596752 0.210974 0.597192 0.209596 0.597829 0.209272 0.598270 0.207895 0.598907 0.207571 0.601110 0.200685 0.600914 0.199632 0.601354 0.198256 0.601158 0.197203 0.602040 0.194449 0.601843 0.193397 0.602284 0.192019 0.601106 0.185704 0.600272 0.184975 0.600076 0.183923 0.599243 0.183194 0.598605 0.183519 0.595273 0.180606 0.594635 0.180931 0.592969 0.179475 0.592773 0.178422 0.591939 0.177694 0.591546 0.175588 0.590713 0.174861 0.589338 0.167492 0.589779 0.166115 0.589583 0.165063 0.590024 0.163685 0.589828 0.162633 0.591150 0.158501 0.603252 0.152337 0.605752 0.154522 0.606389 0.154197 0.611389 0.158566 0.611586 0.159619 0.612419 0.160346 0.612615 0.161400 0.614282 0.162856 0.619387 0.190223 0.618506 0.192978 0.618702 0.194030 0.617820 0.196784 0.618017 0.197838 0.617576 0.199214 0.617772 0.200267 0.615129 0.208529 0.614492 0.208853 0.614051 0.210231 0.614247 0.211284 0.612485 0.216792 0.611848 0.217116 0.610526 0.221247 0.609252 0.221896 0.607930 0.226027 0.607293 0.226352 0.606852 0.227730
10 0.502993 1.000000 0.502159 1.000000 0.501522 1.000000 0.499856 1.000000 0.499218 1.000000 0.495885 0.997725 0.495100 0.993515 0.494267 0.992786 0.492107 0.981207 0.489607 0.979022 0.488970 0.979347 0.488137 0.978619 0.486862 0.979268 0.486029 0.978540 0.485392 0.978864 0.484559 0.978137 0.482011 0.979434 0.481177 0.978706 0.479904 0.979354 0.479463 0.980732 0.478189 0.981381 0.477748 0.982757 0.477111 0.983082 0.476230 0.985836 0.474319 0.986809 0.473878 0.988187 0.470057 0.990133 0.468390 0.988677 0.467753 0.989002 0.465253 0.986817 0.461522 0.966817 0.462404 0.964063 0.462207 0.963011 0.462648 0.961633 0.463285 0.961309 0.465047 0.955801 0.465684 0.955476 0.467006 0.951345 0.469554 0.950047 0.469995 0.948671 0.470632 0.948346 0.471073 0.946968 0.471710 0.946644 0.472150 0.945267 0.473424 0.944618 0.474257 0.945346 0.474894 0.945022 0.475335 0.943644 0.484890 0.938778 0.485724 0.939506 0.486997 0.938857 0.487831 0.939586 0.489105 0.938937 0.489938 0.939665 0.490575 0.939340 0.492242 0.940796 0.493516 0.940147 0.494349 0.940876 0.494986 0.940551 0.497486 0.942736 0.498123 0.942411 0.500624 0.944595 0.500820 0.945649 0.501653 0.946376 0.502290 0.946052 0.502486 0.947105 0.503319 0.947833 0.503712 0.949938 0.505379 0.951395 0.512055 0.987184 0.511614 0.988560 0.511811 0.989613 0.511369 0.990990 0.511566 0.992043 0.511125 0.993420 0.510489 0.993745 0.509166 0.997875 0.508530 0.998200 0.508088 0.999578
3 0.640145 0.611884 0.639949 0.610832 0.639115 0.610104 0.638526 0.606947 0.637693 0.606218 0.637104 0.603060 0.636271 0.602332 0.636074 0.601279 0.635241 0.600551 0.634456 0.596340 0.633622 0.595613 0.633426 0.594560 0.633867 0.593183 0.633033 0.592455 0.632837 0.591403 0.628670 0.587762 0.627396 0.588410 0.626562 0.587682 0.622741 0.589629 0.622301 0.591006 0.618478 0.592953 0.618038 0.594329 0.617205 0.593602 0.615930 0.594251 0.615097 0.593522 0.614460 0.593846 0.612793 0.592390 0.611519 0.593039 0.610686 0.592311 0.609412 0.592960 0.606912 0.590776 0.606275 0.591100 0.603775 0.588915 0.602204 0.580495 0.602841 0.580171 0.603282 0.578793 0.603086 0.577741 0.603966 0.574986 0.603770 0.573934 0.604652 0.571180 0.604456 0.570127 0.604896 0.568750 0.604503 0.566644 0.604944 0.565268 0.604747 0.564215 0.605189 0.562838 0.604992 0.561785 0.605873 0.559031 0.605481 0.556926 0.630960 0.543948 0.631794 0.544676 0.632430 0.544352 0.633264 0.545079 0.633901 0.544755 0.635568 0.546211 0.636205 0.545887 0.644538 0.553169 0.644734 0.554221 0.645568 0.554949 0.645765 0.556002 0.646598 0.556730 0.646990 0.558835 0.647824 0.559564 0.648216 0.561669 0.649050 0.562398 0.649246 0.563450 0.650079 0.564178 0.650275 0.565230 0.651109 0.565959 0.653662 0.579642 0.654495 0.580371 0.655673 0.586686 0.655233 0.588064 0.656214 0.593326 0.655773 0.594704 0.656607 0.595432 0.656803 0.596484 0.656362 0.597862 0.656755 0.599967 0.656314 0.601344 0.656707 0.603449
1 0.331130 0.529534 0.328630 0.527350 0.328434 0.526297 0.327601 0.525570 0.326423 0.519253 0.326863 0.517877 0.325685 0.511561 0.326125 0.510184 0.324947 0.503868 0.325388 0.502492 0.324210 0.496175 0.324651 0.494798 0.323817 0.494070 0.323621 0.493018 0.322788 0.492289 0.322151 0.492614 0.320484 0.491158 0.319210 0.491806 0.318377 0.491078 0.316466 0.492051 0.315632 0.491324 0.313721 0.492297 0.312887 0.491569 0.312251 0.491893 0.310584 0.490436 0.310388 0.489384 0.307055 0.486471 0.306858 0.485419 0.306025 0.484690 0.305240 0.480480 0.305680 0.479104 0.305484 0.478051 0.306365 0.475297 0.306168 0.474244 0.307931 0.468736 0.309206 0.468087 0.310086 0.465333 0.310723 0.465008 0.311164 0.463631 0.312438 0.462982 0.312879 0.461605 0.324345 0.455765 0.325178 0.456493 0.327726 0.455195 0.329393 0.456651 0.330667 0.456002 0.331500 0.456731 0.332774 0.456082 0.335274 0.458267 0.335911 0.457942 0.336744 0.458670 0.337381 0.458346 0.338215 0.459074 0.338411 0.460126 0.340078 0.461583 0.340715 0.461259 0.344049 0.464171 0.344245 0.465223 0.345911 0.466680 0.346108 0.467733 0.347775 0.469189 0.352291 0.493399 0.351849 0.494777 0.352046 0.495829 0.351605 0.497206 0.351802 0.498258 0.351361 0.499636 0.351557 0.500688 0.351117 0.502065 0.351314 0.503118 0.350432 0.505872 0.350628 0.506924 0.347543 0.516564 0.346906 0.516888 0.346466 0.518266 0.345828 0.518591 0.345388 0.519967 0.344751 0.520291 0.344311 0.521669 0.343673 0.521994 0.343233 0.523370
1 0.524469 0.713451 0.523636 0.712723 0.520451 0.714345 0.519618 0.713617 0.518344 0.714266 0.517511 0.713538 0.516874 0.713863 0.516041 0.713134 0.515403 0.713459 0.514570 0.712730 0.513933 0.713054 0.509766 0.709415 0.509129 0.709739 0.506629 0.707554 0.505992 0.707878 0.504326 0.706422 0.504129 0.705369 0.501629 0.703185 0.501236 0.701079 0.500403 0.700351 0.500207 0.699298 0.499374 0.698571 0.499177 0.697518 0.498344 0.696790 0.492453 0.665212 0.492894 0.663834 0.492698 0.662782 0.493138 0.661404 0.492942 0.660351 0.493383 0.658975 0.492990 0.656870 0.493872 0.654116 0.493675 0.653063 0.494116 0.651686 0.493919 0.650633 0.495241 0.646502 0.495878 0.646177 0.497641 0.640669 0.498278 0.640345 0.499600 0.636213 0.515525 0.628102 0.515917 0.630208 0.516750 0.630936 0.516947 0.631989 0.517781 0.632716 0.518566 0.636926 0.519399 0.637655 0.520381 0.642918 0.521214 0.643646 0.521410 0.644699 0.520970 0.646075 0.521755 0.650287 0.521315 0.651663 0.521511 0.652716 0.521070 0.654093 0.521266 0.655146 0.520826 0.656523 0.521022 0.657575 0.518819 0.664461 0.519016 0.665514 0.518575 0.666890 0.518772 0.667943 0.518330 0.669320 0.518527 0.670373 0.520194 0.671829 0.520390 0.672881 0.525390 0.677251 0.526027 0.676926 0.527693 0.678383 0.528330 0.678058 0.529163 0.678786 0.529801 0.678461 0.534513 0.703725 0.534072 0.705103 0.533435 0.705427 0.532995 0.706803 0.531721 0.707452 0.531280 0.708830 0.528732 0.710128 0.528291 0.711504
5 0.670113 0.364943 0.668935 0.358628 0.669375 0.357250 0.669179 0.356198 0.668346 0.355469 0.667560 0.351259 0.668001 0.349882 0.667168 0.349154 0.666971 0.348101 0.667412 0.346725 0.666823 0.343567 0.670348 0.332551 0.670151 0.331497 0.670592 0.330121 0.670396 0.329068 0.672599 0.322182 0.672403 0.321130 0.674606 0.314245 0.691805 0.305484 0.692002 0.306536 0.693668 0.307993 0.693864 0.309046 0.694697 0.309775 0.695090 0.311880 0.695924 0.312607 0.696906 0.317870 0.697739 0.318599 0.697935 0.319651 0.697495 0.321028 0.698280 0.325239 0.697839 0.326616 0.698232 0.328722 0.697351 0.331475 0.697547 0.332527 0.696665 0.335282 0.696862 0.336335 0.695540 0.340466 0.695737 0.341518 0.694855 0.344272 0.694218 0.344596 0.693337 0.347352 0.692700 0.347676 0.691378 0.351806 0.690741 0.352131 0.690300 0.353508 0.689663 0.353833 0.689223 0.355209
9 0.299718 0.697681 0.298051 0.696225 0.296777 0.696874 0.295110 0.695417 0.294473 0.695741 0.288640 0.690644 0.288248 0.688539 0.287414 0.687812 0.287217 0.686758 0.286384 0.686031 0.286188 0.684978 0.284521 0.683522 0.279219 0.655101 0.279661 0.653723 0.279464 0.652671 0.279905 0.651294 0.279709 0.650242 0.280149 0.648864 0.279952 0.647811 0.280394 0.646435 0.280197 0.645382 0.281519 0.641251 0.281322 0.640198 0.283085 0.634690 0.283722 0.634366 0.284604 0.631612 0.284407 0.630559 0.285044 0.630234 0.285926 0.627480 0.286563 0.627156 0.287444 0.624402 0.288081 0.624077 0.288962 0.621323 0.289600 0.620999 0.290040 0.619621 0.290677 0.619297 0.291117 0.617920 0.292392 0.617271 0.292832 0.615894 0.294106 0.615245 0.294547 0.613867 0.298368 0.611921 0.299202 0.612649 0.301113 0.611676 0.301947 0.612404 0.304494 0.611107 0.306161 0.612563 0.306798 0.612239 0.310921 0.634344 0.310284 0.634668 0.309844 0.636045 0.307933 0.637018 0.307492 0.638395 0.306218 0.639045 0.305777 0.640421 0.304504 0.641070 0.304063 0.642447 0.303426 0.642772 0.302985 0.644148 0.303182 0.645201 0.302741 0.646578 0.303330 0.649736 0.302889 0.651114 0.303085 0.652166 0.302645 0.653543 0.303823 0.659858 0.304656 0.660587 0.304852 0.661639 0.305686 0.662368 0.305883 0.663421 0.308382 0.665605 0.308578 0.666658 0.309412 0.667385 0.309609 0.668438 0.311275 0.669894 0.312649 0.677263 0.312209 0.678639 0.312994 0.682851 0.312554 0.684227 0.313339 0.688438 0.312458 0.691192
12 0.184109 1.000000 0.183276 1.000000 0.183079 1.000000 0.182246 1.000000 0.181609 1.000000 0.180776 1.000000 0.180139 1.000000 0.179305 1.000000 0.179109 1.000000 0.177443 1.000000 0.176657 1.000000 0.175823 1.000000 0.175234 1.000000 0.175676 1.000000 0.175283 1.000000 0.175723 1.000000 0.174938 1.000000 0.175378 0.999606 0.175182 0.998554 0.175623 0.997176 0.175427 0.996123 0.176308 0.993369 0.176945 0.993045 0.177385 0.991669 0.178023 0.991344 0.178463 0.989966 0.182922 0.987695 0.183363 0.986319 0.184637 0.985670 0.185959 0.981538 0.184977 0.976275 0.185418 0.974898 0.184829 0.971740 0.185269 0.970363 0.184681 0.967206 0.185121 0.965828 0.184288 0.965099 0.183895 0.962994 0.184336 0.961618 0.184139 0.960565 0.183306 0.959837 0.183110 0.958784 0.183550 0.957408 0.183354 0.956355 0.182521 0.955626 0.180950 0.947206 0.180117 0.946477 0.179135 0.941215 0.179576 0.939837 0.178986 0.936679 0.179427 0.935303 0.179231 0.934250 0.179671 0.932873 0.179475 0.931820 0.189667 0.926629 0.191334 0.928085 0.191530 0.929138 0.192363 0.929866 0.193000 0.929541 0.198001 0.933911 0.198197 0.934963 0.200697 0.937147 0.201090 0.939253 0.202756 0.940709 0.203149 0.942814 0.203982 0.943543 0.204767 0.947753 0.205601 0.948481 0.206387 0.952692 0.205505 0.955446 0.205701 0.956499 0.205261 0.957875 0.205457 0.958928 0.204575 0.961682 0.205753 0.967998 0.208254 0.970183 0.208450 0.971236 0.209283 0.971963 0.210461 0.978279 0.210021 0.979656 0.210413 0.981761 0.209973 0.983139 0.210169 0.984191 0.209729 0.985568 0.209925 0.986620 0.209484 0.987998 0.209877 0.990103 0.209436 0.991480 0.209633 0.992532 0.209192 0.993910 0.209388 0.994962 0.208507 0.997716 0.208703 0.998769 0.207381 1.000000 0.206744 1.000000 0.205863 1.000000 0.205226 1.000000 0.204785 1.000000 0.204148 1.000000 0.203267 1.000000 0.202630 1.000000 0.202189 1.000000 0.202386 1.000000 0.201945 1.000000
10 0.770270 0.318540 0.769436 0.317811 0.768800 0.318135 0.767966 0.317408 0.766692 0.318057 0.765859 0.317328 0.764585 0.317977 0.762917 0.316521 0.762721 0.315468 0.761888 0.314740 0.761692 0.313687 0.762132 0.312311 0.761739 0.310205 0.762181 0.308828 0.761347 0.308100 0.761150 0.307048 0.760317 0.306319 0.759728 0.303161 0.758895 0.302433 0.758699 0.301380 0.759139 0.300004 0.758747 0.297898 0.760069 0.293767 0.759872 0.292714 0.760313 0.291337 0.760950 0.291013 0.761391 0.289635 0.762028 0.289311 0.762468 0.287934 0.763106 0.287610 0.763546 0.286232 0.766731 0.284610 0.767613 0.281856 0.767220 0.279751 0.767660 0.278373 0.766827 0.277646 0.766435 0.275541 0.763100 0.272628 0.762904 0.271576 0.762071 0.270847 0.761434 0.271171 0.760601 0.270443 0.759964 0.270768 0.758297 0.269312 0.757660 0.269636 0.755993 0.268179 0.755356 0.268503 0.753689 0.267047 0.753493 0.265995 0.752660 0.265267 0.752464 0.264215 0.751630 0.263486 0.750649 0.258223 0.751089 0.256846 0.750696 0.254741 0.751137 0.253364 0.750941 0.252312 0.751822 0.249556 0.752459 0.249232 0.753341 0.246478 0.770539 0.237718 0.773039 0.239903 0.773677 0.239578 0.777843 0.243219 0.778040 0.244271 0.779706 0.245728 0.779902 0.246781 0.780736 0.247509 0.780933 0.248561 0.781766 0.249290 0.781962 0.250342 0.782795 0.251070 0.782991 0.252122 0.783825 0.252851 0.784021 0.253903 0.785688 0.255360 0.790204 0.279571 0.789764 0.280947 0.789960 0.282000 0.789519 0.283377 0.789715 0.284430 0.788834 0.287184 0.789030 0.288236 0.788590 0.289613 0.788786 0.290666 0.785702 0.300306 0.785065 0.300630 0.784183 0.303384 0.783546 0.303709 0.782224 0.307839 0.780313 0.308813 0.779872 0.310190 0.779236 0.310515 0.778795 0.311892 0.776884 0.312866 0.776443 0.314242 0.775169 0.314891 0.774729 0.316268
12 0.689563 0.835681 0.687896 0.834225 0.687259 0.834550 0.686425 0.833821 0.685788 0.834146 0.679122 0.828321 0.678925 0.827268 0.678092 0.826540 0.677896 0.825487 0.677062 0.824758 0.676866 0.823706 0.676032 0.822978 0.675836 0.821926 0.675003 0.821197 0.671665 0.803303 0.672105 0.801926 0.671713 0.799821 0.670879 0.799092 0.670683 0.798040 0.671565 0.795286 0.671172 0.793181 0.672935 0.787672 0.674208 0.787023 0.675875 0.788479 0.676464 0.791637 0.678131 0.793093 0.678768 0.792769 0.679602 0.793497 0.680238 0.793173 0.681071 0.793901 0.681709 0.793576 0.683375 0.795033 0.684012 0.794709 0.684845 0.795437 0.686120 0.794788 0.686953 0.795516 0.688227 0.794867 0.689060 0.795595 0.692882 0.793648 0.693323 0.792272 0.694597 0.791623 0.695038 0.790245 0.695675 0.789921 0.696556 0.787167 0.696359 0.786114 0.696800 0.784737 0.696015 0.780527 0.696456 0.779149 0.695867 0.775991 0.695033 0.775264 0.694051 0.770001 0.693218 0.769272 0.691451 0.759798 0.693654 0.752914 0.703846 0.747723 0.705513 0.749179 0.706150 0.748854 0.708650 0.751038 0.708846 0.752091 0.711347 0.754276 0.711543 0.755328 0.712376 0.756057 0.712572 0.757109 0.713405 0.757837 0.713602 0.758889 0.714435 0.759618 0.714631 0.760671 0.715465 0.761399 0.719981 0.785609 0.719540 0.786987 0.719933 0.789092 0.719492 0.790468 0.719885 0.792573 0.719444 0.793951 0.719641 0.795004 0.719200 0.796380 0.719397 0.797433 0.718956 0.798810 0.719153 0.799863 0.718271 0.802617 0.718467 0.803669 0.715382 0.813309 0.714745 0.813633 0.713865 0.816388 0.713227 0.816713 0.712346 0.819466 0.711709 0.819791 0.711268 0.821167 0.710631 0.821492 0.710191 0.822869 0.708916 0.823518 0.708036 0.826272
6 0.384430 0.134699 0.383596 0.133971 0.382959 0.134295 0.382126 0.133568 0.380852 0.134216 0.380019 0.133488 0.379381 0.133813 0.378548 0.133085 0.377912 0.133409 0.377078 0.132680 0.376441 0.133005 0.375608 0.132278 0.374971 0.132602 0.369137 0.127505 0.368941 0.126452 0.368108 0.125724 0.367911 0.124671 0.367078 0.123942 0.366882 0.122890 0.366048 0.122162 0.361728 0.099005 0.362610 0.096250 0.362414 0.095197 0.362854 0.093821 0.362658 0.092768 0.363980 0.088636 0.363784 0.087584 0.366868 0.077945 0.373238 0.074700 0.378238 0.079069 0.378434 0.080122 0.379268 0.080849 0.380446 0.087166 0.380005 0.088543 0.380790 0.092754 0.381624 0.093481 0.382213 0.096639 0.388880 0.102464 0.393976 0.099868 0.394416 0.098492 0.395053 0.098168 0.395493 0.096790 0.396768 0.096141 0.397208 0.094765 0.401031 0.092818 0.401864 0.093546 0.402501 0.093221 0.403334 0.093950 0.403530 0.095002 0.405197 0.096459 0.407161 0.106985 0.406279 0.109739 0.406475 0.110792 0.406035 0.112168 0.406231 0.113221 0.404469 0.118729 0.403832 0.119054 0.403391 0.120431 0.402755 0.120755 0.402313 0.122132 0.401040 0.122781 0.400598 0.124159 0.399962 0.124483 0.399521 0.125859 0.398884 0.126184 0.398443 0.127562
0 0.434654 0.927481 0.434458 0.926429 0.433625 0.925700 0.433232 0.923595 0.432399 0.922867 0.432203 0.921814 0.429702 0.919630 0.429506 0.918578 0.424506 0.914208 0.423869 0.914533 0.422202 0.913077 0.421565 0.913401 0.420732 0.912673 0.420095 0.912998 0.419261 0.912269 0.415439 0.914216 0.414999 0.915593 0.413725 0.916242 0.412844 0.918996 0.412207 0.919320 0.411766 0.920697 0.411962 0.921750 0.411081 0.924504 0.411474 0.926609 0.410152 0.930741 0.410348 0.931793 0.409711 0.932117 0.408830 0.934872 0.408193 0.935197 0.407752 0.936573 0.403930 0.938520 0.403097 0.937792 0.401823 0.938441 0.396915 0.912126 0.398677 0.906617 0.398481 0.905565 0.398921 0.904187 0.398725 0.903135 0.400487 0.897626 0.401124 0.897302 0.401565 0.895925 0.402202 0.895601 0.402643 0.894223 0.403916 0.893575 0.404798 0.890820 0.422634 0.881736 0.423467 0.882464 0.424104 0.882140 0.424938 0.882867 0.425575 0.882543 0.426408 0.883272 0.427045 0.882947 0.428712 0.884403 0.429349 0.884079 0.431849 0.886264 0.432486 0.885939 0.433319 0.886667 0.433515 0.887720 0.435182 0.889176 0.435378 0.890228 0.439545 0.893869 0.439741 0.894922 0.441408 0.896379 0.441604 0.897431 0.442438 0.898159 0.442634 0.899212 0.443467 0.899940 0.443860 0.902045 0.444693 0.902774 0.444889 0.903826 0.445723 0.904554 0.445919 0.905606 0.446753 0.906335 0.447538 0.910545 0.447097 0.911923 0.447686 0.915081 0.447246 0.916457 0.447442 0.917510 0.446561 0.920264 0.446757 0.921316
7 0.847840 0.289403 0.844506 0.286490 0.844310 0.285438 0.843477 0.284709 0.843280 0.283657 0.842446 0.282929 0.841465 0.277665 0.840632 0.276938 0.840239 0.274833 0.840679 0.273455 0.840090 0.270297 0.839257 0.269569 0.838275 0.264306 0.837442 0.263577 0.837049 0.261472 0.833716 0.258560 0.833079 0.258884 0.832246 0.258157 0.830972 0.258806 0.830138 0.258077 0.829501 0.258402 0.825335 0.254761 0.821604 0.234760 0.822241 0.234436 0.822682 0.233059 0.823319 0.232735 0.823759 0.231358 0.824396 0.231033 0.824837 0.229657 0.825474 0.229332 0.826307 0.230060 0.828218 0.229086 0.828659 0.227710 0.829296 0.227386 0.830129 0.228113 0.833314 0.226491 0.834148 0.227219 0.836696 0.225922 0.837529 0.226649 0.838803 0.226000 0.839636 0.226729 0.840273 0.226405 0.841107 0.227133 0.842381 0.226484 0.843214 0.227212 0.844488 0.226563 0.846154 0.228019 0.846791 0.227695 0.848458 0.229151 0.849095 0.228826 0.850762 0.230283 0.850959 0.231335 0.852625 0.232792 0.852821 0.233845 0.855321 0.236030 0.855714 0.238135 0.857381 0.239591 0.861504 0.261696 0.861063 0.263073 0.861456 0.265178 0.861015 0.266555 0.861212 0.267607 0.860330 0.270363 0.860526 0.271415 0.860086 0.272792 0.860282 0.273844 0.858961 0.277975 0.858323 0.278300 0.856561 0.283808 0.855924 0.284132 0.855483 0.285510
4 0.291793 1.000000 0.289293 1.000000 0.286151 1.000000 0.286789 1.000000 0.288110 1.000000 0.287914 1.000000 0.289236 1.000000 0.289040 1.000000 0.289480 1.000000 0.289284 1.000000 0.289724 1.000000 0.288939 1.000000 0.289380 1.000000 0.288202 1.000000 0.287368 1.000000 0.287172 1.000000 0.284672 1.000000 0.284476 1.000000 0.281143 1.000000 0.280946 1.000000 0.279279 1.000000 0.278101 1.000000 0.278543 1.000000 0.277757 1.000000 0.278198 1.000000 0.277805 1.000000 0.278245 1.000000 0.278049 1.000000 0.278931 0.997578 0.278734 0.996525 0.292748 0.989387 0.293581 0.990116 0.294218 0.989791 0.295052 0.990519 0.295688 0.990194 0.297356 0.991651 0.297993 0.991327 0.303826 0.996424 0.304022 0.997476 0.305689 0.998933 0.305885 0.999986 0.306718 1.000000 0.306915 1.000000 0.308582 1.000000 0.313294 1.000000 0.312853 1.000000 0.313050 1.000000 0.312608 1.000000 0.313001 1.000000 0.312561 1.000000 0.312757 1.000000 0.312317 1.000000 0.312906 1.000000 0.309821 1.000000 0.309184 1.000000 0.306540 1.000000 0.305903 1.000000 0.305463 1.000000 0.304825 1.000000 0.304384 1.000000 0.303748 1.000000 0.303307 1.000000 0.302670 1.000000 0.302229 1.000000 0.301592 1.000000 0.300711 1.000000
1 0.340627 0.819769 0.337293 0.816857 0.336656 0.817182 0.335823 0.816454 0.335626 0.815401 0.331460 0.811760 0.331263 0.810708 0.328763 0.808523 0.328567 0.807470 0.326900 0.806013 0.326704 0.804961 0.325037 0.803505 0.318558 0.768769 0.318998 0.767392 0.318605 0.765286 0.319487 0.762532 0.319291 0.761480 0.321494 0.754594 0.321297 0.753541 0.323942 0.745279 0.324579 0.744955 0.325460 0.742201 0.326097 0.741876 0.326538 0.740499 0.327174 0.740174 0.328055 0.737421 0.328693 0.737096 0.329133 0.735719 0.329770 0.735395 0.330211 0.734018 0.330848 0.733693 0.331289 0.732316 0.333200 0.731342 0.333640 0.729966 0.336825 0.728344 0.337266 0.726966 0.340451 0.725344 0.340892 0.723967 0.343440 0.722669 0.343880 0.721292 0.344713 0.722021 0.346624 0.721047 0.348291 0.722503 0.348928 0.722179 0.356389 0.762178 0.355752 0.762502 0.355312 0.763880 0.354674 0.764204 0.354234 0.765581 0.351686 0.766879 0.351246 0.768256 0.349971 0.768905 0.349531 0.770282 0.348894 0.770606 0.346250 0.778869 0.346839 0.782027 0.346398 0.783404 0.346791 0.785509 0.346350 0.786886 0.347528 0.793202 0.347088 0.794579 0.347481 0.796684 0.347039 0.798061 0.347432 0.800167 0.346992 0.801543 0.347384 0.803649 0.346944 0.805026 0.347533 0.808183 0.347092 0.809561 0.347484 0.811666 0.346603 0.814420 0.346800 0.815473 0.346359 0.816849
3 0.368631 0.562302 0.367796 0.561574 0.366523 0.562223 0.365690 0.561495 0.364415 0.562144 0.363582 0.561416 0.362945 0.561740 0.362112 0.561012 0.361475 0.561337 0.360642 0.560608 0.360005 0.560933 0.356671 0.558020 0.356034 0.558345 0.353534 0.556160 0.348822 0.530898 0.350733 0.529924 0.351174 0.528547 0.351811 0.528222 0.352644 0.528951 0.353918 0.528302 0.355584 0.529758 0.356222 0.529434 0.357055 0.530161 0.364699 0.526268 0.366021 0.522137 0.365825 0.521084 0.366706 0.518330 0.366509 0.517277 0.365676 0.516550 0.366117 0.515172 0.365724 0.513067 0.366164 0.511690 0.365968 0.510638 0.365135 0.509909 0.365576 0.508532 0.365183 0.506427 0.365624 0.505050 0.365231 0.502944 0.365672 0.501567 0.365476 0.500515 0.367238 0.495007 0.368512 0.494358 0.369393 0.491603 0.370030 0.491279 0.370471 0.489902 0.370274 0.488849 0.372037 0.483341 0.376496 0.481070 0.377329 0.481799 0.377967 0.481474 0.380466 0.483658 0.380663 0.484711 0.382330 0.486167 0.382526 0.487220 0.384192 0.488676 0.390475 0.522360 0.390035 0.523737 0.390231 0.524790 0.389791 0.526166 0.390183 0.528271 0.389742 0.529649 0.389939 0.530702 0.387735 0.537586 0.387932 0.538640 0.387295 0.538964 0.384210 0.548604 0.383573 0.548928 0.383133 0.550305 0.382496 0.550630 0.382055 0.552007 0.381418 0.552331 0.380978 0.553708 0.380340 0.554033 0.379459 0.556787
12 0.472912 0.216420 0.467912 0.212051 0.467276 0.212376 0.467079 0.211323 0.464579 0.209138 0.464383 0.208086 0.463549 0.207358 0.463352 0.206306 0.462519 0.205577 0.462323 0.204524 0.461490 0.203796 0.461293 0.202743 0.460460 0.202015 0.460264 0.200962 0.459431 0.200235 0.454915 0.176024 0.455796 0.173270 0.455599 0.172217 0.456040 0.170840 0.455843 0.169788 0.456284 0.168410 0.456088 0.167358 0.456529 0.165981 0.456333 0.164929 0.457655 0.160797 0.458291 0.160473 0.459614 0.156341 0.460250 0.156017 0.461572 0.151886 0.462209 0.151562 0.463090 0.148807 0.463728 0.148482 0.464168 0.147106 0.464805 0.146781 0.465245 0.145404 0.477985 0.138915 0.478819 0.139644 0.479456 0.139319 0.480289 0.140046 0.480926 0.139722 0.483426 0.141907 0.484063 0.141583 0.484897 0.142311 0.485534 0.141986 0.490534 0.146355 0.492301 0.155829 0.491860 0.157206 0.492253 0.159311 0.491812 0.160688 0.492009 0.161741 0.491568 0.163119 0.491764 0.164171 0.491323 0.165548 0.490687 0.165872 0.489806 0.168626 0.489168 0.168951 0.488728 0.170327 0.486180 0.171625 0.485739 0.173003 0.483191 0.174300 0.482751 0.175677 0.478928 0.177624 0.478488 0.179001 0.477851 0.179325 0.477410 0.180703 0.478195 0.184914 0.479029 0.185641 0.479226 0.186694 0.480892 0.188150 0.481285 0.190255 0.482118 0.190984 0.482510 0.193089 0.483343 0.193817 0.484129 0.198028 0.483688 0.199404 0.483885 0.200458 0.483004 0.203211 0.483593 0.206370 0.483152 0.207746 0.483349 0.208799 0.482467 0.211553
8 0.409702 0.902154 0.408869 0.901425 0.408231 0.901750 0.407398 0.901023 0.406124 0.901672 0.405291 0.900943 0.404017 0.901592 0.403183 0.900864 0.401910 0.901513 0.399409 0.899328 0.398773 0.899653 0.397106 0.898196 0.396469 0.898521 0.389802 0.892695 0.389606 0.891643 0.388773 0.890914 0.388576 0.889862 0.387743 0.889134 0.387350 0.887029 0.385683 0.885573 0.385487 0.884520 0.384654 0.883792 0.384457 0.882739 0.383624 0.882011 0.379109 0.857801 0.379549 0.856423 0.379352 0.855370 0.379793 0.853994 0.379597 0.852941 0.380478 0.850187 0.380282 0.849135 0.380722 0.847757 0.380526 0.846705 0.380967 0.845328 0.380770 0.844275 0.382974 0.837390 0.383611 0.837066 0.384492 0.834311 0.385766 0.833662 0.386207 0.832285 0.392576 0.829041 0.393410 0.829768 0.394684 0.829119 0.395518 0.829848 0.396155 0.829523 0.396988 0.830252 0.398262 0.829603 0.399143 0.826848 0.398947 0.825796 0.406591 0.821903 0.406787 0.822955 0.407620 0.823683 0.407180 0.825061 0.407376 0.826113 0.406936 0.827490 0.407132 0.828542 0.406691 0.829920 0.407672 0.835183 0.406351 0.839314 0.405713 0.839638 0.404832 0.842392 0.404196 0.842717 0.403754 0.844094 0.403951 0.845147 0.403510 0.846524 0.403707 0.847577 0.402826 0.850331 0.403022 0.851383 0.402582 0.852760 0.402974 0.854865 0.402093 0.857619 0.402485 0.859725 0.402045 0.861102 0.402241 0.862154 0.401801 0.863531 0.402193 0.865637 0.403860 0.867093 0.404056 0.868146 0.405723 0.869602 0.406360 0.869278 0.407193 0.870006 0.410378 0.868384 0.411211 0.869112 0.414397 0.867489 0.415230 0.868218 0.419052 0.866271 0.419885 0.866999 0.421159 0.866350 0.421993 0.867078 0.423903 0.866105 0.427437 0.885052 0.426997 0.886429 0.426360 0.886753 0.425920 0.888131 0.425282 0.888455 0.424842 0.889833 0.424205 0.890157 0.423323 0.892911 0.420775 0.894209 0.420335 0.895586 0.418423 0.896559 0.417983 0.897936
6 0.751985 0.957186 0.751151 0.956458 0.750514 0.956782 0.749681 0.956054 0.749045 0.956379 0.747378 0.954923 0.746741 0.955247 0.745908 0.954518 0.745271 0.954843 0.739437 0.949745 0.739241 0.948692 0.738408 0.947965 0.738211 0.946912 0.736544 0.945456 0.736348 0.944404 0.735515 0.943675 0.735318 0.942622 0.734484 0.941894 0.734288 0.940841 0.733455 0.940114 0.733259 0.939061 0.732426 0.938333 0.727320 0.910965 0.728201 0.908211 0.728005 0.907158 0.729768 0.901649 0.731042 0.901001 0.731483 0.899624 0.732119 0.899300 0.732561 0.897922 0.738293 0.895002 0.739127 0.895731 0.739763 0.895406 0.740597 0.896134 0.741234 0.895809 0.745401 0.899450 0.745793 0.901556 0.746626 0.902284 0.747215 0.905441 0.748049 0.906170 0.748246 0.907222 0.749079 0.907950 0.749275 0.909004 0.750108 0.909731 0.750305 0.910784 0.752805 0.912968 0.753442 0.912644 0.754276 0.913372 0.757460 0.911750 0.758294 0.912478 0.760205 0.911505 0.760645 0.910128 0.761919 0.909479 0.762360 0.908101 0.763634 0.907452 0.764515 0.904698 0.765152 0.904374 0.765593 0.902997 0.766230 0.902673 0.766671 0.901295 0.767307 0.900971 0.767748 0.899595 0.768385 0.899270 0.768826 0.897892 0.769463 0.897568 0.769903 0.896191 0.770541 0.895866 0.770981 0.894489 0.771618 0.894165 0.772058 0.892788 0.772695 0.892463 0.773137 0.891086 0.778233 0.888491 0.782399 0.892132 0.783036 0.891808 0.785785 0.906543 0.785344 0.907921 0.785541 0.908974 0.785100 0.910350 0.785493 0.912455 0.785052 0.913833 0.785248 0.914885 0.784367 0.917639 0.784563 0.918692 0.784123 0.920070 0.784319 0.921122 0.781234 0.930761 0.780598 0.931086 0.778835 0.936594 0.778198 0.936918 0.777757 0.938296 0.777120 0.938620 0.776680 0.939998 0.776042 0.940322 0.775602 0.941699 0.774965 0.942023 0.774524 0.943400 0.773888 0.943725 0.773446 0.945102 0.771536 0.946075 0.771095 0.947452
12 0.650223 0.553731 0.649390 0.553003 0.648115 0.553652 0.647282 0.552923 0.646009 0.553572 0.645176 0.552844 0.644538 0.553169 0.643705 0.552440 0.643068 0.552764 0.640568 0.550581 0.639931 0.550905 0.634098 0.545808 0.633461 0.546132 0.632627 0.545404 0.632430 0.544352 0.630764 0.542895 0.630568 0.541843 0.629735 0.541114 0.629538 0.540062 0.628705 0.539333 0.628509 0.538281 0.627675 0.537553 0.627479 0.536501 0.625812 0.535043 0.625420 0.532938 0.624586 0.532211 0.624389 0.531158 0.623556 0.530430 0.618844 0.505167 0.619726 0.502413 0.619136 0.499254 0.619577 0.497878 0.619184 0.495773 0.619625 0.494395 0.619428 0.493342 0.620310 0.490588 0.620114 0.489536 0.620554 0.488159 0.620358 0.487107 0.621680 0.482975 0.622317 0.482651 0.623199 0.479897 0.623835 0.479572 0.624276 0.478195 0.634468 0.473003 0.634664 0.474057 0.635497 0.474784 0.635694 0.475837 0.636527 0.476565 0.636724 0.477618 0.637557 0.478346 0.639128 0.486767 0.638687 0.488144 0.641043 0.500775 0.640602 0.502153 0.641191 0.505311 0.640751 0.506687 0.640947 0.507740 0.640507 0.509117 0.640703 0.510170 0.640262 0.511547 0.643596 0.514460 0.644870 0.513811 0.645703 0.514539 0.648251 0.513241 0.649084 0.513970 0.652269 0.512347 0.653102 0.513075 0.658198 0.510479 0.659032 0.511208 0.659668 0.510883 0.662169 0.513068 0.662561 0.515173 0.663395 0.515900 0.663592 0.516954 0.664425 0.517682 0.664621 0.518734 0.665454 0.519463 0.665847 0.521568 0.666680 0.522296 0.668251 0.530717 0.666929 0.534847 0.667126 0.535901 0.663601 0.546918
2 0.355588 0.376457 0.354754 0.375729 0.351569 0.377351 0.349902 0.375895 0.347992 0.376868 0.346325 0.375412 0.345688 0.375736 0.344855 0.375008 0.344217 0.375332 0.342551 0.373876 0.341914 0.374200 0.339414 0.372017 0.339218 0.370964 0.337551 0.369507 0.337355 0.368454 0.334855 0.366270 0.331321 0.347323 0.331958 0.346999 0.332398 0.345622 0.333035 0.345297 0.333476 0.343919 0.334113 0.343595 0.334553 0.342219 0.337738 0.340597 0.338572 0.341324 0.339845 0.340675 0.341513 0.342132 0.342149 0.341808 0.345483 0.344720 0.347394 0.343747 0.348227 0.344474 0.348864 0.344150 0.349305 0.342773 0.351853 0.341476 0.352294 0.340098 0.354204 0.339125 0.354645 0.337748 0.355919 0.337100 0.356359 0.335722 0.356997 0.335397 0.357878 0.332644 0.357681 0.331590 0.358563 0.328836 0.358367 0.327784 0.358807 0.326407 0.358218 0.323249 0.358659 0.321872 0.358266 0.319767 0.358707 0.318389 0.358118 0.315232 0.358559 0.313855 0.358166 0.311750 0.358606 0.310372 0.358017 0.307215 0.358898 0.304461 0.359536 0.304137 0.359976 0.302759 0.365072 0.300163 0.365906 0.300892 0.367817 0.299919 0.368650 0.300646 0.369924 0.299997 0.374924 0.304366 0.381010 0.336998 0.379689 0.341129 0.379885 0.342181 0.375038 0.357329 0.374400 0.357654 0.373519 0.360407 0.372883 0.360732 0.372442 0.362110 0.371805 0.362434 0.371364 0.363811 0.370728 0.364136 0.370286 0.365512 0.369649 0.365837 0.369209 0.367214 0.367935 0.367863 0.367494 0.369240 0.363035 0.371511 0.362595 0.372888
4 0.729809 0.056755 0.728976 0.056026 0.727702 0.056675 0.724368 0.053763 0.724172 0.052710 0.722506 0.051253 0.722309 0.050201 0.721475 0.049473 0.721279 0.048421 0.719613 0.046964 0.719220 0.044858 0.717554 0.043402 0.717161 0.041297 0.716327 0.040570 0.716131 0.039516 0.714465 0.038060 0.713828 0.038384 0.712994 0.037656 0.712357 0.037980 0.711917 0.039358 0.711279 0.039683 0.710838 0.041059 0.710202 0.041383 0.709321 0.044138 0.708683 0.044463 0.707802 0.047217 0.707165 0.047542 0.706724 0.048918 0.706087 0.049242 0.705647 0.050620 0.705010 0.050944 0.704569 0.052321 0.700747 0.054267 0.699913 0.053540 0.699277 0.053864 0.698443 0.053136 0.697807 0.053460 0.696974 0.052732 0.696336 0.053057 0.693836 0.050872 0.693199 0.051197 0.689861 0.033302 0.690743 0.030548 0.690547 0.029496 0.693630 0.019856 0.694268 0.019532 0.695149 0.016778 0.695786 0.016453 0.696227 0.015076 0.697501 0.014427 0.697942 0.013050 0.699216 0.012401 0.699656 0.011024 0.713670 0.003886 0.714503 0.004614 0.715140 0.004290 0.715974 0.005017 0.716611 0.004693 0.717444 0.005422 0.718081 0.005097 0.718914 0.005825 0.719552 0.005500 0.724551 0.009870 0.725189 0.009545 0.726855 0.011002 0.727051 0.012054 0.728718 0.013510 0.728914 0.014563 0.729748 0.015292 0.729944 0.016344 0.730778 0.017072 0.730974 0.018124 0.731807 0.018853 0.736323 0.043063 0.735882 0.044440 0.736079 0.045493 0.735638 0.046869 0.735835 0.047922 0.734513 0.052054 0.733876 0.052378 0.733435 0.053755 0.732798 0.054079 0.732357 0.055457
