2 0.712500 0.092773 0.710938 0.090820 0.709375 0.090820 0.708594 0.089844 0.708594 0.088867 0.707812 0.087891 0.707812 0.084961 0.707031 0.083984 0.707031 0.083008 0.707812 0.082031 0.707812 0.080078 0.707031 0.079102 0.707031 0.073242 0.704688 0.070312 0.703906 0.070312 0.703125 0.071289 0.701562 0.071289 0.700781 0.072266 0.699219 0.072266 0.698438 0.073242 0.691406 0.073242 0.690625 0.072266 0.689063 0.072266 0.688281 0.071289 0.687500 0.071289 0.685937 0.069336 0.685937 0.068359 0.683594 0.065430 0.683594 0.063477 0.682031 0.061523 0.682031 0.054688 0.682813 0.053711 0.682813 0.052734 0.684375 0.050781 0.684375 0.049805 0.685156 0.049805 0.688281 0.045898 0.689063 0.045898 0.689844 0.044922 0.690625 0.044922 0.691406 0.043945 0.692187 0.043945 0.692969 0.042969 0.693750 0.042969 0.694531 0.041992 0.696094 0.041992 0.696875 0.041016 0.713281 0.041016 0.714063 0.041992 0.715625 0.041992 0.716406 0.042969 0.717187 0.042969 0.718750 0.044922 0.720313 0.044922 0.721094 0.045898 0.721875 0.045898 0.723437 0.047852 0.724219 0.047852 0.724219 0.048828 0.725000 0.049805 0.725781 0.049805 0.727344 0.051758 0.727344 0.052734 0.728906 0.054688 0.728906 0.055664 0.729688 0.056641 0.729688 0.057617 0.731250 0.059570 0.731250 0.082031 0.730469 0.083008 0.730469 0.083984 0.729688 0.084961 0.729688 0.086914 0.728906 0.087891 0.728906 0.088867 0.725781 0.092773
11 0.726562 0.892578 0.725000 0.890625 0.723437 0.890625 0.721094 0.887695 0.720313 0.887695 0.718750 0.885742 0.716406 0.885742 0.715625 0.884766 0.714844 0.884766 0.714063 0.883789 0.714063 0.882812 0.712500 0.880859 0.712500 0.879883 0.711719 0.878906 0.711719 0.877930 0.710938 0.876953 0.710938 0.875977 0.710156 0.875000 0.710156 0.873047 0.709375 0.872070 0.709375 0.871094 0.708594 0.870117 0.708594 0.844727 0.710156 0.842773 0.710156 0.841797 0.710938 0.840820 0.710938 0.839844 0.711719 0.838867 0.711719 0.837891 0.712500 0.836914 0.712500 0.835938 0.714063 0.833984 0.714063 0.833008 0.715625 0.831055 0.715625 0.830078 0.717187 0.828125 0.717969 0.828125 0.721875 0.823242 0.722656 0.823242 0.725000 0.820312 0.725781 0.820312 0.726562 0.819336 0.727344 0.819336 0.730469 0.815430 0.732031 0.815430 0.732812 0.814453 0.735156 0.814453 0.735938 0.813477 0.741406 0.813477 0.742188 0.812500 0.742969 0.812500 0.743750 0.813477 0.744531 0.813477 0.745313 0.812500 0.746875 0.812500 0.747656 0.813477 0.750000 0.813477 0.750781 0.814453 0.752344 0.814453 0.753906 0.816406 0.757031 0.816406 0.757812 0.817383 0.758594 0.817383 0.762500 0.822266 0.762500 0.823242 0.763281 0.824219 0.764062 0.824219 0.764062 0.846680 0.763281 0.846680 0.762500 0.847656 0.762500 0.848633 0.761719 0.849609 0.760938 0.849609 0.760156 0.850586 0.759375 0.850586 0.757031 0.853516 0.756250 0.853516 0.755469 0.854492 0.753906 0.854492 0.750781 0.858398 0.750781 0.862305 0.750000 0.863281 0.750781 0.864258 0.750781 0.865234 0.751563 0.866211 0.751563 0.871094 0.750781 0.872070 0.750781 0.875977 0.750000 0.876953 0.750000 0.878906 0.749219 0.879883 0.749219 0.880859 0.748437 0.881836 0.748437 0.883789 0.746094 0.886719 0.745313 0.886719 0.741406 0.891602 0.739844 0.891602 0.739062 0.892578
12 0.117188 0.874023 0.116406 0.873047 0.115625 0.873047 0.114844 0.872070 0.114062 0.872070 0.112500 0.870117 0.110937 0.870117 0.110156 0.869141 0.108594 0.869141 0.107031 0.867188 0.106250 0.867188 0.104688 0.865234 0.103906 0.865234 0.102344 0.863281 0.102344 0.862305 0.096875 0.855469 0.096875 0.854492 0.096094 0.853516 0.096094 0.852539 0.095312 0.851562 0.095312 0.848633 0.094531 0.847656 0.094531 0.846680 0.093750 0.845703 0.093750 0.843750 0.092969 0.842773 0.092969 0.840820 0.092188 0.839844 0.092188 0.835938 0.091406 0.834961 0.091406 0.833984 0.092188 0.833008 0.091406 0.832031 0.091406 0.831055 0.092188 0.830078 0.092188 0.828125 0.092969 0.827148 0.092969 0.825195 0.093750 0.824219 0.093750 0.822266 0.094531 0.821289 0.094531 0.819336 0.095312 0.818359 0.095312 0.817383 0.121875 0.817383 0.121875 0.818359 0.122656 0.819336 0.122656 0.830078 0.123438 0.831055 0.123438 0.833008 0.125781 0.835938 0.126562 0.835938 0.128125 0.837891 0.128906 0.837891 0.134375 0.844727 0.138281 0.844727 0.143750 0.837891 0.143750 0.836914 0.145313 0.834961 0.145313 0.833984 0.147656 0.831055 0.148438 0.831055 0.150000 0.829102 0.150781 0.829102 0.151562 0.828125 0.154688 0.828125 0.155469 0.829102 0.157031 0.829102 0.157812 0.830078 0.159375 0.830078 0.159375 0.855469 0.157031 0.858398 0.157031 0.859375 0.152344 0.865234 0.151562 0.865234 0.150781 0.866211 0.150781 0.867188 0.150000 0.868164 0.149219 0.868164 0.147656 0.870117 0.146875 0.870117 0.146094 0.871094 0.145313 0.871094 0.144531 0.872070 0.143750 0.872070 0.142969 0.873047 0.141406 0.873047 0.140625 0.874023
2 0.377344 0.701172 0.376563 0.700195 0.375781 0.700195 0.373437 0.697266 0.372656 0.697266 0.371094 0.695312 0.370312 0.695312 0.360938 0.683594 0.360938 0.682617 0.360156 0.681641 0.360156 0.680664 0.359375 0.679688 0.359375 0.678711 0.357031 0.675781 0.357031 0.674805 0.356250 0.673828 0.356250 0.672852 0.355469 0.671875 0.355469 0.667969 0.354687 0.666992 0.354687 0.664062 0.353906 0.663086 0.353906 0.652344 0.354687 0.651367 0.354687 0.646484 0.355469 0.645508 0.355469 0.642578 0.356250 0.641602 0.356250 0.639648 0.357031 0.638672 0.374219 0.638672 0.374219 0.639648 0.375000 0.640625 0.375000 0.648438 0.375781 0.649414 0.375781 0.650391 0.375000 0.651367 0.375000 0.653320 0.374219 0.654297 0.374219 0.657227 0.373437 0.658203 0.373437 0.661133 0.377344 0.666016 0.378125 0.666016 0.380469 0.668945 0.381250 0.668945 0.383594 0.671875 0.387500 0.671875 0.388281 0.670898 0.389062 0.670898 0.393750 0.665039 0.394531 0.665039 0.396875 0.662109 0.396875 0.660156 0.397656 0.659180 0.397656 0.658203 0.399219 0.656250 0.401562 0.656250 0.402344 0.657227 0.403125 0.657227 0.405469 0.660156 0.405469 0.661133 0.406250 0.662109 0.406250 0.663086 0.407031 0.664062 0.407031 0.666016 0.407813 0.666992 0.407813 0.667969 0.408594 0.668945 0.408594 0.669922 0.410156 0.671875 0.410938 0.671875 0.410938 0.672852 0.412500 0.674805 0.412500 0.675781 0.413281 0.676758 0.413281 0.680664 0.414062 0.681641 0.413281 0.682617 0.413281 0.684570 0.412500 0.685547 0.412500 0.687500 0.411719 0.688477 0.411719 0.690430 0.410938 0.691406 0.410938 0.693359 0.404687 0.701172
10 0.539844 0.849609 0.539062 0.848633 0.537500 0.848633 0.535937 0.846680 0.535156 0.846680 0.528906 0.838867 0.528906 0.837891 0.527344 0.835938 0.527344 0.834961 0.526563 0.833984 0.526563 0.833008 0.525781 0.832031 0.525781 0.805664 0.526563 0.804688 0.526563 0.803711 0.528125 0.801758 0.528125 0.800781 0.528906 0.799805 0.528906 0.798828 0.530469 0.796875 0.530469 0.795898 0.536719 0.788086 0.537500 0.788086 0.538281 0.787109 0.539844 0.787109 0.542188 0.784180 0.542969 0.784180 0.544531 0.782227 0.546094 0.782227 0.546875 0.781250 0.555469 0.781250 0.556250 0.782227 0.557813 0.782227 0.558594 0.783203 0.560156 0.783203 0.560937 0.784180 0.560937 0.785156 0.563281 0.788086 0.563281 0.793945 0.562500 0.794922 0.562500 0.797852 0.559375 0.801758 0.559375 0.802734 0.554688 0.808594 0.554688 0.809570 0.553906 0.810547 0.553906 0.811523 0.553125 0.812500 0.553125 0.813477 0.552344 0.814453 0.552344 0.818359 0.553125 0.819336 0.553125 0.822266 0.553906 0.823242 0.553906 0.825195 0.555469 0.827148 0.555469 0.828125 0.557813 0.831055 0.558594 0.831055 0.560937 0.833984 0.560937 0.834961 0.561719 0.835938 0.561719 0.836914 0.562500 0.837891 0.562500 0.842773 0.560937 0.844727 0.560937 0.845703 0.559375 0.847656 0.559375 0.848633 0.558594 0.849609
4 0.898438 0.997070 0.897656 0.996094 0.896875 0.996094 0.896094 0.995117 0.894531 0.995117 0.893750 0.994141 0.891406 0.994141 0.890625 0.993164 0.887500 0.993164 0.886719 0.992188 0.885938 0.992188 0.885156 0.991211 0.884375 0.991211 0.880469 0.986328 0.880469 0.985352 0.878906 0.983398 0.878906 0.982422 0.876563 0.979492 0.876563 0.978516 0.875781 0.977539 0.875781 0.976562 0.874219 0.974609 0.874219 0.973633 0.873437 0.972656 0.873437 0.956055 0.875000 0.954102 0.875000 0.953125 0.875781 0.952148 0.875781 0.951172 0.878125 0.948242 0.878125 0.947266 0.878906 0.946289 0.878906 0.945312 0.880469 0.943359 0.880469 0.942383 0.882031 0.940430 0.882031 0.939453 0.885156 0.935547 0.885938 0.935547 0.886719 0.934570 0.887500 0.934570 0.889062 0.932617 0.910937 0.932617 0.910937 0.935547 0.911719 0.936523 0.910937 0.937500 0.910937 0.940430 0.910156 0.941406 0.910156 0.942383 0.907031 0.946289 0.906250 0.946289 0.899219 0.955078 0.899219 0.956055 0.898438 0.957031 0.897656 0.957031 0.896875 0.958008 0.896875 0.958984 0.895312 0.960938 0.895312 0.963867 0.894531 0.964844 0.895312 0.965820 0.895312 0.966797 0.896094 0.967773 0.896094 0.969727 0.896875 0.970703 0.896875 0.971680 0.897656 0.972656 0.897656 0.974609 0.898438 0.975586 0.898438 0.976562 0.899219 0.977539 0.899219 0.979492 0.900000 0.980469 0.899219 0.981445 0.899219 0.983398 0.900000 0.984375 0.900000 0.987305 0.900781 0.988281 0.901563 0.988281 0.902344 0.989258 0.903906 0.989258 0.904687 0.990234 0.905469 0.990234 0.906250 0.991211 0.906250 0.992188 0.907031 0.993164 0.906250 0.994141 0.906250 0.995117 0.905469 0.996094 0.904687 0.996094 0.903906 0.997070
3 0.135937 0.983398 0.135156 0.982422 0.135156 0.981445 0.133594 0.979492 0.133594 0.976562 0.132812 0.975586 0.132812 0.971680 0.133594 0.970703 0.133594 0.969727 0.139844 0.961914 0.139844 0.960938 0.141406 0.958984 0.141406 0.957031 0.142187 0.956055 0.142187 0.948242 0.141406 0.947266 0.141406 0.946289 0.142187 0.945312 0.141406 0.944336 0.141406 0.943359 0.137500 0.938477 0.135937 0.938477 0.135156 0.937500 0.134375 0.937500 0.133594 0.936523 0.130469 0.936523 0.129688 0.935547 0.128906 0.935547 0.128125 0.934570 0.127344 0.934570 0.127344 0.913086 0.128906 0.911133 0.129688 0.911133 0.131250 0.909180 0.132031 0.909180 0.132812 0.908203 0.134375 0.908203 0.135156 0.907227 0.136719 0.907227 0.137500 0.906250 0.139063 0.906250 0.139844 0.905273 0.153125 0.905273 0.154688 0.907227 0.155469 0.907227 0.156250 0.908203 0.157031 0.908203 0.157812 0.909180 0.158594 0.909180 0.161719 0.913086 0.162500 0.913086 0.163281 0.914062 0.163281 0.915039 0.166406 0.918945 0.166406 0.919922 0.167187 0.920898 0.167187 0.921875 0.167969 0.922852 0.167969 0.924805 0.168750 0.925781 0.168750 0.927734 0.169531 0.928711 0.169531 0.930664 0.170313 0.931641 0.170313 0.936523 0.171094 0.937500 0.171094 0.949219 0.170313 0.950195 0.170313 0.953125 0.169531 0.954102 0.169531 0.957031 0.168750 0.958008 0.168750 0.962891 0.167969 0.963867 0.167969 0.964844 0.167187 0.965820 0.167187 0.966797 0.166406 0.967773 0.166406 0.968750 0.165625 0.969727 0.165625 0.971680 0.164844 0.972656 0.164844 0.973633 0.159375 0.980469 0.158594 0.980469 0.156250 0.983398
3 0.167187 0.556641 0.166406 0.555664 0.165625 0.555664 0.164844 0.554688 0.163281 0.554688 0.162500 0.553711 0.161719 0.553711 0.158594 0.549805 0.158594 0.548828 0.154688 0.543945 0.154688 0.542969 0.150781 0.538086 0.150781 0.537109 0.149219 0.535156 0.149219 0.533203 0.148438 0.532227 0.148438 0.530273 0.146875 0.528320 0.146875 0.503906 0.147656 0.502930 0.147656 0.501953 0.148438 0.500977 0.148438 0.500000 0.150000 0.498047 0.150000 0.496094 0.153125 0.492188 0.153125 0.491211 0.157812 0.485352 0.158594 0.485352 0.159375 0.484375 0.160156 0.484375 0.160938 0.483398 0.161719 0.483398 0.162500 0.482422 0.171875 0.482422 0.174219 0.485352 0.174219 0.486328 0.175000 0.487305 0.175000 0.495117 0.174219 0.496094 0.174219 0.497070 0.171875 0.500000 0.171875 0.500977 0.171094 0.501953 0.171094 0.507812 0.171875 0.508789 0.171875 0.510742 0.172656 0.511719 0.172656 0.512695 0.173437 0.513672 0.173437 0.517578 0.174219 0.518555 0.174219 0.519531 0.176563 0.522461 0.177344 0.522461 0.178906 0.524414 0.179688 0.524414 0.180469 0.525391 0.183594 0.525391 0.184375 0.524414 0.185156 0.524414 0.185938 0.523438 0.186719 0.523438 0.188281 0.521484 0.189062 0.521484 0.189844 0.520508 0.191406 0.520508 0.192188 0.521484 0.192969 0.521484 0.193750 0.522461 0.194531 0.522461 0.194531 0.546875 0.192188 0.549805 0.191406 0.549805 0.189844 0.551758 0.188281 0.551758 0.187500 0.552734 0.185938 0.552734 0.184375 0.554688 0.183594 0.554688 0.182812 0.555664 0.181250 0.555664 0.180469 0.556641
12 0.053906 0.704102 0.044531 0.692383 0.044531 0.691406 0.042188 0.688477 0.042188 0.687500 0.041406 0.686523 0.041406 0.684570 0.040625 0.683594 0.040625 0.682617 0.039844 0.681641 0.039844 0.678711 0.038281 0.676758 0.038281 0.658203 0.039062 0.657227 0.039062 0.656250 0.039844 0.655273 0.039844 0.652344 0.040625 0.651367 0.040625 0.649414 0.041406 0.648438 0.041406 0.647461 0.042188 0.646484 0.042188 0.645508 0.042969 0.644531 0.042969 0.643555 0.043750 0.642578 0.043750 0.641602 0.046094 0.638672 0.046094 0.637695 0.047656 0.635742 0.047656 0.634766 0.052344 0.628906 0.053125 0.628906 0.053906 0.627930 0.054688 0.627930 0.056250 0.625977 0.057813 0.625977 0.058594 0.625000 0.082031 0.625000 0.084375 0.627930 0.085156 0.627930 0.086719 0.629883 0.087500 0.629883 0.088281 0.630859 0.088281 0.631836 0.089063 0.632812 0.089063 0.636719 0.088281 0.637695 0.088281 0.639648 0.087500 0.640625 0.087500 0.648438 0.086719 0.649414 0.086719 0.651367 0.084375 0.654297 0.082031 0.654297 0.081250 0.655273 0.078125 0.655273 0.077344 0.656250 0.073438 0.656250 0.071875 0.658203 0.071094 0.658203 0.068750 0.661133 0.068750 0.663086 0.067969 0.664062 0.067969 0.665039 0.067187 0.666016 0.067187 0.666992 0.066406 0.667969 0.066406 0.669922 0.065625 0.670898 0.065625 0.675781 0.066406 0.676758 0.066406 0.677734 0.067969 0.679688 0.067969 0.680664 0.068750 0.681641 0.069531 0.681641 0.069531 0.682617 0.071875 0.685547 0.071875 0.686523 0.073438 0.688477 0.073438 0.691406 0.074219 0.692383 0.074219 0.693359 0.075000 0.694336 0.075000 0.695312 0.074219 0.696289 0.074219 0.700195 0.072656 0.702148 0.072656 0.703125 0.071875 0.704102
4 0.410156 0.402344 0.407813 0.399414 0.407031 0.399414 0.405469 0.397461 0.404687 0.397461 0.400000 0.391602 0.400000 0.390625 0.398438 0.388672 0.398438 0.386719 0.396875 0.384766 0.396875 0.366211 0.397656 0.365234 0.397656 0.364258 0.399219 0.362305 0.399219 0.361328 0.400000 0.360352 0.400000 0.358398 0.400781 0.357422 0.400781 0.355469 0.401562 0.354492 0.401562 0.353516 0.407813 0.345703 0.408594 0.345703 0.409375 0.344727 0.425781 0.344727 0.426563 0.345703 0.427344 0.345703 0.428125 0.346680 0.428906 0.346680 0.430469 0.348633 0.430469 0.350586 0.431250 0.351562 0.431250 0.353516 0.432031 0.354492 0.432031 0.355469 0.432812 0.356445 0.432812 0.357422 0.432031 0.358398 0.432031 0.359375 0.431250 0.360352 0.431250 0.361328 0.429688 0.363281 0.428906 0.363281 0.428125 0.364258 0.425781 0.364258 0.425000 0.365234 0.424219 0.365234 0.421875 0.368164 0.421875 0.369141 0.421094 0.370117 0.421094 0.371094 0.420312 0.372070 0.420312 0.373047 0.419531 0.374023 0.419531 0.376953 0.418750 0.377930 0.418750 0.378906 0.417969 0.379883 0.417969 0.385742 0.418750 0.386719 0.418750 0.387695 0.423438 0.393555 0.423438 0.398438 0.422656 0.399414 0.422656 0.400391 0.421094 0.402344
3 0.180469 0.921875 0.179688 0.920898 0.177344 0.920898 0.176563 0.919922 0.174219 0.919922 0.173437 0.918945 0.172656 0.918945 0.171875 0.917969 0.171094 0.917969 0.170313 0.916992 0.169531 0.916992 0.168750 0.916016 0.166406 0.916016 0.164062 0.913086 0.163281 0.913086 0.160156 0.909180 0.160156 0.908203 0.158594 0.906250 0.158594 0.905273 0.157812 0.904297 0.157812 0.903320 0.156250 0.901367 0.156250 0.900391 0.155469 0.899414 0.155469 0.877930 0.156250 0.876953 0.156250 0.875000 0.157031 0.874023 0.157031 0.873047 0.157812 0.872070 0.157812 0.871094 0.158594 0.870117 0.158594 0.869141 0.159375 0.868164 0.159375 0.867188 0.160938 0.865234 0.160938 0.864258 0.165625 0.858398 0.166406 0.858398 0.167969 0.856445 0.186719 0.856445 0.186719 0.857422 0.187500 0.858398 0.187500 0.860352 0.188281 0.861328 0.188281 0.863281 0.189062 0.864258 0.188281 0.865234 0.188281 0.871094 0.187500 0.872070 0.187500 0.875000 0.186719 0.875977 0.186719 0.876953 0.185938 0.877930 0.185938 0.878906 0.185156 0.879883 0.185156 0.880859 0.184375 0.881836 0.184375 0.887695 0.189844 0.894531 0.190625 0.894531 0.191406 0.895508 0.192188 0.895508 0.192969 0.896484 0.193750 0.896484 0.194531 0.897461 0.194531 0.918945 0.192969 0.918945 0.192188 0.919922 0.190625 0.919922 0.189844 0.920898 0.188281 0.920898 0.187500 0.921875
8 0.472656 0.925781 0.472656 0.924805 0.471094 0.922852 0.471094 0.920898 0.470313 0.919922 0.470313 0.909180 0.468750 0.907227 0.464062 0.907227 0.463281 0.906250 0.462500 0.906250 0.461719 0.905273 0.460938 0.905273 0.460156 0.904297 0.459375 0.904297 0.458594 0.903320 0.453906 0.903320 0.452344 0.905273 0.450781 0.905273 0.450000 0.906250 0.448437 0.906250 0.447656 0.907227 0.446875 0.907227 0.446094 0.908203 0.443750 0.908203 0.442969 0.909180 0.439063 0.909180 0.436719 0.906250 0.436719 0.890625 0.439063 0.887695 0.439063 0.885742 0.439844 0.884766 0.440625 0.884766 0.443750 0.880859 0.444531 0.880859 0.446094 0.878906 0.446875 0.878906 0.448437 0.876953 0.472656 0.876953 0.473438 0.877930 0.475000 0.877930 0.475781 0.878906 0.476562 0.878906 0.477344 0.879883 0.478125 0.879883 0.479687 0.881836 0.481250 0.881836 0.482031 0.882812 0.482812 0.882812 0.484375 0.884766 0.485156 0.884766 0.486719 0.886719 0.487500 0.886719 0.490625 0.890625 0.490625 0.891602 0.492188 0.893555 0.492188 0.894531 0.493750 0.896484 0.493750 0.898438 0.494531 0.899414 0.494531 0.901367 0.495312 0.902344 0.495312 0.905273 0.496094 0.906250 0.496094 0.916992 0.495312 0.917969 0.495312 0.921875 0.494531 0.922852 0.494531 0.923828 0.493750 0.924805 0.493750 0.925781
10 0.624219 0.215820 0.624219 0.213867 0.622656 0.211914 0.622656 0.208984 0.621875 0.208008 0.621875 0.197266 0.622656 0.196289 0.622656 0.193359 0.623437 0.192383 0.623437 0.188477 0.624219 0.187500 0.624219 0.184570 0.625000 0.183594 0.625000 0.182617 0.626563 0.180664 0.626563 0.179688 0.628125 0.177734 0.628125 0.176758 0.628906 0.175781 0.628906 0.174805 0.636719 0.165039 0.638281 0.165039 0.639844 0.163086 0.641406 0.163086 0.642188 0.162109 0.642188 0.161133 0.669531 0.161133 0.669531 0.162109 0.670312 0.163086 0.670312 0.168945 0.669531 0.169922 0.669531 0.173828 0.668750 0.174805 0.668750 0.175781 0.665625 0.179688 0.663281 0.179688 0.661719 0.181641 0.660937 0.181641 0.657031 0.186523 0.656250 0.186523 0.655469 0.187500 0.655469 0.188477 0.654687 0.189453 0.654687 0.190430 0.658594 0.195312 0.658594 0.196289 0.659375 0.197266 0.659375 0.199219 0.658594 0.200195 0.658594 0.201172 0.657813 0.201172 0.657031 0.202148 0.654687 0.202148 0.653906 0.203125 0.650781 0.203125 0.649219 0.205078 0.649219 0.206055 0.648438 0.207031 0.648438 0.208984 0.647656 0.209961 0.647656 0.212891 0.646094 0.214844 0.646094 0.215820
3 0.836719 0.222656 0.836719 0.221680 0.835156 0.219727 0.835156 0.217773 0.834375 0.216797 0.834375 0.208984 0.835938 0.207031 0.835938 0.206055 0.836719 0.205078 0.836719 0.204102 0.837500 0.203125 0.837500 0.202148 0.839844 0.199219 0.839844 0.198242 0.843750 0.193359 0.844531 0.193359 0.845313 0.192383 0.846094 0.192383 0.846875 0.191406 0.847656 0.191406 0.849219 0.189453 0.850000 0.189453 0.850781 0.188477 0.851562 0.188477 0.852344 0.187500 0.873437 0.187500 0.875000 0.189453 0.875781 0.189453 0.878125 0.192383 0.878906 0.192383 0.882812 0.197266 0.882812 0.198242 0.884375 0.200195 0.884375 0.201172 0.885938 0.203125 0.885938 0.216797 0.885156 0.216797 0.883594 0.218750 0.882031 0.218750 0.881250 0.219727 0.878906 0.219727 0.878125 0.220703 0.870313 0.220703 0.869531 0.219727 0.867188 0.219727 0.866406 0.218750 0.864062 0.218750 0.863281 0.217773 0.861719 0.217773 0.860938 0.216797 0.856250 0.216797 0.855469 0.217773 0.854688 0.217773 0.851562 0.221680 0.851562 0.222656
11 0.162500 0.426758 0.160938 0.424805 0.160156 0.424805 0.154688 0.417969 0.154688 0.416992 0.153906 0.416016 0.153906 0.406250 0.156250 0.403320 0.156250 0.402344 0.157031 0.401367 0.157031 0.400391 0.157812 0.399414 0.157812 0.393555 0.157031 0.392578 0.157031 0.390625 0.156250 0.389648 0.156250 0.382812 0.157812 0.380859 0.158594 0.380859 0.159375 0.379883 0.160156 0.379883 0.160938 0.378906 0.161719 0.378906 0.163281 0.376953 0.164062 0.376953 0.164844 0.375977 0.165625 0.375977 0.166406 0.375000 0.167187 0.375000 0.167969 0.374023 0.169531 0.374023 0.172656 0.370117 0.172656 0.369141 0.173437 0.368164 0.173437 0.367188 0.174219 0.366211 0.174219 0.365234 0.175000 0.364258 0.175000 0.363281 0.175781 0.362305 0.175781 0.361328 0.177344 0.359375 0.177344 0.358398 0.182812 0.358398 0.183594 0.359375 0.183594 0.360352 0.187500 0.365234 0.187500 0.366211 0.189844 0.369141 0.189844 0.370117 0.190625 0.371094 0.190625 0.391602 0.189062 0.393555 0.189062 0.395508 0.187500 0.397461 0.187500 0.398438 0.185938 0.400391 0.185938 0.405273 0.186719 0.406250 0.186719 0.413086 0.185938 0.414062 0.185938 0.416016 0.185156 0.416992 0.185156 0.418945 0.184375 0.419922 0.184375 0.420898 0.182812 0.422852 0.182812 0.423828 0.180469 0.426758
5 0.877344 0.208984 0.876563 0.208008 0.875781 0.208008 0.874219 0.206055 0.872656 0.206055 0.871875 0.205078 0.871094 0.205078 0.867188 0.200195 0.867188 0.199219 0.864062 0.195312 0.864062 0.194336 0.863281 0.193359 0.863281 0.175781 0.864062 0.174805 0.864062 0.173828 0.864844 0.172852 0.864844 0.171875 0.865625 0.170898 0.865625 0.169922 0.866406 0.168945 0.867188 0.168945 0.868750 0.166992 0.871094 0.166992 0.871875 0.166016 0.875781 0.166016 0.876563 0.166992 0.878125 0.166992 0.878906 0.167969 0.879687 0.167969 0.882031 0.170898 0.882031 0.171875 0.882812 0.172852 0.882812 0.173828 0.884375 0.175781 0.884375 0.176758 0.886719 0.179688 0.888281 0.179688 0.889062 0.180664 0.889844 0.179688 0.890625 0.179688 0.891406 0.178711 0.892969 0.178711 0.893750 0.177734 0.896875 0.177734 0.897656 0.176758 0.905469 0.176758 0.906250 0.177734 0.907031 0.177734 0.907813 0.176758 0.914062 0.176758 0.914844 0.177734 0.915625 0.177734 0.915625 0.191406 0.914062 0.193359 0.914062 0.194336 0.913281 0.195312 0.913281 0.196289 0.912500 0.197266 0.911719 0.197266 0.910937 0.198242 0.910937 0.199219 0.910156 0.200195 0.909375 0.200195 0.907031 0.203125 0.906250 0.203125 0.905469 0.204102 0.904687 0.204102 0.903125 0.206055 0.901563 0.206055 0.900781 0.207031 0.899219 0.207031 0.897656 0.208984
0 0.054688 0.234375 0.050781 0.229492 0.050000 0.229492 0.047656 0.226562 0.046875 0.226562 0.043750 0.222656 0.042969 0.222656 0.042188 0.221680 0.041406 0.221680 0.040625 0.220703 0.039844 0.220703 0.039062 0.219727 0.035937 0.219727 0.035156 0.218750 0.031250 0.218750 0.030469 0.217773 0.028906 0.217773 0.028125 0.216797 0.027344 0.216797 0.026562 0.215820 0.025781 0.215820 0.024219 0.213867 0.024219 0.196289 0.025781 0.194336 0.025781 0.193359 0.026562 0.192383 0.026562 0.191406 0.030469 0.186523 0.031250 0.186523 0.032813 0.184570 0.036719 0.184570 0.037500 0.183594 0.054688 0.183594 0.057031 0.186523 0.057813 0.186523 0.064062 0.194336 0.064062 0.195312 0.065625 0.197266 0.065625 0.198242 0.067969 0.201172 0.067969 0.203125 0.068750 0.204102 0.068750 0.205078 0.069531 0.206055 0.069531 0.207031 0.070312 0.208008 0.070312 0.210938 0.071875 0.212891 0.071875 0.217773 0.072656 0.218750 0.072656 0.220703 0.073438 0.221680 0.073438 0.225586 0.074219 0.226562 0.074219 0.227539 0.073438 0.228516 0.073438 0.230469 0.072656 0.231445 0.072656 0.232422 0.071875 0.233398 0.071875 0.234375
8 0.230469 0.912109 0.228125 0.909180 0.228125 0.908203 0.227344 0.907227 0.227344 0.905273 0.226562 0.904297 0.226562 0.903320 0.225781 0.902344 0.225781 0.900391 0.225000 0.899414 0.225000 0.898438 0.224219 0.897461 0.224219 0.896484 0.222656 0.894531 0.222656 0.893555 0.221094 0.891602 0.220312 0.891602 0.219531 0.890625 0.217969 0.890625 0.217188 0.889648 0.215625 0.889648 0.214844 0.890625 0.213281 0.890625 0.212500 0.891602 0.211719 0.891602 0.210938 0.892578 0.210156 0.892578 0.208594 0.894531 0.207813 0.894531 0.206250 0.896484 0.204687 0.896484 0.203906 0.897461 0.198437 0.897461 0.197656 0.896484 0.196875 0.896484 0.195312 0.894531 0.194531 0.894531 0.194531 0.878906 0.196094 0.876953 0.196094 0.875977 0.201563 0.869141 0.202344 0.869141 0.203906 0.867188 0.204687 0.867188 0.206250 0.865234 0.207031 0.865234 0.207813 0.864258 0.208594 0.864258 0.210156 0.862305 0.229687 0.862305 0.230469 0.863281 0.232031 0.863281 0.232813 0.864258 0.233594 0.864258 0.236719 0.868164 0.236719 0.869141 0.240625 0.874023 0.241406 0.874023 0.242188 0.875000 0.242188 0.875977 0.245312 0.879883 0.245312 0.880859 0.246875 0.882812 0.246875 0.902344 0.245312 0.904297 0.245312 0.906250 0.244531 0.907227 0.244531 0.908203 0.242969 0.910156 0.242188 0.910156 0.240625 0.912109
4 0.032813 0.114258 0.031250 0.112305 0.029687 0.112305 0.028906 0.111328 0.028125 0.111328 0.024219 0.106445 0.024219 0.105469 0.023438 0.104492 0.023438 0.103516 0.021875 0.101562 0.021875 0.100586 0.021094 0.099609 0.021094 0.098633 0.020313 0.097656 0.020313 0.076172 0.022656 0.073242 0.022656 0.072266 0.023438 0.071289 0.023438 0.070312 0.024219 0.069336 0.024219 0.068359 0.025000 0.067383 0.025000 0.065430 0.025781 0.064453 0.025781 0.063477 0.026562 0.062500 0.026562 0.061523 0.028125 0.059570 0.028125 0.058594 0.028906 0.057617 0.028906 0.056641 0.032813 0.051758 0.034375 0.051758 0.035156 0.050781 0.036719 0.050781 0.037500 0.049805 0.039062 0.049805 0.039844 0.048828 0.040625 0.048828 0.041406 0.047852 0.042188 0.047852 0.042969 0.046875 0.043750 0.046875 0.044531 0.045898 0.061719 0.045898 0.063281 0.047852 0.064844 0.047852 0.065625 0.048828 0.067187 0.048828 0.067969 0.049805 0.068750 0.049805 0.073438 0.055664 0.074219 0.055664 0.074219 0.073242 0.072656 0.075195 0.067969 0.075195 0.067187 0.074219 0.066406 0.074219 0.065625 0.073242 0.064844 0.073242 0.060937 0.068359 0.060156 0.068359 0.059375 0.067383 0.054688 0.067383 0.053906 0.068359 0.051562 0.068359 0.050781 0.069336 0.050000 0.069336 0.049219 0.070312 0.049219 0.071289 0.048438 0.072266 0.048438 0.077148 0.047656 0.078125 0.047656 0.079102 0.046875 0.080078 0.046875 0.083008 0.046094 0.083984 0.046094 0.087891 0.047656 0.089844 0.047656 0.090820 0.048438 0.091797 0.048438 0.092773 0.049219 0.093750 0.049219 0.094727 0.050000 0.095703 0.050000 0.101562 0.049219 0.102539 0.049219 0.103516 0.048438 0.104492 0.048438 0.105469 0.046875 0.107422 0.046875 0.108398 0.042188 0.114258
4 0.089063 0.207031 0.089063 0.206055 0.088281 0.205078 0.088281 0.204102 0.087500 0.203125 0.087500 0.194336 0.088281 0.193359 0.088281 0.188477 0.089063 0.187500 0.089063 0.186523 0.089844 0.185547 0.089844 0.183594 0.090625 0.182617 0.090625 0.181641 0.091406 0.180664 0.091406 0.179688 0.092188 0.178711 0.092188 0.177734 0.092969 0.176758 0.092969 0.175781 0.093750 0.174805 0.093750 0.173828 0.094531 0.172852 0.094531 0.171875 0.095312 0.170898 0.095312 0.169922 0.096094 0.168945 0.096094 0.164062 0.095312 0.163086 0.095312 0.161133 0.094531 0.160156 0.094531 0.159180 0.093750 0.158203 0.093750 0.157227 0.092969 0.156250 0.092188 0.156250 0.091406 0.155273 0.089844 0.155273 0.089063 0.154297 0.086719 0.154297 0.082812 0.149414 0.082812 0.134766 0.085938 0.130859 0.103906 0.130859 0.104688 0.131836 0.105469 0.131836 0.106250 0.132812 0.107031 0.132812 0.108594 0.134766 0.109375 0.134766 0.114062 0.140625 0.114062 0.141602 0.114844 0.142578 0.114844 0.144531 0.115625 0.145508 0.115625 0.146484 0.116406 0.147461 0.116406 0.148438 0.117188 0.149414 0.117188 0.150391 0.117969 0.151367 0.117969 0.177734 0.117188 0.178711 0.117188 0.180664 0.116406 0.181641 0.116406 0.184570 0.115625 0.185547 0.115625 0.186523 0.114062 0.188477 0.114062 0.189453 0.112500 0.191406 0.112500 0.192383 0.106250 0.200195 0.105469 0.200195 0.101562 0.205078 0.100781 0.205078 0.099219 0.207031
11 0.207031 0.148438 0.206250 0.147461 0.200781 0.147461 0.200000 0.146484 0.198437 0.146484 0.196875 0.144531 0.196094 0.144531 0.196094 0.143555 0.193750 0.140625 0.192969 0.140625 0.189844 0.136719 0.189844 0.135742 0.186719 0.131836 0.185938 0.131836 0.185156 0.130859 0.182812 0.130859 0.182031 0.131836 0.176563 0.131836 0.175781 0.130859 0.175000 0.130859 0.172656 0.127930 0.171875 0.127930 0.169531 0.125000 0.168750 0.125000 0.168750 0.124023 0.167187 0.122070 0.167187 0.104492 0.167969 0.103516 0.167969 0.102539 0.168750 0.101562 0.168750 0.100586 0.169531 0.099609 0.169531 0.097656 0.170313 0.096680 0.170313 0.095703 0.171875 0.093750 0.171875 0.092773 0.172656 0.091797 0.173437 0.091797 0.175000 0.089844 0.176563 0.089844 0.177344 0.088867 0.179688 0.088867 0.181250 0.086914 0.196875 0.086914 0.197656 0.087891 0.199219 0.087891 0.200000 0.088867 0.201563 0.088867 0.202344 0.089844 0.203906 0.089844 0.204687 0.090820 0.205469 0.090820 0.206250 0.091797 0.207031 0.091797 0.210938 0.096680 0.211719 0.096680 0.213281 0.098633 0.214062 0.098633 0.214844 0.099609 0.215625 0.099609 0.217188 0.101562 0.217188 0.102539 0.218750 0.104492 0.218750 0.105469 0.221094 0.108398 0.221094 0.133789 0.220312 0.134766 0.220312 0.135742 0.219531 0.136719 0.219531 0.138672 0.217188 0.141602 0.217188 0.142578 0.215625 0.144531 0.214844 0.144531 0.214062 0.145508 0.213281 0.145508 0.212500 0.146484 0.211719 0.146484 0.210938 0.147461 0.210156 0.147461 0.209375 0.148438
5 0.638281 0.690430 0.636719 0.688477 0.635156 0.688477 0.634375 0.687500 0.633594 0.687500 0.629687 0.682617 0.628906 0.682617 0.628125 0.681641 0.628125 0.680664 0.626563 0.678711 0.626563 0.677734 0.624219 0.674805 0.624219 0.673828 0.621094 0.669922 0.621094 0.668945 0.620313 0.667969 0.620313 0.666016 0.619531 0.665039 0.619531 0.664062 0.618750 0.663086 0.618750 0.661133 0.617969 0.660156 0.617969 0.658203 0.617188 0.657227 0.617188 0.652344 0.616406 0.651367 0.616406 0.648438 0.617188 0.647461 0.617188 0.644531 0.617969 0.643555 0.617969 0.640625 0.618750 0.639648 0.618750 0.638672 0.620313 0.636719 0.620313 0.635742 0.621094 0.634766 0.637500 0.634766 0.642188 0.640625 0.642188 0.643555 0.641406 0.644531 0.641406 0.648438 0.640625 0.649414 0.640625 0.654297 0.639844 0.655273 0.639844 0.656250 0.640625 0.657227 0.640625 0.658203 0.641406 0.659180 0.641406 0.660156 0.642969 0.662109 0.643750 0.662109 0.648438 0.667969 0.649219 0.667969 0.650000 0.668945 0.652344 0.668945 0.653125 0.667969 0.653906 0.667969 0.654687 0.668945 0.656250 0.668945 0.657031 0.667969 0.657813 0.667969 0.658594 0.668945 0.659375 0.668945 0.660156 0.669922 0.661719 0.669922 0.663281 0.671875 0.664062 0.671875 0.665625 0.673828 0.665625 0.674805 0.666406 0.675781 0.666406 0.677734 0.667188 0.678711 0.667188 0.679688 0.666406 0.680664 0.666406 0.684570 0.664062 0.687500 0.663281 0.687500 0.661719 0.689453 0.660937 0.689453 0.660156 0.690430
0 0.850781 0.745117 0.850000 0.744141 0.849219 0.744141 0.847656 0.742188 0.846875 0.742188 0.845313 0.740234 0.844531 0.740234 0.842969 0.738281 0.842187 0.738281 0.840625 0.736328 0.840625 0.726562 0.841406 0.725586 0.841406 0.724609 0.842187 0.723633 0.842187 0.721680 0.843750 0.719727 0.843750 0.718750 0.844531 0.718750 0.845313 0.717773 0.846094 0.717773 0.846875 0.716797 0.848437 0.716797 0.849219 0.715820 0.853906 0.715820 0.854688 0.716797 0.856250 0.716797 0.857031 0.715820 0.858594 0.715820 0.859375 0.714844 0.860156 0.714844 0.861719 0.712891 0.863281 0.712891 0.864062 0.711914 0.864844 0.711914 0.865625 0.710938 0.867188 0.710938 0.868750 0.708984 0.887500 0.708984 0.888281 0.709961 0.888281 0.712891 0.889062 0.713867 0.889062 0.716797 0.888281 0.717773 0.888281 0.720703 0.887500 0.721680 0.887500 0.723633 0.886719 0.724609 0.886719 0.726562 0.885938 0.727539 0.885938 0.729492 0.884375 0.731445 0.884375 0.732422 0.882812 0.734375 0.882812 0.735352 0.878906 0.740234 0.878125 0.740234 0.876563 0.742188 0.874219 0.742188 0.872656 0.744141 0.870313 0.744141 0.869531 0.745117
8 0.060937 0.442383 0.060156 0.441406 0.059375 0.441406 0.057813 0.439453 0.057031 0.439453 0.054688 0.436523 0.053906 0.436523 0.052344 0.434570 0.051562 0.434570 0.047656 0.429688 0.047656 0.428711 0.045312 0.425781 0.045312 0.424805 0.044531 0.423828 0.044531 0.422852 0.043750 0.421875 0.043750 0.420898 0.042969 0.419922 0.042969 0.418945 0.042188 0.417969 0.042188 0.385742 0.043750 0.383789 0.043750 0.382812 0.045312 0.380859 0.045312 0.379883 0.046094 0.378906 0.046094 0.377930 0.052344 0.370117 0.053125 0.370117 0.055469 0.367188 0.069531 0.367188 0.072656 0.371094 0.072656 0.372070 0.073438 0.373047 0.073438 0.375000 0.074219 0.375977 0.074219 0.377930 0.075000 0.378906 0.075000 0.381836 0.075781 0.382812 0.075781 0.388672 0.075000 0.389648 0.075000 0.391602 0.072656 0.394531 0.072656 0.395508 0.068750 0.400391 0.068750 0.401367 0.067969 0.402344 0.067969 0.405273 0.067187 0.406250 0.067187 0.409180 0.067969 0.410156 0.067969 0.411133 0.070312 0.414062 0.071094 0.414062 0.071875 0.415039 0.072656 0.415039 0.073438 0.416016 0.075000 0.416016 0.076563 0.417969 0.077344 0.417969 0.078125 0.418945 0.078906 0.418945 0.080469 0.420898 0.081250 0.420898 0.085156 0.425781 0.085156 0.437500 0.082812 0.440430 0.082031 0.440430 0.081250 0.441406 0.080469 0.441406 0.079687 0.442383
2 0.178906 0.516602 0.177344 0.514648 0.176563 0.514648 0.175781 0.513672 0.174219 0.513672 0.173437 0.512695 0.170313 0.512695 0.169531 0.511719 0.167969 0.511719 0.167187 0.510742 0.165625 0.510742 0.164844 0.509766 0.162500 0.509766 0.161719 0.508789 0.160156 0.508789 0.159375 0.507812 0.158594 0.507812 0.158594 0.506836 0.157812 0.505859 0.157812 0.504883 0.156250 0.502930 0.156250 0.501953 0.155469 0.500977 0.155469 0.500000 0.154688 0.499023 0.154688 0.498047 0.153906 0.497070 0.153906 0.492188 0.153125 0.491211 0.153125 0.489258 0.151562 0.487305 0.151562 0.479492 0.153125 0.477539 0.153125 0.476562 0.153906 0.475586 0.153906 0.474609 0.154688 0.473633 0.154688 0.472656 0.155469 0.471680 0.155469 0.470703 0.157812 0.467773 0.158594 0.467773 0.160156 0.465820 0.160938 0.465820 0.162500 0.463867 0.168750 0.463867 0.169531 0.464844 0.170313 0.464844 0.171094 0.465820 0.171875 0.465820 0.172656 0.466797 0.172656 0.467773 0.173437 0.468750 0.173437 0.470703 0.174219 0.471680 0.174219 0.475586 0.175781 0.477539 0.175781 0.478516 0.177344 0.480469 0.177344 0.481445 0.178125 0.482422 0.178125 0.483398 0.178906 0.484375 0.178906 0.485352 0.182031 0.489258 0.182031 0.490234 0.185938 0.495117 0.186719 0.495117 0.187500 0.496094 0.187500 0.497070 0.189062 0.499023 0.189062 0.513672 0.187500 0.515625 0.187500 0.516602
2 0.130469 0.101562 0.128906 0.099609 0.128125 0.099609 0.125781 0.096680 0.125781 0.082031 0.127344 0.080078 0.127344 0.079102 0.132812 0.072266 0.133594 0.072266 0.134375 0.071289 0.135156 0.071289 0.136719 0.069336 0.136719 0.068359 0.137500 0.067383 0.137500 0.064453 0.136719 0.063477 0.136719 0.061523 0.135937 0.060547 0.135937 0.058594 0.135156 0.057617 0.135156 0.054688 0.132812 0.051758 0.132812 0.050781 0.126562 0.042969 0.126562 0.041992 0.127344 0.041016 0.127344 0.040039 0.133594 0.032227 0.152344 0.032227 0.153906 0.034180 0.154688 0.034180 0.157031 0.037109 0.157031 0.038086 0.159375 0.041016 0.159375 0.041992 0.161719 0.044922 0.161719 0.045898 0.162500 0.046875 0.162500 0.047852 0.163281 0.048828 0.163281 0.074219 0.161719 0.076172 0.161719 0.078125 0.160938 0.079102 0.160938 0.080078 0.160156 0.081055 0.160156 0.082031 0.157031 0.085938 0.157031 0.086914 0.153906 0.090820 0.153125 0.090820 0.150000 0.094727 0.149219 0.094727 0.146875 0.097656 0.145313 0.097656 0.144531 0.098633 0.142969 0.098633 0.142187 0.099609 0.141406 0.099609 0.140625 0.100586 0.139844 0.100586 0.139063 0.101562
10 0.402344 0.591797 0.402344 0.590820 0.401562 0.589844 0.401562 0.588867 0.400781 0.587891 0.400781 0.586914 0.400000 0.585938 0.400000 0.584961 0.399219 0.583984 0.399219 0.583008 0.394531 0.577148 0.392188 0.577148 0.391406 0.578125 0.389062 0.578125 0.388281 0.579102 0.386719 0.579102 0.385937 0.580078 0.385156 0.580078 0.384375 0.581055 0.383594 0.581055 0.381250 0.583984 0.380469 0.583984 0.379688 0.584961 0.377344 0.584961 0.376563 0.585938 0.374219 0.585938 0.373437 0.584961 0.371875 0.584961 0.371094 0.583984 0.369531 0.583984 0.368750 0.583008 0.367969 0.583008 0.367969 0.562500 0.375781 0.552734 0.376563 0.552734 0.377344 0.551758 0.378125 0.551758 0.379688 0.549805 0.402344 0.549805 0.403125 0.550781 0.403906 0.550781 0.404687 0.551758 0.405469 0.551758 0.407031 0.553711 0.408594 0.553711 0.410938 0.556641 0.411719 0.556641 0.416406 0.562500 0.416406 0.563477 0.417187 0.564453 0.417187 0.565430 0.417969 0.566406 0.417969 0.567383 0.418750 0.568359 0.418750 0.569336 0.419531 0.570312 0.419531 0.571289 0.420312 0.572266 0.420312 0.578125 0.421094 0.579102 0.421094 0.583984 0.420312 0.584961 0.420312 0.589844 0.418750 0.591797
7 0.451562 0.457031 0.451562 0.456055 0.450781 0.455078 0.450781 0.454102 0.451562 0.453125 0.451562 0.441406 0.452344 0.440430 0.452344 0.439453 0.450781 0.437500 0.450781 0.436523 0.448437 0.433594 0.447656 0.433594 0.446875 0.432617 0.445312 0.432617 0.443750 0.430664 0.442188 0.430664 0.441406 0.431641 0.439063 0.431641 0.438281 0.432617 0.433594 0.432617 0.432812 0.431641 0.430469 0.431641 0.429688 0.430664 0.428125 0.430664 0.427344 0.429688 0.426563 0.429688 0.426563 0.428711 0.425000 0.426758 0.425000 0.418945 0.425781 0.417969 0.425781 0.416016 0.426563 0.415039 0.426563 0.414062 0.427344 0.413086 0.427344 0.412109 0.428125 0.411133 0.428125 0.410156 0.429688 0.408203 0.430469 0.408203 0.431250 0.407227 0.432031 0.407227 0.434375 0.404297 0.458594 0.404297 0.460156 0.406250 0.460938 0.406250 0.461719 0.407227 0.462500 0.407227 0.463281 0.408203 0.464062 0.408203 0.466406 0.411133 0.467187 0.411133 0.470313 0.415039 0.470313 0.416992 0.471094 0.417969 0.471094 0.418945 0.471875 0.419922 0.471875 0.421875 0.473438 0.423828 0.473438 0.424805 0.474219 0.425781 0.474219 0.427734 0.475000 0.428711 0.475000 0.442383 0.474219 0.443359 0.474219 0.445312 0.473438 0.446289 0.473438 0.447266 0.472656 0.448242 0.472656 0.449219 0.471875 0.450195 0.471875 0.451172 0.467969 0.456055 0.467969 0.457031
5 0.820312 0.434570 0.819531 0.433594 0.810937 0.433594 0.809375 0.431641 0.808594 0.431641 0.807031 0.429688 0.806250 0.429688 0.804688 0.427734 0.803906 0.427734 0.801562 0.424805 0.801562 0.403320 0.802344 0.403320 0.803906 0.401367 0.804688 0.401367 0.805469 0.400391 0.807813 0.400391 0.808594 0.399414 0.809375 0.399414 0.810156 0.400391 0.810937 0.400391 0.811719 0.401367 0.812500 0.401367 0.814063 0.403320 0.814844 0.403320 0.815625 0.404297 0.821094 0.404297 0.821875 0.403320 0.823438 0.403320 0.825781 0.400391 0.825781 0.399414 0.827344 0.397461 0.827344 0.394531 0.828125 0.393555 0.828125 0.391602 0.828906 0.390625 0.828906 0.383789 0.830469 0.381836 0.830469 0.380859 0.832812 0.377930 0.833594 0.377930 0.834375 0.376953 0.835156 0.376953 0.835938 0.375977 0.840625 0.375977 0.841406 0.376953 0.842187 0.376953 0.842969 0.377930 0.843750 0.377930 0.845313 0.379883 0.846094 0.379883 0.848437 0.382812 0.848437 0.413086 0.846875 0.415039 0.846875 0.416016 0.843750 0.419922 0.843750 0.420898 0.842969 0.420898 0.838281 0.426758 0.837500 0.426758 0.835156 0.429688 0.833594 0.429688 0.832812 0.430664 0.832031 0.430664 0.831250 0.431641 0.829688 0.431641 0.828906 0.432617 0.826562 0.432617 0.825781 0.433594 0.821094 0.433594
7 0.349219 0.388672 0.348438 0.387695 0.347656 0.387695 0.346875 0.386719 0.345313 0.386719 0.344531 0.385742 0.343750 0.385742 0.339844 0.380859 0.339844 0.356445 0.341406 0.354492 0.341406 0.353516 0.342187 0.352539 0.342187 0.351562 0.343750 0.349609 0.343750 0.348633 0.344531 0.347656 0.344531 0.346680 0.346875 0.343750 0.347656 0.343750 0.349219 0.341797 0.350000 0.341797 0.351562 0.339844 0.367969 0.339844 0.367969 0.340820 0.368750 0.341797 0.369531 0.341797 0.372656 0.345703 0.372656 0.347656 0.375781 0.351562 0.375781 0.352539 0.378125 0.355469 0.378906 0.355469 0.380469 0.357422 0.381250 0.357422 0.381250 0.371094 0.380469 0.371094 0.379688 0.372070 0.379688 0.373047 0.378125 0.375000 0.377344 0.375000 0.376563 0.375977 0.375000 0.375977 0.374219 0.376953 0.371875 0.376953 0.371094 0.375977 0.369531 0.375977 0.368750 0.375000 0.367188 0.375000 0.366406 0.374023 0.365625 0.374023 0.364844 0.373047 0.360938 0.373047 0.360156 0.374023 0.360156 0.375000 0.359375 0.375977 0.359375 0.380859 0.358594 0.381836 0.358594 0.383789 0.356250 0.386719 0.355469 0.386719 0.354687 0.387695 0.353906 0.387695 0.353125 0.388672
7 0.548438 0.889648 0.547656 0.888672 0.545312 0.888672 0.544531 0.887695 0.542188 0.887695 0.541406 0.886719 0.540625 0.886719 0.539844 0.885742 0.539062 0.885742 0.538281 0.884766 0.537500 0.884766 0.535937 0.882812 0.535156 0.882812 0.534375 0.881836 0.533594 0.881836 0.532031 0.879883 0.531250 0.879883 0.530469 0.878906 0.530469 0.877930 0.529687 0.876953 0.528906 0.876953 0.528125 0.875977 0.528125 0.875000 0.525781 0.872070 0.525781 0.870117 0.523438 0.867188 0.523438 0.866211 0.522656 0.865234 0.522656 0.864258 0.521875 0.863281 0.521875 0.837891 0.522656 0.836914 0.523438 0.836914 0.524219 0.835938 0.525000 0.835938 0.525781 0.834961 0.532031 0.834961 0.532813 0.835938 0.535937 0.835938 0.536719 0.836914 0.538281 0.836914 0.539844 0.838867 0.540625 0.838867 0.541406 0.839844 0.541406 0.840820 0.542188 0.841797 0.542969 0.841797 0.544531 0.843750 0.544531 0.844727 0.546094 0.846680 0.546094 0.847656 0.546875 0.848633 0.547656 0.848633 0.549219 0.850586 0.550781 0.850586 0.553125 0.853516 0.553906 0.853516 0.554688 0.854492 0.557813 0.854492 0.558594 0.853516 0.559375 0.853516 0.560156 0.852539 0.560937 0.852539 0.561719 0.851562 0.564844 0.851562 0.565625 0.850586 0.571094 0.850586 0.572656 0.852539 0.573438 0.852539 0.575000 0.854492 0.575000 0.855469 0.575781 0.856445 0.575781 0.857422 0.576562 0.858398 0.576562 0.875977 0.572656 0.880859 0.571875 0.880859 0.568750 0.884766 0.567969 0.884766 0.567187 0.885742 0.565625 0.885742 0.564063 0.887695 0.561719 0.887695 0.560156 0.889648
8 0.595313 0.680664 0.594531 0.679688 0.592969 0.679688 0.591406 0.677734 0.590625 0.677734 0.589844 0.676758 0.589063 0.676758 0.588281 0.675781 0.587500 0.675781 0.583594 0.670898 0.583594 0.669922 0.580469 0.666016 0.580469 0.664062 0.579688 0.663086 0.579688 0.662109 0.578125 0.660156 0.578125 0.640625 0.580469 0.637695 0.580469 0.636719 0.581250 0.635742 0.581250 0.634766 0.583594 0.631836 0.583594 0.630859 0.597656 0.630859 0.599219 0.632812 0.599219 0.634766 0.600000 0.635742 0.600000 0.642578 0.603125 0.646484 0.603906 0.646484 0.604688 0.647461 0.607031 0.647461 0.607812 0.648438 0.609375 0.648438 0.610156 0.647461 0.610938 0.647461 0.616406 0.640625 0.617969 0.640625 0.620313 0.637695 0.621094 0.637695 0.621875 0.636719 0.622656 0.636719 0.624219 0.634766 0.631250 0.634766 0.634375 0.638672 0.634375 0.655273 0.633594 0.656250 0.633594 0.657227 0.632812 0.658203 0.632812 0.659180 0.632031 0.660156 0.632031 0.661133 0.630469 0.663086 0.630469 0.664062 0.629687 0.664062 0.628906 0.665039 0.628906 0.666016 0.621875 0.674805 0.621094 0.674805 0.620313 0.675781 0.619531 0.675781 0.618750 0.676758 0.617969 0.676758 0.617188 0.677734 0.616406 0.677734 0.615625 0.678711 0.614844 0.678711 0.614062 0.679688 0.613281 0.679688 0.612500 0.680664
2 0.343750 0.698242 0.343750 0.697266 0.340625 0.693359 0.340625 0.692383 0.339844 0.691406 0.339844 0.685547 0.339062 0.684570 0.339062 0.681641 0.338281 0.680664 0.338281 0.679688 0.337500 0.678711 0.337500 0.677734 0.336719 0.676758 0.336719 0.675781 0.332813 0.670898 0.332813 0.669922 0.330469 0.666992 0.327344 0.666992 0.326562 0.667969 0.325000 0.667969 0.324219 0.668945 0.323437 0.668945 0.321875 0.670898 0.319531 0.670898 0.318750 0.671875 0.317969 0.670898 0.316406 0.670898 0.315625 0.669922 0.314844 0.669922 0.314063 0.668945 0.313281 0.668945 0.307812 0.662109 0.307031 0.662109 0.307031 0.651367 0.308594 0.649414 0.308594 0.648438 0.310156 0.646484 0.310156 0.645508 0.315625 0.638672 0.316406 0.638672 0.317188 0.637695 0.317969 0.637695 0.319531 0.635742 0.320312 0.635742 0.321094 0.634766 0.321875 0.634766 0.322656 0.633789 0.323437 0.633789 0.324219 0.632812 0.341406 0.632812 0.342187 0.633789 0.343750 0.633789 0.344531 0.634766 0.345313 0.634766 0.346094 0.635742 0.346875 0.635742 0.350000 0.639648 0.350781 0.639648 0.356250 0.646484 0.356250 0.647461 0.357031 0.648438 0.357031 0.649414 0.358594 0.651367 0.358594 0.652344 0.359375 0.653320 0.359375 0.655273 0.360156 0.656250 0.360156 0.657227 0.360938 0.658203 0.360938 0.683594 0.359375 0.685547 0.359375 0.687500 0.358594 0.688477 0.358594 0.689453 0.357812 0.690430 0.357812 0.691406 0.355469 0.694336 0.355469 0.695312 0.353125 0.698242
7 0.752344 0.126953 0.751563 0.125977 0.751563 0.125000 0.750000 0.123047 0.750000 0.122070 0.748437 0.120117 0.748437 0.118164 0.747656 0.117188 0.747656 0.116211 0.748437 0.115234 0.748437 0.112305 0.747656 0.111328 0.747656 0.103516 0.746875 0.102539 0.746875 0.100586 0.746094 0.099609 0.746094 0.096680 0.743750 0.093750 0.742969 0.093750 0.741406 0.091797 0.740625 0.091797 0.739844 0.090820 0.739062 0.090820 0.738281 0.089844 0.737500 0.089844 0.736719 0.088867 0.732812 0.088867 0.732031 0.087891 0.726562 0.087891 0.726562 0.076172 0.727344 0.076172 0.730469 0.072266 0.731250 0.072266 0.732812 0.070312 0.733594 0.070312 0.735156 0.068359 0.735938 0.068359 0.736719 0.067383 0.737500 0.067383 0.738281 0.066406 0.739062 0.066406 0.739844 0.065430 0.749219 0.065430 0.750000 0.066406 0.751563 0.066406 0.752344 0.067383 0.753125 0.067383 0.753906 0.068359 0.754687 0.068359 0.755469 0.069336 0.757031 0.069336 0.757812 0.070312 0.758594 0.070312 0.759375 0.071289 0.760156 0.071289 0.761719 0.073242 0.761719 0.074219 0.762500 0.075195 0.763281 0.075195 0.765625 0.078125 0.766406 0.078125 0.766406 0.079102 0.768750 0.082031 0.768750 0.083984 0.769531 0.084961 0.769531 0.085938 0.770312 0.086914 0.770312 0.111328 0.768750 0.113281 0.768750 0.114258 0.767969 0.115234 0.767969 0.116211 0.766406 0.118164 0.766406 0.119141 0.761719 0.125000 0.760938 0.125000 0.759375 0.126953
11 0.128125 0.309570 0.127344 0.308594 0.125781 0.308594 0.125000 0.307617 0.124219 0.307617 0.123438 0.306641 0.122656 0.306641 0.121875 0.305664 0.121094 0.305664 0.119531 0.303711 0.117969 0.303711 0.117188 0.302734 0.116406 0.302734 0.114844 0.300781 0.114844 0.299805 0.114062 0.298828 0.113281 0.298828 0.111719 0.296875 0.110937 0.296875 0.110937 0.295898 0.110156 0.294922 0.109375 0.294922 0.106250 0.291016 0.106250 0.290039 0.105469 0.289062 0.105469 0.288086 0.104688 0.287109 0.104688 0.283203 0.103906 0.282227 0.103906 0.280273 0.102344 0.278320 0.102344 0.257812 0.103125 0.256836 0.103125 0.255859 0.103906 0.254883 0.103906 0.253906 0.105469 0.251953 0.105469 0.250977 0.106250 0.250000 0.106250 0.249023 0.107031 0.248047 0.107031 0.247070 0.107813 0.246094 0.107813 0.245117 0.108594 0.244141 0.108594 0.243164 0.110156 0.241211 0.110156 0.240234 0.117188 0.231445 0.118750 0.231445 0.120313 0.229492 0.123438 0.229492 0.125000 0.227539 0.125781 0.227539 0.126562 0.226562 0.126562 0.225586 0.136719 0.225586 0.137500 0.226562 0.137500 0.227539 0.139063 0.229492 0.139063 0.232422 0.140625 0.234375 0.140625 0.236328 0.141406 0.237305 0.141406 0.238281 0.142187 0.239258 0.142187 0.240234 0.142969 0.241211 0.142969 0.243164 0.142187 0.244141 0.142969 0.245117 0.142969 0.250977 0.142187 0.251953 0.142187 0.252930 0.142969 0.253906 0.142969 0.255859 0.142187 0.256836 0.142187 0.257812 0.140625 0.257812 0.138281 0.254883 0.136719 0.254883 0.135937 0.253906 0.133594 0.256836 0.133594 0.260742 0.134375 0.261719 0.134375 0.262695 0.135937 0.264648 0.135937 0.265625 0.137500 0.267578 0.138281 0.267578 0.139063 0.268555 0.143750 0.268555 0.144531 0.267578 0.148438 0.267578 0.149219 0.268555 0.150781 0.268555 0.152344 0.270508 0.153125 0.270508 0.153906 0.271484 0.155469 0.271484 0.156250 0.272461 0.157031 0.272461 0.157031 0.297852 0.156250 0.297852 0.153906 0.300781 0.153125 0.300781 0.151562 0.302734 0.150781 0.302734 0.149219 0.304688 0.148438 0.304688 0.147656 0.305664 0.146875 0.305664 0.146094 0.306641 0.143750 0.306641 0.142187 0.308594 0.140625 0.308594 0.139844 0.307617 0.139063 0.308594 0.137500 0.308594 0.136719 0.309570
5 0.847656 0.277344 0.846875 0.276367 0.845313 0.276367 0.844531 0.275391 0.843750 0.275391 0.842969 0.274414 0.841406 0.274414 0.840625 0.273438 0.839844 0.273438 0.838281 0.271484 0.837500 0.271484 0.831250 0.263672 0.831250 0.262695 0.830469 0.261719 0.830469 0.260742 0.829688 0.259766 0.829688 0.258789 0.828906 0.257812 0.828906 0.255859 0.828125 0.254883 0.828125 0.253906 0.827344 0.252930 0.827344 0.251953 0.826562 0.250977 0.826562 0.248047 0.825781 0.247070 0.825781 0.237305 0.826562 0.236328 0.826562 0.233398 0.827344 0.232422 0.827344 0.228516 0.828906 0.226562 0.828906 0.225586 0.843750 0.225586 0.843750 0.226562 0.844531 0.227539 0.844531 0.229492 0.845313 0.230469 0.845313 0.232422 0.846094 0.233398 0.846094 0.234375 0.846875 0.235352 0.846875 0.236328 0.847656 0.237305 0.847656 0.239258 0.848437 0.240234 0.848437 0.241211 0.852344 0.246094 0.853125 0.246094 0.853906 0.247070 0.856250 0.247070 0.857031 0.248047 0.860156 0.248047 0.860938 0.247070 0.861719 0.247070 0.862500 0.246094 0.863281 0.246094 0.864844 0.244141 0.865625 0.244141 0.866406 0.243164 0.867188 0.243164 0.867969 0.242188 0.871094 0.242188 0.871875 0.241211 0.874219 0.241211 0.875781 0.243164 0.876563 0.243164 0.877344 0.244141 0.878125 0.244141 0.879687 0.246094 0.879687 0.261719 0.876563 0.265625 0.876563 0.266602 0.871094 0.273438 0.870313 0.273438 0.869531 0.274414 0.867969 0.274414 0.866406 0.276367 0.865625 0.276367 0.864844 0.277344
2 0.060156 0.533203 0.059375 0.532227 0.057031 0.532227 0.056250 0.531250 0.055469 0.531250 0.053906 0.529297 0.052344 0.529297 0.051562 0.528320 0.050000 0.528320 0.043750 0.520508 0.043750 0.519531 0.041406 0.516602 0.041406 0.515625 0.040625 0.514648 0.040625 0.513672 0.039844 0.512695 0.039844 0.511719 0.039062 0.510742 0.039062 0.507812 0.038281 0.506836 0.038281 0.503906 0.037500 0.502930 0.037500 0.492188 0.038281 0.491211 0.038281 0.490234 0.039062 0.489258 0.039062 0.488281 0.041406 0.485352 0.042188 0.485352 0.042969 0.484375 0.047656 0.484375 0.048438 0.485352 0.050000 0.485352 0.050781 0.486328 0.051562 0.486328 0.052344 0.487305 0.053906 0.487305 0.055469 0.489258 0.056250 0.489258 0.058594 0.492188 0.060156 0.492188 0.061719 0.494141 0.062500 0.494141 0.069531 0.502930 0.074219 0.502930 0.076563 0.500000 0.076563 0.499023 0.078125 0.497070 0.078125 0.496094 0.080469 0.493164 0.080469 0.491211 0.081250 0.490234 0.081250 0.483398 0.082812 0.481445 0.086719 0.481445 0.087500 0.482422 0.088281 0.482422 0.092188 0.487305 0.092969 0.487305 0.093750 0.488281 0.094531 0.488281 0.094531 0.513672 0.092969 0.515625 0.092969 0.516602 0.091406 0.518555 0.091406 0.519531 0.087500 0.524414 0.086719 0.524414 0.084375 0.527344 0.083594 0.527344 0.082031 0.529297 0.080469 0.529297 0.079687 0.530273 0.078906 0.530273 0.078125 0.531250 0.075781 0.531250 0.075000 0.532227 0.073438 0.532227 0.072656 0.533203
10 0.028906 0.205078 0.028125 0.204102 0.027344 0.204102 0.025781 0.202148 0.025000 0.202148 0.023438 0.200195 0.022656 0.200195 0.015625 0.191406 0.015625 0.190430 0.014844 0.189453 0.014844 0.188477 0.014063 0.187500 0.014063 0.162109 0.015625 0.160156 0.015625 0.159180 0.017188 0.157227 0.018750 0.157227 0.019531 0.156250 0.022656 0.156250 0.023438 0.155273 0.024219 0.155273 0.025000 0.156250 0.029687 0.156250 0.034375 0.162109 0.034375 0.163086 0.035156 0.164062 0.035156 0.165039 0.035937 0.166016 0.035937 0.166992 0.036719 0.167969 0.036719 0.168945 0.037500 0.169922 0.037500 0.170898 0.038281 0.171875 0.038281 0.172852 0.039062 0.173828 0.039844 0.173828 0.040625 0.174805 0.042188 0.174805 0.045312 0.170898 0.045312 0.169922 0.050000 0.164062 0.050781 0.164062 0.051562 0.163086 0.051562 0.162109 0.057031 0.155273 0.057813 0.155273 0.060156 0.152344 0.068750 0.152344 0.071094 0.155273 0.071094 0.156250 0.071875 0.157227 0.071875 0.159180 0.072656 0.160156 0.072656 0.161133 0.073438 0.162109 0.073438 0.163086 0.074219 0.164062 0.074219 0.165039 0.075000 0.166016 0.075000 0.172852 0.074219 0.173828 0.074219 0.178711 0.073438 0.179688 0.073438 0.180664 0.072656 0.181641 0.072656 0.182617 0.071875 0.183594 0.071875 0.184570 0.071094 0.185547 0.071094 0.186523 0.069531 0.188477 0.069531 0.189453 0.065625 0.194336 0.065625 0.195312 0.064844 0.196289 0.064062 0.196289 0.060156 0.201172 0.059375 0.201172 0.058594 0.202148 0.057813 0.202148 0.057031 0.203125 0.055469 0.203125 0.053906 0.205078
4 0.109375 0.383789 0.108594 0.382812 0.107031 0.382812 0.106250 0.381836 0.105469 0.381836 0.104688 0.380859 0.103906 0.380859 0.103125 0.379883 0.102344 0.379883 0.101562 0.378906 0.100781 0.378906 0.097656 0.375000 0.096875 0.375000 0.095312 0.373047 0.094531 0.373047 0.093750 0.372070 0.093750 0.371094 0.092188 0.369141 0.092188 0.368164 0.091406 0.367188 0.090625 0.367188 0.090625 0.345703 0.091406 0.344727 0.092188 0.344727 0.092969 0.343750 0.095312 0.343750 0.096094 0.344727 0.096875 0.344727 0.098437 0.346680 0.099219 0.346680 0.100000 0.347656 0.101562 0.347656 0.104688 0.351562 0.105469 0.351562 0.108594 0.355469 0.110156 0.355469 0.110937 0.356445 0.111719 0.356445 0.112500 0.355469 0.114844 0.355469 0.116406 0.353516 0.117969 0.353516 0.119531 0.351562 0.121094 0.351562 0.122656 0.349609 0.128906 0.349609 0.129688 0.350586 0.130469 0.350586 0.131250 0.351562 0.133594 0.351562 0.134375 0.352539 0.135937 0.352539 0.137500 0.354492 0.138281 0.354492 0.139063 0.355469 0.139063 0.371094 0.136719 0.374023 0.136719 0.375000 0.135937 0.375977 0.135156 0.375977 0.132031 0.379883 0.129688 0.379883 0.128906 0.380859 0.127344 0.380859 0.125781 0.382812 0.124219 0.382812 0.123438 0.383789 0.121094 0.383789 0.120313 0.382812 0.119531 0.383789
3 0.100781 0.707031 0.100000 0.706055 0.099219 0.706055 0.096094 0.702148 0.095312 0.702148 0.094531 0.701172 0.094531 0.700195 0.093750 0.699219 0.093750 0.697266 0.092969 0.696289 0.092969 0.682617 0.093750 0.681641 0.093750 0.680664 0.095312 0.678711 0.096094 0.678711 0.096875 0.677734 0.106250 0.677734 0.107031 0.676758 0.109375 0.676758 0.111719 0.673828 0.112500 0.673828 0.115625 0.669922 0.116406 0.669922 0.117969 0.667969 0.117969 0.665039 0.115625 0.662109 0.115625 0.661133 0.112500 0.657227 0.112500 0.655273 0.111719 0.654297 0.111719 0.652344 0.110937 0.651367 0.110937 0.647461 0.111719 0.646484 0.111719 0.643555 0.112500 0.642578 0.112500 0.641602 0.131250 0.641602 0.135937 0.647461 0.135937 0.648438 0.137500 0.650391 0.137500 0.651367 0.138281 0.652344 0.138281 0.653320 0.139063 0.654297 0.139063 0.657227 0.139844 0.658203 0.139844 0.660156 0.140625 0.661133 0.140625 0.662109 0.141406 0.663086 0.141406 0.672852 0.140625 0.673828 0.140625 0.677734 0.139844 0.678711 0.139844 0.682617 0.139063 0.683594 0.139063 0.686523 0.137500 0.688477 0.137500 0.690430 0.135156 0.693359 0.135156 0.694336 0.134375 0.695312 0.134375 0.696289 0.133594 0.697266 0.133594 0.698242 0.132812 0.699219 0.132031 0.699219 0.130469 0.701172 0.129688 0.701172 0.125781 0.706055 0.125000 0.706055 0.124219 0.707031
5 0.646875 0.558594 0.646875 0.557617 0.646094 0.556641 0.645312 0.556641 0.644531 0.555664 0.643750 0.555664 0.642188 0.553711 0.642188 0.552734 0.641406 0.551758 0.641406 0.550781 0.640625 0.549805 0.640625 0.539062 0.639844 0.538086 0.639844 0.528320 0.639062 0.527344 0.639062 0.525391 0.636719 0.522461 0.635156 0.522461 0.634375 0.521484 0.631250 0.521484 0.630469 0.520508 0.627344 0.520508 0.626563 0.519531 0.625000 0.519531 0.621094 0.514648 0.621094 0.503906 0.621875 0.502930 0.622656 0.502930 0.625781 0.499023 0.643750 0.499023 0.644531 0.500000 0.645312 0.500000 0.646094 0.500977 0.646875 0.500977 0.647656 0.501953 0.648438 0.501953 0.649219 0.502930 0.650781 0.502930 0.657813 0.511719 0.657813 0.512695 0.660937 0.516602 0.660937 0.517578 0.661719 0.518555 0.661719 0.519531 0.662500 0.520508 0.662500 0.521484 0.663281 0.522461 0.663281 0.544922 0.661719 0.546875 0.661719 0.547852 0.660937 0.548828 0.660937 0.550781 0.654687 0.558594
11 0.782031 0.250000 0.779687 0.247070 0.778906 0.247070 0.778125 0.246094 0.777344 0.246094 0.776563 0.245117 0.775781 0.245117 0.774219 0.243164 0.773438 0.243164 0.772656 0.242188 0.771875 0.242188 0.771094 0.241211 0.771094 0.240234 0.769531 0.238281 0.769531 0.237305 0.767969 0.235352 0.767969 0.210938 0.771875 0.206055 0.772656 0.206055 0.773438 0.205078 0.775000 0.205078 0.775781 0.204102 0.777344 0.204102 0.778906 0.202148 0.782031 0.202148 0.782813 0.201172 0.783594 0.201172 0.785937 0.198242 0.785937 0.197266 0.785156 0.196289 0.785156 0.193359 0.785937 0.192383 0.785937 0.189453 0.786719 0.188477 0.786719 0.186523 0.787500 0.185547 0.787500 0.184570 0.789844 0.181641 0.789844 0.180664 0.792969 0.176758 0.804688 0.176758 0.805469 0.177734 0.807031 0.177734 0.807813 0.178711 0.809375 0.178711 0.810156 0.179688 0.812500 0.179688 0.813281 0.180664 0.814844 0.180664 0.815625 0.181641 0.815625 0.210938 0.814844 0.211914 0.814844 0.212891 0.814063 0.213867 0.814063 0.214844 0.813281 0.215820 0.813281 0.216797 0.811719 0.218750 0.811719 0.219727 0.810937 0.220703 0.810937 0.221680 0.809375 0.223633 0.809375 0.225586 0.807813 0.227539 0.807813 0.228516 0.806250 0.230469 0.806250 0.231445 0.802344 0.236328 0.802344 0.239258 0.801562 0.240234 0.801562 0.246094 0.800000 0.248047 0.799219 0.248047 0.797656 0.250000
7 0.205469 0.169922 0.205469 0.168945 0.203125 0.166016 0.203125 0.163086 0.202344 0.162109 0.202344 0.146484 0.203125 0.145508 0.203125 0.144531 0.203906 0.143555 0.203906 0.142578 0.205469 0.140625 0.205469 0.136719 0.206250 0.135742 0.206250 0.134766 0.207813 0.132812 0.208594 0.132812 0.210156 0.130859 0.210156 0.129883 0.212500 0.126953 0.213281 0.126953 0.214844 0.125000 0.215625 0.125000 0.217969 0.122070 0.239063 0.122070 0.239844 0.123047 0.240625 0.123047 0.243750 0.126953 0.243750 0.127930 0.244531 0.128906 0.244531 0.129883 0.246094 0.131836 0.246094 0.145508 0.244531 0.147461 0.243750 0.147461 0.242969 0.148438 0.242188 0.148438 0.241406 0.149414 0.234375 0.149414 0.233594 0.148438 0.231250 0.148438 0.230469 0.147461 0.228906 0.147461 0.228125 0.146484 0.226562 0.146484 0.225781 0.145508 0.223438 0.145508 0.222656 0.146484 0.221875 0.146484 0.219531 0.149414 0.219531 0.155273 0.220312 0.156250 0.220312 0.158203 0.219531 0.159180 0.219531 0.162109 0.218750 0.163086 0.218750 0.165039 0.217969 0.166016 0.217969 0.166992 0.217188 0.167969 0.217188 0.168945 0.216406 0.169922
12 0.392188 0.376953 0.390625 0.375000 0.389062 0.375000 0.388281 0.374023 0.387500 0.374023 0.386719 0.373047 0.385937 0.373047 0.385156 0.372070 0.384375 0.372070 0.382812 0.370117 0.382031 0.370117 0.381250 0.369141 0.381250 0.368164 0.379688 0.366211 0.379688 0.365234 0.376563 0.361328 0.376563 0.360352 0.374219 0.357422 0.374219 0.356445 0.373437 0.355469 0.373437 0.321289 0.375781 0.318359 0.375781 0.317383 0.376563 0.316406 0.376563 0.315430 0.377344 0.314453 0.377344 0.313477 0.378125 0.312500 0.378125 0.311523 0.382031 0.306641 0.382812 0.306641 0.385156 0.303711 0.385937 0.303711 0.386719 0.302734 0.387500 0.302734 0.388281 0.301758 0.400781 0.301758 0.402344 0.303711 0.402344 0.305664 0.403125 0.306641 0.403125 0.309570 0.403906 0.310547 0.403906 0.314453 0.404687 0.315430 0.404687 0.319336 0.403906 0.320312 0.403906 0.321289 0.403125 0.322266 0.403125 0.323242 0.402344 0.324219 0.402344 0.325195 0.401562 0.326172 0.401562 0.333008 0.404687 0.336914 0.405469 0.336914 0.406250 0.337891 0.407031 0.337891 0.407813 0.338867 0.414844 0.338867 0.415625 0.339844 0.417187 0.339844 0.420312 0.343750 0.421094 0.343750 0.421094 0.366211 0.420312 0.367188 0.420312 0.368164 0.414062 0.375977 0.413281 0.375977 0.412500 0.376953
7 0.785937 0.829102 0.784375 0.827148 0.783594 0.827148 0.782031 0.825195 0.781250 0.825195 0.778125 0.821289 0.778125 0.820312 0.774219 0.815430 0.774219 0.789062 0.775781 0.787109 0.775781 0.785156 0.778125 0.782227 0.778125 0.781250 0.782813 0.775391 0.783594 0.775391 0.785156 0.773438 0.785937 0.773438 0.786719 0.772461 0.787500 0.772461 0.788281 0.771484 0.789844 0.771484 0.791406 0.769531 0.792969 0.769531 0.794531 0.767578 0.810156 0.767578 0.810937 0.768555 0.812500 0.768555 0.813281 0.769531 0.814844 0.769531 0.815625 0.770508 0.816406 0.770508 0.817187 0.771484 0.817969 0.771484 0.820312 0.774414 0.821094 0.774414 0.822656 0.776367 0.822656 0.777344 0.824219 0.779297 0.824219 0.780273 0.825000 0.781250 0.825000 0.782227 0.825781 0.783203 0.825781 0.784180 0.826562 0.785156 0.826562 0.802734 0.825781 0.803711 0.825000 0.803711 0.824219 0.804688 0.822656 0.804688 0.821875 0.805664 0.818750 0.805664 0.817187 0.803711 0.816406 0.803711 0.815625 0.802734 0.814844 0.802734 0.814063 0.801758 0.814063 0.800781 0.812500 0.798828 0.812500 0.797852 0.811719 0.796875 0.810937 0.796875 0.808594 0.793945 0.804688 0.793945 0.803906 0.794922 0.803125 0.794922 0.802344 0.795898 0.802344 0.797852 0.801562 0.798828 0.801562 0.800781 0.800000 0.802734 0.800000 0.805664 0.799219 0.806641 0.799219 0.809570 0.798438 0.810547 0.798438 0.814453 0.797656 0.815430 0.797656 0.821289 0.796875 0.822266 0.796875 0.823242 0.796094 0.823242 0.792188 0.828125 0.791406 0.828125 0.790625 0.829102
8 0.033594 0.622070 0.032813 0.621094 0.032031 0.621094 0.031250 0.620117 0.030469 0.620117 0.029687 0.619141 0.028906 0.619141 0.026562 0.616211 0.026562 0.615234 0.025781 0.614258 0.025781 0.611328 0.025000 0.610352 0.025000 0.606445 0.025781 0.605469 0.025781 0.601562 0.027344 0.599609 0.027344 0.598633 0.028906 0.596680 0.029687 0.596680 0.031250 0.594727 0.032031 0.594727 0.033594 0.592773 0.034375 0.592773 0.035156 0.591797 0.035937 0.591797 0.037500 0.589844 0.038281 0.589844 0.040625 0.586914 0.041406 0.586914 0.042188 0.585938 0.042188 0.582031 0.042969 0.581055 0.042969 0.575195 0.043750 0.574219 0.043750 0.571289 0.044531 0.570312 0.044531 0.568359 0.043750 0.567383 0.043750 0.564453 0.042188 0.562500 0.042188 0.560547 0.041406 0.559570 0.041406 0.556641 0.040625 0.555664 0.040625 0.550781 0.041406 0.549805 0.041406 0.548828 0.054688 0.548828 0.058594 0.553711 0.059375 0.553711 0.059375 0.554688 0.060156 0.555664 0.060937 0.555664 0.062500 0.557617 0.062500 0.558594 0.064062 0.560547 0.064062 0.562500 0.064844 0.563477 0.064844 0.564453 0.065625 0.565430 0.065625 0.566406 0.066406 0.567383 0.066406 0.578125 0.067187 0.579102 0.067187 0.581055 0.067969 0.582031 0.067969 0.583984 0.067187 0.584961 0.067187 0.592773 0.066406 0.593750 0.066406 0.595703 0.065625 0.596680 0.065625 0.599609 0.064844 0.600586 0.064844 0.603516 0.063281 0.605469 0.063281 0.606445 0.062500 0.607422 0.062500 0.608398 0.060937 0.610352 0.060937 0.611328 0.052344 0.622070
12 0.434375 0.944336 0.433594 0.943359 0.428125 0.943359 0.427344 0.942383 0.426563 0.942383 0.423438 0.938477 0.423438 0.937500 0.421875 0.935547 0.421875 0.934570 0.421094 0.933594 0.421094 0.931641 0.420312 0.930664 0.421094 0.929688 0.420312 0.928711 0.420312 0.927734 0.419531 0.926758 0.419531 0.925781 0.416406 0.921875 0.415625 0.921875 0.414844 0.920898 0.410156 0.920898 0.409375 0.919922 0.408594 0.920898 0.405469 0.920898 0.401562 0.925781 0.400781 0.925781 0.399219 0.927734 0.398438 0.927734 0.397656 0.928711 0.396875 0.928711 0.395313 0.930664 0.394531 0.930664 0.393750 0.929688 0.390625 0.929688 0.389062 0.927734 0.388281 0.927734 0.388281 0.907227 0.389844 0.905273 0.389844 0.904297 0.390625 0.903320 0.390625 0.902344 0.392969 0.899414 0.392969 0.898438 0.397656 0.892578 0.398438 0.892578 0.399219 0.891602 0.400781 0.891602 0.401562 0.890625 0.403125 0.890625 0.403906 0.889648 0.405469 0.889648 0.406250 0.888672 0.407031 0.888672 0.407813 0.887695 0.423438 0.887695 0.424219 0.888672 0.425781 0.888672 0.426563 0.889648 0.428125 0.889648 0.428906 0.890625 0.429688 0.890625 0.430469 0.891602 0.431250 0.891602 0.432031 0.892578 0.432812 0.892578 0.433594 0.893555 0.434375 0.893555 0.435156 0.894531 0.435937 0.894531 0.440625 0.900391 0.440625 0.901367 0.442188 0.903320 0.442188 0.904297 0.442969 0.905273 0.442969 0.906250 0.443750 0.907227 0.443750 0.938477 0.442188 0.940430 0.441406 0.940430 0.439844 0.942383 0.439063 0.942383 0.438281 0.943359 0.436719 0.943359 0.435937 0.944336
12 0.784375 0.531250 0.780469 0.526367 0.779687 0.526367 0.775000 0.520508 0.775000 0.519531 0.774219 0.518555 0.773438 0.518555 0.771094 0.515625 0.771094 0.514648 0.770312 0.513672 0.770312 0.512695 0.769531 0.511719 0.769531 0.509766 0.768750 0.508789 0.768750 0.507812 0.767188 0.505859 0.767188 0.501953 0.766406 0.500977 0.766406 0.499023 0.765625 0.498047 0.765625 0.496094 0.766406 0.495117 0.765625 0.494141 0.765625 0.493164 0.764844 0.492188 0.764844 0.475586 0.766406 0.473633 0.766406 0.472656 0.772656 0.464844 0.772656 0.463867 0.775000 0.460938 0.775000 0.459961 0.775781 0.459961 0.776563 0.458984 0.777344 0.458984 0.778125 0.458008 0.779687 0.458008 0.780469 0.457031 0.790625 0.457031 0.792969 0.459961 0.793750 0.459961 0.795312 0.461914 0.795312 0.462891 0.796094 0.463867 0.796094 0.465820 0.796875 0.466797 0.796875 0.468750 0.797656 0.469727 0.797656 0.471680 0.798438 0.472656 0.798438 0.473633 0.797656 0.474609 0.797656 0.476562 0.796875 0.477539 0.796875 0.482422 0.796094 0.483398 0.796094 0.492188 0.795312 0.493164 0.795312 0.500977 0.794531 0.501953 0.794531 0.508789 0.795312 0.509766 0.795312 0.512695 0.800000 0.518555 0.800000 0.519531 0.800781 0.520508 0.800781 0.528320 0.799219 0.530273 0.799219 0.531250
0 0.578906 0.737305 0.577344 0.735352 0.575781 0.735352 0.575000 0.734375 0.574219 0.734375 0.573438 0.733398 0.572656 0.733398 0.571875 0.732422 0.571094 0.732422 0.568750 0.729492 0.567969 0.729492 0.567187 0.728516 0.566406 0.728516 0.563281 0.724609 0.563281 0.723633 0.561719 0.721680 0.561719 0.720703 0.560156 0.718750 0.560156 0.717773 0.559375 0.716797 0.559375 0.715820 0.558594 0.714844 0.558594 0.713867 0.557813 0.712891 0.557813 0.710938 0.556250 0.708984 0.556250 0.698242 0.557031 0.697266 0.569531 0.697266 0.570312 0.698242 0.572656 0.698242 0.573438 0.699219 0.578906 0.699219 0.579688 0.700195 0.580469 0.700195 0.581250 0.701172 0.582031 0.701172 0.583594 0.703125 0.584375 0.703125 0.585156 0.704102 0.585938 0.704102 0.586719 0.705078 0.587500 0.705078 0.588281 0.706055 0.589844 0.706055 0.590625 0.707031 0.592187 0.707031 0.592969 0.708008 0.593750 0.708008 0.594531 0.708984 0.595313 0.708984 0.596094 0.709961 0.596875 0.709961 0.597656 0.710938 0.598437 0.710938 0.598437 0.711914 0.599219 0.712891 0.599219 0.713867 0.600781 0.715820 0.600781 0.729492 0.599219 0.731445 0.599219 0.732422 0.597656 0.734375 0.596875 0.734375 0.594531 0.737305
4 0.518750 0.773438 0.515625 0.769531 0.515625 0.768555 0.513281 0.765625 0.513281 0.761719 0.512500 0.760742 0.512500 0.749023 0.513281 0.748047 0.513281 0.747070 0.514062 0.746094 0.514062 0.743164 0.514844 0.742188 0.514844 0.741211 0.516406 0.739258 0.516406 0.738281 0.517188 0.737305 0.517188 0.736328 0.517969 0.735352 0.517969 0.734375 0.518750 0.734375 0.523438 0.728516 0.524219 0.728516 0.525781 0.726562 0.526563 0.726562 0.528125 0.724609 0.528906 0.724609 0.529687 0.723633 0.531250 0.723633 0.532031 0.722656 0.534375 0.722656 0.535156 0.721680 0.551562 0.721680 0.552344 0.722656 0.553125 0.722656 0.553906 0.723633 0.555469 0.723633 0.556250 0.724609 0.557031 0.724609 0.557813 0.725586 0.560156 0.725586 0.560937 0.726562 0.561719 0.726562 0.562500 0.727539 0.563281 0.727539 0.564844 0.729492 0.565625 0.729492 0.567187 0.731445 0.567969 0.731445 0.575781 0.741211 0.575781 0.742188 0.576562 0.743164 0.576562 0.744141 0.578125 0.746094 0.578125 0.760742 0.576562 0.762695 0.576562 0.763672 0.575781 0.764648 0.575000 0.764648 0.574219 0.765625 0.572656 0.765625 0.571875 0.766602 0.568750 0.766602 0.567969 0.767578 0.567187 0.767578 0.566406 0.766602 0.562500 0.766602 0.561719 0.765625 0.560156 0.765625 0.559375 0.764648 0.558594 0.764648 0.556250 0.761719 0.555469 0.761719 0.554688 0.760742 0.553906 0.760742 0.553125 0.759766 0.552344 0.759766 0.551562 0.758789 0.548438 0.758789 0.547656 0.757812 0.546875 0.757812 0.544531 0.760742 0.544531 0.761719 0.543750 0.762695 0.543750 0.764648 0.542969 0.765625 0.542969 0.767578 0.542188 0.768555 0.542188 0.770508 0.541406 0.771484 0.541406 0.773438
4 0.529687 0.497070 0.528906 0.496094 0.527344 0.496094 0.526563 0.495117 0.524219 0.495117 0.522656 0.493164 0.521875 0.493164 0.520312 0.491211 0.519531 0.491211 0.515625 0.486328 0.514844 0.486328 0.514844 0.485352 0.514062 0.484375 0.514062 0.483398 0.512500 0.481445 0.512500 0.480469 0.510938 0.478516 0.510938 0.461914 0.511719 0.460938 0.512500 0.460938 0.513281 0.459961 0.514062 0.459961 0.514844 0.458984 0.517969 0.458984 0.519531 0.460938 0.520312 0.460938 0.522656 0.463867 0.523438 0.463867 0.526563 0.467773 0.526563 0.468750 0.528906 0.471680 0.529687 0.471680 0.531250 0.473633 0.535156 0.473633 0.535937 0.472656 0.536719 0.472656 0.537500 0.471680 0.538281 0.471680 0.541406 0.467773 0.541406 0.465820 0.542969 0.463867 0.542969 0.462891 0.543750 0.461914 0.543750 0.458984 0.545312 0.457031 0.545312 0.456055 0.546094 0.455078 0.546094 0.453125 0.547656 0.451172 0.547656 0.450195 0.548438 0.449219 0.549219 0.449219 0.550000 0.448242 0.550781 0.449219 0.551562 0.448242 0.553125 0.448242 0.553906 0.449219 0.557813 0.449219 0.559375 0.451172 0.560937 0.451172 0.561719 0.452148 0.562500 0.452148 0.563281 0.453125 0.564063 0.453125 0.564063 0.478516 0.562500 0.480469 0.562500 0.481445 0.561719 0.482422 0.561719 0.483398 0.560156 0.485352 0.560156 0.486328 0.555469 0.492188 0.554688 0.492188 0.553906 0.493164 0.552344 0.493164 0.551562 0.494141 0.550000 0.494141 0.549219 0.495117 0.546094 0.495117 0.545312 0.496094 0.542969 0.496094 0.542188 0.497070
0 0.409375 0.087891 0.409375 0.086914 0.407813 0.084961 0.407031 0.084961 0.405469 0.083008 0.405469 0.082031 0.403906 0.080078 0.403906 0.079102 0.402344 0.077148 0.402344 0.076172 0.401562 0.075195 0.401562 0.074219 0.400781 0.073242 0.400781 0.072266 0.399219 0.070312 0.399219 0.068359 0.398438 0.067383 0.398438 0.066406 0.397656 0.065430 0.397656 0.051758 0.398438 0.050781 0.398438 0.049805 0.400781 0.046875 0.400781 0.043945 0.399219 0.041992 0.398438 0.041992 0.396875 0.040039 0.396094 0.040039 0.394531 0.038086 0.392969 0.038086 0.392188 0.037109 0.391406 0.037109 0.389844 0.035156 0.389062 0.035156 0.386719 0.032227 0.386719 0.031250 0.385937 0.030273 0.385937 0.025391 0.388281 0.022461 0.388281 0.021484 0.389062 0.020508 0.389062 0.018555 0.389844 0.017578 0.389844 0.015625 0.390625 0.014648 0.390625 0.012695 0.391406 0.011719 0.391406 0.010742 0.395313 0.005859 0.417187 0.005859 0.418750 0.007812 0.419531 0.007812 0.421875 0.010742 0.422656 0.010742 0.428125 0.017578 0.428125 0.018555 0.431250 0.022461 0.431250 0.023438 0.432031 0.024414 0.432031 0.026367 0.432812 0.027344 0.432812 0.028320 0.434375 0.030273 0.434375 0.031250 0.435937 0.033203 0.435937 0.057617 0.432812 0.061523 0.432031 0.061523 0.429688 0.064453 0.429688 0.065430 0.428906 0.066406 0.428906 0.067383 0.428125 0.068359 0.428125 0.070312 0.427344 0.071289 0.427344 0.078125 0.426563 0.079102 0.426563 0.081055 0.425781 0.082031 0.425781 0.083008 0.424219 0.084961 0.423438 0.084961 0.422656 0.085938 0.421875 0.085938 0.420312 0.087891
10 0.573438 0.600586 0.573438 0.599609 0.572656 0.598633 0.572656 0.596680 0.571875 0.595703 0.571875 0.590820 0.571094 0.589844 0.571094 0.586914 0.571875 0.585938 0.571875 0.583008 0.572656 0.582031 0.572656 0.579102 0.573438 0.578125 0.573438 0.574219 0.574219 0.573242 0.574219 0.572266 0.576562 0.569336 0.576562 0.568359 0.577344 0.567383 0.577344 0.566406 0.583594 0.558594 0.584375 0.558594 0.585938 0.556641 0.586719 0.556641 0.588281 0.554688 0.589063 0.554688 0.589844 0.553711 0.611719 0.553711 0.613281 0.555664 0.614844 0.555664 0.615625 0.556641 0.616406 0.556641 0.620313 0.561523 0.620313 0.562500 0.622656 0.565430 0.622656 0.566406 0.623437 0.567383 0.623437 0.568359 0.624219 0.569336 0.624219 0.590820 0.623437 0.591797 0.622656 0.591797 0.621875 0.592773 0.617969 0.592773 0.617188 0.593750 0.614062 0.593750 0.613281 0.592773 0.612500 0.592773 0.611719 0.591797 0.610938 0.591797 0.608594 0.588867 0.608594 0.587891 0.607031 0.585938 0.606250 0.585938 0.605469 0.584961 0.603906 0.584961 0.603125 0.583984 0.600781 0.583984 0.599219 0.585938 0.598437 0.585938 0.596875 0.587891 0.596094 0.587891 0.594531 0.589844 0.593750 0.589844 0.591406 0.592773 0.591406 0.594727 0.589063 0.597656 0.588281 0.597656 0.585938 0.600586
8 0.207031 0.361328 0.206250 0.360352 0.205469 0.360352 0.204687 0.359375 0.203906 0.359375 0.202344 0.357422 0.202344 0.356445 0.201563 0.355469 0.201563 0.354492 0.200000 0.352539 0.200000 0.346680 0.199219 0.345703 0.199219 0.341797 0.198437 0.340820 0.198437 0.338867 0.197656 0.337891 0.197656 0.335938 0.196875 0.334961 0.196875 0.333008 0.196094 0.332031 0.196094 0.331055 0.194531 0.329102 0.193750 0.329102 0.192969 0.328125 0.184375 0.328125 0.183594 0.329102 0.182812 0.329102 0.182031 0.330078 0.180469 0.330078 0.179688 0.331055 0.178125 0.331055 0.177344 0.332031 0.174219 0.332031 0.173437 0.333008 0.171094 0.333008 0.170313 0.332031 0.169531 0.332031 0.164844 0.326172 0.164844 0.309570 0.165625 0.309570 0.166406 0.308594 0.166406 0.307617 0.167187 0.306641 0.167969 0.306641 0.170313 0.303711 0.170313 0.302734 0.171094 0.302734 0.172656 0.300781 0.173437 0.300781 0.174219 0.299805 0.175000 0.299805 0.176563 0.297852 0.177344 0.297852 0.178125 0.296875 0.178906 0.296875 0.179688 0.295898 0.180469 0.295898 0.181250 0.294922 0.183594 0.294922 0.184375 0.293945 0.197656 0.293945 0.198437 0.294922 0.200000 0.294922 0.200781 0.295898 0.202344 0.295898 0.203125 0.296875 0.203906 0.296875 0.204687 0.297852 0.205469 0.297852 0.206250 0.298828 0.207031 0.298828 0.210938 0.303711 0.211719 0.303711 0.214844 0.307617 0.214844 0.308594 0.217188 0.311523 0.217188 0.312500 0.218750 0.314453 0.218750 0.315430 0.219531 0.316406 0.219531 0.317383 0.221094 0.319336 0.221094 0.320312 0.221875 0.321289 0.221875 0.344727 0.221094 0.345703 0.221094 0.347656 0.220312 0.348633 0.220312 0.349609 0.219531 0.350586 0.219531 0.351562 0.218750 0.352539 0.218750 0.353516 0.217969 0.354492 0.217969 0.355469 0.215625 0.358398 0.214844 0.358398 0.213281 0.360352 0.212500 0.360352 0.211719 0.361328
3 0.167187 0.839844 0.165625 0.837891 0.164844 0.837891 0.164844 0.818359 0.165625 0.817383 0.165625 0.816406 0.169531 0.811523 0.169531 0.810547 0.173437 0.805664 0.174219 0.805664 0.175781 0.803711 0.176563 0.803711 0.178125 0.801758 0.178906 0.801758 0.179688 0.800781 0.180469 0.800781 0.182031 0.798828 0.200000 0.798828 0.200781 0.799805 0.201563 0.799805 0.202344 0.800781 0.203125 0.800781 0.203906 0.801758 0.205469 0.801758 0.206250 0.802734 0.207031 0.802734 0.214844 0.812500 0.214844 0.813477 0.216406 0.815430 0.216406 0.833984 0.215625 0.833984 0.213281 0.836914 0.212500 0.836914 0.211719 0.837891 0.205469 0.837891 0.204687 0.836914 0.203906 0.836914 0.203125 0.835938 0.202344 0.835938 0.201563 0.834961 0.201563 0.833984 0.198437 0.830078 0.197656 0.830078 0.196875 0.829102 0.196094 0.829102 0.195312 0.828125 0.189844 0.828125 0.189062 0.829102 0.188281 0.829102 0.187500 0.830078 0.186719 0.830078 0.185156 0.832031 0.184375 0.832031 0.181250 0.835938 0.180469 0.835938 0.179688 0.836914 0.178906 0.836914 0.176563 0.839844
8 0.143750 0.434570 0.142187 0.432617 0.141406 0.432617 0.138281 0.428711 0.137500 0.428711 0.135937 0.426758 0.135937 0.424805 0.135156 0.423828 0.135156 0.421875 0.134375 0.420898 0.134375 0.419922 0.135156 0.418945 0.135156 0.416992 0.135937 0.416016 0.135937 0.415039 0.136719 0.414062 0.136719 0.412109 0.137500 0.411133 0.137500 0.406250 0.138281 0.405273 0.138281 0.403320 0.137500 0.402344 0.137500 0.399414 0.138281 0.398438 0.138281 0.396484 0.137500 0.395508 0.137500 0.390625 0.135156 0.387695 0.133594 0.387695 0.132812 0.386719 0.132031 0.387695 0.127344 0.387695 0.126562 0.386719 0.125781 0.386719 0.125781 0.363281 0.127344 0.363281 0.128125 0.362305 0.128906 0.362305 0.129688 0.361328 0.132031 0.361328 0.132812 0.360352 0.138281 0.360352 0.139063 0.361328 0.141406 0.361328 0.142187 0.362305 0.143750 0.362305 0.144531 0.363281 0.145313 0.363281 0.146875 0.365234 0.148438 0.365234 0.150000 0.367188 0.150781 0.367188 0.151562 0.368164 0.151562 0.369141 0.154688 0.373047 0.155469 0.373047 0.155469 0.374023 0.157031 0.375977 0.157031 0.376953 0.157812 0.377930 0.157812 0.378906 0.158594 0.379883 0.158594 0.380859 0.159375 0.381836 0.159375 0.383789 0.160156 0.384766 0.160156 0.385742 0.160938 0.386719 0.160938 0.388672 0.162500 0.390625 0.162500 0.428711 0.159375 0.432617 0.158594 0.432617 0.157812 0.433594 0.157031 0.433594 0.156250 0.434570
