12 0.785938 0.376953 0.789062 0.380859 0.789844 0.380859 0.797656 0.390625 0.797656 0.391602 0.800000 0.394531 0.800000 0.395508 0.800781 0.396484 0.800781 0.397461 0.802344 0.399414 0.802344 0.419922 0.801563 0.420898 0.801563 0.421875 0.800781 0.422852 0.800781 0.424805 0.798437 0.427734 0.798437 0.429688 0.796875 0.431641 0.796875 0.432617 0.794531 0.435547 0.794531 0.436523 0.791406 0.440430 0.790625 0.440430 0.787500 0.444336 0.786719 0.444336 0.785938 0.445312 0.784375 0.445312 0.783594 0.446289 0.783594 0.447266 0.760937 0.447266 0.759375 0.445312 0.758594 0.445312 0.757031 0.443359 0.756250 0.443359 0.755469 0.442383 0.755469 0.440430 0.754688 0.439453 0.754688 0.438477 0.753906 0.437500 0.753906 0.436523 0.754688 0.435547 0.754688 0.433594 0.756250 0.431641 0.756250 0.430664 0.757031 0.429688 0.757812 0.429688 0.760156 0.426758 0.760937 0.426758 0.761719 0.425781 0.763281 0.425781 0.764844 0.423828 0.765625 0.423828 0.766406 0.422852 0.767187 0.422852 0.768750 0.420898 0.768750 0.419922 0.770313 0.417969 0.770313 0.416992 0.772656 0.414062 0.772656 0.413086 0.774219 0.411133 0.774219 0.410156 0.775000 0.409180 0.775000 0.405273 0.774219 0.404297 0.774219 0.403320 0.773438 0.402344 0.773438 0.401367 0.768750 0.395508 0.768750 0.394531 0.767187 0.392578 0.767187 0.390625 0.766406 0.389648 0.766406 0.386719 0.765625 0.385742 0.765625 0.383789 0.766406 0.382812 0.766406 0.381836 0.768750 0.378906 0.770313 0.378906 0.771875 0.376953
2 0.828906 0.265625 0.830469 0.267578 0.830469 0.268555 0.831250 0.269531 0.831250 0.283203 0.830469 0.284180 0.830469 0.287109 0.829687 0.288086 0.829687 0.293945 0.828906 0.294922 0.828906 0.295898 0.828125 0.296875 0.828125 0.298828 0.828906 0.299805 0.828906 0.300781 0.832031 0.304688 0.834375 0.304688 0.835156 0.303711 0.835938 0.303711 0.837500 0.301758 0.838281 0.301758 0.839062 0.300781 0.844531 0.300781 0.845312 0.301758 0.846875 0.301758 0.850000 0.305664 0.850000 0.315430 0.849219 0.315430 0.846875 0.318359 0.846875 0.319336 0.846094 0.320312 0.846094 0.321289 0.845312 0.322266 0.845312 0.323242 0.842969 0.326172 0.842188 0.326172 0.839062 0.330078 0.838281 0.330078 0.837500 0.331055 0.835156 0.331055 0.834375 0.332031 0.833594 0.331055 0.832813 0.331055 0.832031 0.332031 0.827344 0.332031 0.826563 0.333008 0.825781 0.333008 0.823437 0.335938 0.823437 0.336914 0.818750 0.336914 0.818750 0.333008 0.819531 0.332031 0.819531 0.331055 0.820312 0.330078 0.820312 0.326172 0.818750 0.324219 0.817969 0.324219 0.810938 0.315430 0.810938 0.314453 0.807812 0.310547 0.807812 0.309570 0.806250 0.307617 0.806250 0.287109 0.807031 0.286133 0.807031 0.285156 0.807812 0.284180 0.807812 0.283203 0.808594 0.282227 0.808594 0.280273 0.809375 0.279297 0.809375 0.278320 0.810156 0.277344 0.810156 0.276367 0.812500 0.273438 0.812500 0.272461 0.813281 0.271484 0.813281 0.270508 0.816406 0.266602 0.817188 0.266602 0.817969 0.265625
11 0.159375 0.222656 0.160937 0.224609 0.162500 0.224609 0.163281 0.225586 0.164062 0.225586 0.164844 0.226562 0.165625 0.226562 0.170312 0.232422 0.170312 0.233398 0.171094 0.234375 0.171875 0.234375 0.173438 0.236328 0.173438 0.237305 0.175781 0.240234 0.175781 0.241211 0.176562 0.242188 0.176562 0.243164 0.178125 0.245117 0.178125 0.247070 0.178906 0.248047 0.178906 0.250000 0.179688 0.250977 0.179688 0.253906 0.180469 0.254883 0.180469 0.258789 0.181250 0.259766 0.181250 0.267578 0.180469 0.268555 0.180469 0.274414 0.179688 0.275391 0.179688 0.278320 0.178906 0.279297 0.178906 0.281250 0.178125 0.282227 0.178125 0.283203 0.177344 0.284180 0.177344 0.285156 0.176562 0.286133 0.175000 0.286133 0.174219 0.287109 0.171875 0.287109 0.171094 0.288086 0.169531 0.288086 0.168750 0.289062 0.167969 0.289062 0.166406 0.291016 0.145312 0.291016 0.139844 0.284180 0.139844 0.283203 0.138281 0.281250 0.138281 0.280273 0.137500 0.279297 0.137500 0.277344 0.136719 0.276367 0.136719 0.260742 0.134375 0.257812 0.132812 0.257812 0.131250 0.255859 0.130469 0.255859 0.129687 0.254883 0.127344 0.254883 0.125781 0.252930 0.125781 0.251953 0.125000 0.250977 0.125000 0.250000 0.124219 0.249023 0.124219 0.248047 0.122656 0.246094 0.122656 0.239258 0.123437 0.238281 0.123437 0.236328 0.125000 0.234375 0.125000 0.233398 0.126563 0.231445 0.126563 0.230469 0.128125 0.228516 0.128125 0.227539 0.128906 0.226562 0.129687 0.226562 0.132031 0.223633 0.132812 0.223633 0.133594 0.222656
7 0.146094 0.302734 0.146875 0.303711 0.149219 0.303711 0.150781 0.305664 0.152344 0.305664 0.153906 0.307617 0.154687 0.307617 0.155469 0.308594 0.156250 0.308594 0.157813 0.310547 0.157813 0.333008 0.157031 0.333008 0.155469 0.334961 0.145312 0.334961 0.144531 0.333984 0.143750 0.334961 0.139062 0.334961 0.138281 0.335938 0.137500 0.335938 0.135938 0.337891 0.135938 0.338867 0.134375 0.340820 0.135156 0.341797 0.135156 0.351562 0.135938 0.352539 0.135938 0.359375 0.135156 0.360352 0.135156 0.364258 0.133594 0.366211 0.132812 0.366211 0.131250 0.368164 0.128125 0.368164 0.127344 0.369141 0.126563 0.369141 0.125000 0.367188 0.124219 0.367188 0.123437 0.366211 0.122656 0.366211 0.117969 0.360352 0.117969 0.359375 0.115625 0.356445 0.115625 0.354492 0.114062 0.352539 0.114062 0.329102 0.114844 0.328125 0.114844 0.325195 0.116406 0.323242 0.116406 0.321289 0.118750 0.318359 0.118750 0.317383 0.121094 0.314453 0.121875 0.314453 0.124219 0.311523 0.125000 0.311523 0.126563 0.309570 0.127344 0.309570 0.128906 0.307617 0.129687 0.307617 0.130469 0.306641 0.132031 0.306641 0.132812 0.305664 0.134375 0.305664 0.135156 0.304688 0.138281 0.304688 0.139062 0.303711 0.141406 0.303711 0.142188 0.302734
7 0.600000 0.605469 0.600000 0.606445 0.601562 0.608398 0.601562 0.610352 0.602344 0.611328 0.602344 0.616211 0.603125 0.617188 0.603125 0.619141 0.604687 0.621094 0.604687 0.622070 0.606250 0.624023 0.610156 0.624023 0.610938 0.623047 0.611719 0.623047 0.612500 0.622070 0.615625 0.622070 0.616406 0.621094 0.618750 0.621094 0.624219 0.614258 0.625000 0.614258 0.625781 0.613281 0.632031 0.613281 0.632812 0.614258 0.633594 0.614258 0.633594 0.639648 0.627344 0.647461 0.626563 0.647461 0.625000 0.649414 0.624219 0.649414 0.623437 0.650391 0.622656 0.650391 0.621875 0.651367 0.621094 0.651367 0.619531 0.653320 0.600000 0.653320 0.599219 0.652344 0.597656 0.652344 0.596875 0.651367 0.596094 0.651367 0.592969 0.647461 0.592187 0.647461 0.590625 0.645508 0.590625 0.644531 0.588281 0.641602 0.588281 0.640625 0.587500 0.639648 0.587500 0.638672 0.585938 0.636719 0.585938 0.635742 0.585156 0.634766 0.585156 0.633789 0.584375 0.632812 0.584375 0.629883 0.583594 0.628906 0.583594 0.625000 0.582813 0.624023 0.582813 0.622070 0.582031 0.621094 0.582031 0.620117 0.582813 0.619141 0.582813 0.618164 0.582031 0.617188 0.582813 0.616211 0.582813 0.614258 0.583594 0.613281 0.583594 0.611328 0.584375 0.610352 0.584375 0.608398 0.585156 0.607422 0.585156 0.605469
6 0.278906 0.890625 0.279687 0.891602 0.280469 0.891602 0.281250 0.892578 0.282031 0.892578 0.286719 0.898438 0.286719 0.899414 0.287500 0.900391 0.287500 0.901367 0.288281 0.902344 0.288281 0.903320 0.289844 0.905273 0.289844 0.926758 0.289062 0.927734 0.289062 0.929688 0.288281 0.930664 0.288281 0.932617 0.286719 0.934570 0.286719 0.935547 0.285937 0.936523 0.285937 0.937500 0.279687 0.945312 0.278906 0.945312 0.276563 0.948242 0.275781 0.948242 0.275000 0.949219 0.274219 0.949219 0.273438 0.950195 0.271875 0.950195 0.271094 0.951172 0.269531 0.951172 0.268750 0.952148 0.267969 0.952148 0.267188 0.953125 0.251563 0.953125 0.250781 0.952148 0.250000 0.952148 0.249219 0.951172 0.248437 0.951172 0.242969 0.944336 0.242969 0.934570 0.244531 0.932617 0.244531 0.929688 0.245313 0.928711 0.245313 0.927734 0.248437 0.923828 0.249219 0.923828 0.250000 0.922852 0.260156 0.922852 0.260938 0.921875 0.263281 0.921875 0.264062 0.920898 0.264844 0.920898 0.267969 0.916992 0.267969 0.915039 0.267188 0.914062 0.267188 0.913086 0.266406 0.912109 0.266406 0.910156 0.265625 0.909180 0.265625 0.895508 0.266406 0.894531 0.266406 0.893555 0.268750 0.890625
11 0.204688 0.580078 0.204688 0.581055 0.205469 0.582031 0.205469 0.591797 0.206250 0.592773 0.206250 0.593750 0.207031 0.594727 0.207812 0.594727 0.209375 0.596680 0.210156 0.596680 0.216406 0.604492 0.216406 0.605469 0.217969 0.607422 0.217969 0.608398 0.218750 0.609375 0.218750 0.610352 0.220313 0.612305 0.220313 0.613281 0.221094 0.614258 0.221094 0.638672 0.220313 0.639648 0.220313 0.640625 0.219531 0.641602 0.219531 0.643555 0.218750 0.644531 0.218750 0.645508 0.214063 0.651367 0.214063 0.652344 0.211719 0.655273 0.211719 0.656250 0.205469 0.664062 0.204688 0.664062 0.203906 0.665039 0.203125 0.665039 0.202344 0.666016 0.200781 0.666016 0.200000 0.666992 0.199219 0.666992 0.198438 0.667969 0.192969 0.667969 0.192187 0.668945 0.183594 0.668945 0.182031 0.666992 0.180469 0.666992 0.179688 0.666016 0.179688 0.665039 0.177344 0.662109 0.176562 0.662109 0.173438 0.658203 0.173438 0.630859 0.174219 0.629883 0.174219 0.628906 0.175000 0.627930 0.175000 0.626953 0.177344 0.624023 0.178125 0.624023 0.178906 0.623047 0.182031 0.623047 0.182813 0.622070 0.184375 0.622070 0.185156 0.621094 0.185156 0.619141 0.185937 0.618164 0.185937 0.602539 0.186719 0.601562 0.186719 0.598633 0.187500 0.597656 0.187500 0.596680 0.190625 0.592773 0.190625 0.591797 0.191406 0.590820 0.191406 0.589844 0.194531 0.585938 0.195312 0.585938 0.196094 0.584961 0.196094 0.583984 0.197656 0.582031 0.197656 0.580078
7 0.330469 0.661133 0.331250 0.662109 0.335156 0.662109 0.335938 0.663086 0.337500 0.663086 0.338281 0.664062 0.339063 0.664062 0.340625 0.666016 0.341406 0.666016 0.346875 0.672852 0.346875 0.673828 0.349219 0.676758 0.349219 0.695312 0.347656 0.695312 0.346875 0.694336 0.345313 0.694336 0.344531 0.693359 0.342969 0.693359 0.341406 0.691406 0.337500 0.691406 0.336719 0.692383 0.335156 0.692383 0.334375 0.693359 0.331250 0.693359 0.330469 0.692383 0.329688 0.692383 0.328906 0.693359 0.327344 0.693359 0.326562 0.694336 0.325781 0.694336 0.325000 0.695312 0.324219 0.695312 0.321875 0.698242 0.321875 0.699219 0.321094 0.700195 0.321094 0.708984 0.321875 0.709961 0.321875 0.710938 0.322656 0.711914 0.322656 0.713867 0.321875 0.714844 0.321875 0.715820 0.322656 0.716797 0.319531 0.720703 0.319531 0.721680 0.317187 0.724609 0.316406 0.724609 0.315625 0.725586 0.312500 0.725586 0.311719 0.724609 0.310937 0.724609 0.310156 0.725586 0.309375 0.724609 0.307813 0.724609 0.307031 0.723633 0.305469 0.723633 0.304688 0.722656 0.303906 0.722656 0.300781 0.718750 0.300781 0.717773 0.297656 0.713867 0.296875 0.713867 0.296875 0.683594 0.299219 0.680664 0.299219 0.679688 0.300000 0.679688 0.303125 0.675781 0.303906 0.675781 0.306250 0.672852 0.307031 0.672852 0.308594 0.670898 0.309375 0.670898 0.310156 0.669922 0.310937 0.669922 0.311719 0.668945 0.312500 0.668945 0.313281 0.667969 0.314063 0.667969 0.314844 0.666992 0.316406 0.666992 0.317969 0.665039 0.318750 0.665039 0.319531 0.664062 0.320312 0.664062 0.321094 0.663086 0.321875 0.663086 0.322656 0.662109 0.325000 0.662109 0.325781 0.661133
0 0.550781 0.363281 0.552344 0.365234 0.553125 0.365234 0.554688 0.367188 0.554688 0.368164 0.555469 0.369141 0.556250 0.369141 0.556250 0.370117 0.558594 0.373047 0.558594 0.375000 0.557812 0.375977 0.558594 0.376953 0.558594 0.379883 0.557812 0.380859 0.557812 0.382812 0.557031 0.383789 0.557031 0.385742 0.556250 0.386719 0.555469 0.386719 0.550000 0.393555 0.550000 0.395508 0.548438 0.397461 0.548438 0.402344 0.547656 0.403320 0.547656 0.413086 0.550781 0.416992 0.551563 0.416992 0.553906 0.419922 0.554688 0.419922 0.555469 0.420898 0.556250 0.420898 0.557812 0.422852 0.557812 0.423828 0.559375 0.425781 0.559375 0.426758 0.560156 0.427734 0.560156 0.428711 0.560937 0.429688 0.560937 0.431641 0.561719 0.432617 0.561719 0.433594 0.562500 0.434570 0.562500 0.438477 0.561719 0.439453 0.561719 0.441406 0.559375 0.444336 0.539844 0.444336 0.539062 0.443359 0.538281 0.443359 0.533594 0.437500 0.532813 0.437500 0.529687 0.433594 0.528906 0.433594 0.528125 0.432617 0.528125 0.431641 0.527344 0.430664 0.527344 0.429688 0.525781 0.427734 0.525781 0.426758 0.524219 0.424805 0.524219 0.422852 0.522656 0.420898 0.522656 0.416992 0.521875 0.416016 0.521875 0.415039 0.521094 0.414062 0.521094 0.390625 0.522656 0.388672 0.522656 0.384766 0.524219 0.382812 0.524219 0.381836 0.525000 0.380859 0.525000 0.379883 0.526562 0.377930 0.526562 0.376953 0.531250 0.371094 0.531250 0.370117 0.532813 0.368164 0.533594 0.368164 0.537500 0.363281
7 0.701562 0.651367 0.702344 0.652344 0.704688 0.652344 0.705469 0.653320 0.706250 0.653320 0.707031 0.654297 0.707813 0.654297 0.711719 0.659180 0.711719 0.660156 0.712500 0.661133 0.712500 0.662109 0.713281 0.663086 0.713281 0.700195 0.712500 0.701172 0.712500 0.702148 0.710156 0.705078 0.710156 0.706055 0.707813 0.708984 0.707813 0.709961 0.706250 0.711914 0.705469 0.711914 0.699219 0.719727 0.698437 0.719727 0.697656 0.720703 0.696875 0.720703 0.695312 0.722656 0.694531 0.722656 0.692969 0.724609 0.692188 0.724609 0.690625 0.726562 0.689844 0.726562 0.689063 0.727539 0.688281 0.727539 0.687500 0.728516 0.685156 0.728516 0.683594 0.730469 0.680469 0.730469 0.679688 0.731445 0.678125 0.731445 0.677344 0.730469 0.675781 0.730469 0.675000 0.729492 0.674219 0.729492 0.673438 0.730469 0.671875 0.730469 0.671094 0.729492 0.667969 0.729492 0.667187 0.728516 0.661719 0.728516 0.660156 0.726562 0.658594 0.726562 0.655469 0.722656 0.654687 0.722656 0.650000 0.716797 0.650000 0.692383 0.657031 0.683594 0.657813 0.683594 0.658594 0.682617 0.660156 0.682617 0.660938 0.681641 0.665625 0.681641 0.666406 0.682617 0.669531 0.682617 0.670312 0.683594 0.671094 0.683594 0.671875 0.684570 0.672656 0.684570 0.673438 0.685547 0.675000 0.685547 0.675781 0.686523 0.676563 0.686523 0.677344 0.687500 0.685156 0.687500 0.685937 0.686523 0.687500 0.686523 0.688281 0.685547 0.688281 0.684570 0.689844 0.682617 0.689844 0.680664 0.689063 0.679688 0.689063 0.674805 0.689844 0.673828 0.689844 0.665039 0.690625 0.664062 0.690625 0.660156 0.691406 0.659180 0.691406 0.658203 0.692188 0.657227 0.692188 0.656250 0.694531 0.653320 0.695312 0.653320 0.696875 0.651367
7 0.076562 0.685547 0.077344 0.686523 0.078906 0.686523 0.079688 0.687500 0.080469 0.687500 0.081250 0.688477 0.082812 0.688477 0.083594 0.689453 0.084375 0.689453 0.085938 0.691406 0.086719 0.691406 0.087500 0.692383 0.088281 0.692383 0.089844 0.694336 0.090625 0.694336 0.092969 0.697266 0.092969 0.698242 0.094531 0.700195 0.094531 0.701172 0.095313 0.702148 0.095313 0.703125 0.096094 0.704102 0.096094 0.705078 0.096875 0.706055 0.096875 0.724609 0.094531 0.727539 0.094531 0.728516 0.092969 0.730469 0.092969 0.731445 0.078125 0.731445 0.078125 0.730469 0.076562 0.728516 0.076562 0.727539 0.075000 0.725586 0.075000 0.723633 0.073438 0.721680 0.073438 0.720703 0.070312 0.716797 0.058594 0.716797 0.057813 0.715820 0.055469 0.715820 0.054688 0.714844 0.050781 0.714844 0.050000 0.715820 0.045312 0.715820 0.043750 0.713867 0.042969 0.713867 0.042969 0.701172 0.048438 0.694336 0.049219 0.694336 0.053906 0.688477 0.055469 0.688477 0.056250 0.687500 0.057813 0.687500 0.058594 0.686523 0.059375 0.686523 0.060156 0.685547
6 0.071094 0.041992 0.071875 0.042969 0.072656 0.042969 0.073438 0.043945 0.075000 0.043945 0.075781 0.044922 0.076562 0.044922 0.077344 0.045898 0.078125 0.045898 0.078906 0.046875 0.079688 0.046875 0.080469 0.047852 0.081250 0.047852 0.082812 0.049805 0.083594 0.049805 0.084375 0.050781 0.085156 0.050781 0.087500 0.053711 0.087500 0.054688 0.089063 0.056641 0.089063 0.057617 0.090625 0.059570 0.090625 0.060547 0.092187 0.062500 0.092187 0.078125 0.091406 0.078125 0.089844 0.080078 0.089063 0.080078 0.088281 0.081055 0.085938 0.081055 0.085156 0.082031 0.084375 0.082031 0.083594 0.081055 0.082812 0.081055 0.081250 0.079102 0.080469 0.079102 0.078906 0.077148 0.078125 0.077148 0.077344 0.076172 0.076562 0.076172 0.075781 0.075195 0.074219 0.075195 0.073438 0.074219 0.072656 0.074219 0.071875 0.073242 0.071094 0.073242 0.070312 0.072266 0.064844 0.072266 0.064063 0.073242 0.063281 0.073242 0.058594 0.079102 0.058594 0.081055 0.057813 0.082031 0.057813 0.083984 0.053906 0.088867 0.053125 0.088867 0.051562 0.090820 0.039844 0.090820 0.039062 0.089844 0.039062 0.088867 0.037500 0.086914 0.037500 0.059570 0.038281 0.058594 0.038281 0.057617 0.039844 0.055664 0.039844 0.054688 0.041406 0.052734 0.041406 0.051758 0.043750 0.048828 0.044531 0.048828 0.045312 0.047852 0.046094 0.047852 0.047656 0.045898 0.048438 0.045898 0.049219 0.044922 0.050000 0.044922 0.050781 0.043945 0.052344 0.043945 0.053125 0.042969 0.054688 0.042969 0.055469 0.041992
11 0.677344 0.838867 0.679688 0.841797 0.680469 0.841797 0.681250 0.842773 0.681250 0.843750 0.682812 0.845703 0.682812 0.846680 0.684375 0.848633 0.684375 0.857422 0.683594 0.858398 0.683594 0.860352 0.682812 0.861328 0.682812 0.862305 0.682031 0.863281 0.682031 0.864258 0.680469 0.866211 0.680469 0.868164 0.678906 0.870117 0.678906 0.872070 0.679688 0.873047 0.679688 0.874023 0.680469 0.875000 0.680469 0.875977 0.684375 0.880859 0.684375 0.886719 0.682812 0.888672 0.682812 0.890625 0.682031 0.891602 0.682031 0.894531 0.681250 0.895508 0.681250 0.898438 0.682031 0.899414 0.682031 0.900391 0.681250 0.901367 0.681250 0.904297 0.682031 0.905273 0.682031 0.907227 0.681250 0.908203 0.681250 0.913086 0.680469 0.914062 0.680469 0.915039 0.678125 0.917969 0.677344 0.917969 0.676563 0.918945 0.675781 0.918945 0.675000 0.919922 0.664062 0.919922 0.662500 0.917969 0.661719 0.917969 0.660938 0.916992 0.660156 0.916992 0.659375 0.916016 0.657813 0.916016 0.655469 0.913086 0.654687 0.913086 0.653125 0.911133 0.652344 0.911133 0.650000 0.908203 0.649219 0.908203 0.645313 0.903320 0.645313 0.902344 0.643750 0.900391 0.643750 0.899414 0.642969 0.898438 0.642969 0.897461 0.642188 0.896484 0.642188 0.894531 0.640625 0.892578 0.640625 0.863281 0.641406 0.862305 0.641406 0.860352 0.642188 0.859375 0.642188 0.858398 0.642969 0.857422 0.642969 0.856445 0.643750 0.855469 0.643750 0.854492 0.646094 0.851562 0.646094 0.850586 0.647656 0.848633 0.647656 0.847656 0.649219 0.845703 0.650000 0.845703 0.653125 0.841797 0.653906 0.841797 0.654687 0.840820 0.655469 0.840820 0.657031 0.838867
6 0.825781 0.868164 0.826563 0.869141 0.827344 0.869141 0.828906 0.871094 0.830469 0.871094 0.831250 0.872070 0.832031 0.872070 0.832813 0.873047 0.833594 0.873047 0.835938 0.875977 0.836719 0.875977 0.838281 0.877930 0.838281 0.878906 0.840625 0.881836 0.840625 0.882812 0.841406 0.883789 0.841406 0.884766 0.842188 0.885742 0.842188 0.886719 0.843750 0.888672 0.843750 0.890625 0.844531 0.891602 0.844531 0.892578 0.845312 0.893555 0.845312 0.916992 0.844531 0.917969 0.844531 0.918945 0.842969 0.920898 0.842969 0.921875 0.842188 0.922852 0.842188 0.923828 0.838281 0.928711 0.838281 0.929688 0.837500 0.929688 0.835938 0.931641 0.835156 0.931641 0.834375 0.932617 0.832813 0.932617 0.831250 0.934570 0.808594 0.934570 0.808594 0.933594 0.807812 0.932617 0.807812 0.929688 0.807031 0.928711 0.807031 0.927734 0.806250 0.926758 0.806250 0.924805 0.807031 0.923828 0.807031 0.920898 0.809375 0.917969 0.810156 0.917969 0.811719 0.916016 0.813281 0.916016 0.815625 0.913086 0.816406 0.913086 0.819531 0.909180 0.819531 0.905273 0.820312 0.904297 0.820312 0.900391 0.819531 0.899414 0.819531 0.895508 0.818750 0.894531 0.818750 0.893555 0.817188 0.891602 0.816406 0.891602 0.815625 0.890625 0.814844 0.890625 0.813281 0.888672 0.812500 0.888672 0.810938 0.886719 0.810156 0.886719 0.810156 0.885742 0.808594 0.883789 0.808594 0.880859 0.807812 0.879883 0.807812 0.874023 0.808594 0.873047 0.808594 0.872070 0.810938 0.869141 0.811719 0.869141 0.812500 0.868164
0 0.312500 0.139648 0.313281 0.140625 0.313281 0.141602 0.315625 0.144531 0.315625 0.146484 0.317187 0.148438 0.317187 0.153320 0.318750 0.155273 0.318750 0.158203 0.319531 0.159180 0.319531 0.161133 0.318750 0.162109 0.318750 0.164062 0.319531 0.165039 0.319531 0.174805 0.318750 0.175781 0.318750 0.178711 0.317969 0.179688 0.317969 0.181641 0.317187 0.182617 0.317187 0.186523 0.316406 0.187500 0.316406 0.189453 0.315625 0.190430 0.315625 0.191406 0.314844 0.192383 0.314844 0.193359 0.312500 0.196289 0.312500 0.197266 0.310937 0.199219 0.310156 0.199219 0.309375 0.200195 0.308594 0.200195 0.307813 0.201172 0.307031 0.201172 0.305469 0.203125 0.303906 0.203125 0.302344 0.205078 0.284375 0.205078 0.283594 0.204102 0.282813 0.204102 0.282031 0.203125 0.281250 0.203125 0.278125 0.199219 0.277344 0.199219 0.275781 0.197266 0.275781 0.196289 0.275000 0.195312 0.275000 0.189453 0.275781 0.188477 0.275781 0.184570 0.277344 0.182617 0.277344 0.181641 0.278125 0.181641 0.280469 0.178711 0.281250 0.178711 0.282813 0.176758 0.283594 0.176758 0.284375 0.175781 0.285156 0.175781 0.285937 0.174805 0.286719 0.174805 0.287500 0.173828 0.288281 0.173828 0.289062 0.172852 0.290625 0.172852 0.292969 0.169922 0.292969 0.166016 0.292188 0.165039 0.292188 0.159180 0.291406 0.158203 0.291406 0.156250 0.290625 0.155273 0.290625 0.153320 0.289844 0.152344 0.289844 0.150391 0.289062 0.149414 0.289062 0.146484 0.290625 0.144531 0.290625 0.143555 0.291406 0.142578 0.292188 0.142578 0.292969 0.141602 0.294531 0.141602 0.296094 0.139648
12 0.607031 0.524414 0.607031 0.526367 0.607812 0.527344 0.607812 0.529297 0.609375 0.531250 0.609375 0.533203 0.610938 0.535156 0.610938 0.537109 0.612500 0.539062 0.612500 0.540039 0.613281 0.541016 0.613281 0.551758 0.612500 0.552734 0.612500 0.554688 0.611719 0.555664 0.611719 0.556641 0.610938 0.557617 0.610938 0.559570 0.610156 0.560547 0.610156 0.561523 0.609375 0.562500 0.609375 0.564453 0.608594 0.565430 0.608594 0.566406 0.600000 0.577148 0.599219 0.577148 0.597656 0.579102 0.596875 0.579102 0.595313 0.581055 0.575000 0.581055 0.573437 0.579102 0.570312 0.579102 0.567188 0.575195 0.566406 0.575195 0.561719 0.569336 0.561719 0.568359 0.560937 0.567383 0.560937 0.565430 0.560156 0.564453 0.560156 0.561523 0.560937 0.560547 0.560156 0.559570 0.561719 0.557617 0.561719 0.556641 0.562500 0.555664 0.562500 0.554688 0.567188 0.548828 0.567969 0.548828 0.568750 0.547852 0.570312 0.547852 0.571094 0.546875 0.574219 0.546875 0.575000 0.547852 0.577344 0.547852 0.578125 0.548828 0.583594 0.548828 0.584375 0.547852 0.585938 0.547852 0.589844 0.542969 0.589844 0.541992 0.590625 0.541016 0.590625 0.538086 0.591406 0.537109 0.591406 0.536133 0.592187 0.535156 0.592187 0.528320 0.592969 0.527344 0.592187 0.526367 0.592187 0.525391 0.592969 0.524414
11 0.706250 0.538086 0.707031 0.539062 0.708594 0.539062 0.709375 0.540039 0.710156 0.540039 0.711719 0.541992 0.712500 0.541992 0.714844 0.544922 0.714844 0.545898 0.717187 0.548828 0.717187 0.571289 0.716406 0.572266 0.716406 0.573242 0.715625 0.574219 0.715625 0.576172 0.714844 0.577148 0.714844 0.578125 0.713281 0.580078 0.713281 0.581055 0.710156 0.584961 0.710156 0.585938 0.707031 0.589844 0.706250 0.589844 0.704688 0.591797 0.703906 0.591797 0.702344 0.593750 0.701562 0.593750 0.700781 0.594727 0.700000 0.594727 0.699219 0.595703 0.696875 0.595703 0.696094 0.596680 0.695312 0.596680 0.694531 0.597656 0.680469 0.597656 0.678906 0.595703 0.678125 0.595703 0.677344 0.594727 0.675781 0.594727 0.675000 0.593750 0.674219 0.593750 0.673438 0.592773 0.672656 0.592773 0.671875 0.591797 0.671094 0.591797 0.667187 0.586914 0.667187 0.585938 0.665625 0.583984 0.665625 0.583008 0.664844 0.582031 0.664844 0.581055 0.662500 0.578125 0.662500 0.576172 0.661719 0.575195 0.661719 0.573242 0.660938 0.572266 0.660938 0.552734 0.662500 0.550781 0.662500 0.549805 0.664844 0.546875 0.665625 0.546875 0.666406 0.545898 0.667969 0.545898 0.668750 0.544922 0.671094 0.544922 0.671875 0.543945 0.672656 0.543945 0.673438 0.544922 0.675000 0.544922 0.675781 0.545898 0.676563 0.545898 0.677344 0.546875 0.678125 0.546875 0.678906 0.547852 0.679688 0.547852 0.680469 0.548828 0.681250 0.548828 0.682031 0.549805 0.685937 0.549805 0.686719 0.548828 0.687500 0.548828 0.688281 0.547852 0.688281 0.546875 0.690625 0.543945 0.690625 0.542969 0.691406 0.541992 0.691406 0.541016 0.693750 0.538086
5 0.541406 0.110352 0.542187 0.111328 0.547656 0.111328 0.548438 0.112305 0.551563 0.112305 0.552344 0.113281 0.553125 0.113281 0.553906 0.114258 0.554688 0.114258 0.555469 0.115234 0.556250 0.115234 0.557031 0.116211 0.557812 0.116211 0.559375 0.118164 0.560156 0.118164 0.561719 0.120117 0.562500 0.120117 0.562500 0.121094 0.563281 0.122070 0.564063 0.122070 0.564063 0.140625 0.563281 0.141602 0.559375 0.141602 0.558594 0.142578 0.557812 0.142578 0.557031 0.141602 0.554688 0.141602 0.553906 0.140625 0.552344 0.140625 0.551563 0.141602 0.550781 0.140625 0.541406 0.140625 0.540625 0.141602 0.539844 0.141602 0.539062 0.142578 0.538281 0.142578 0.536719 0.144531 0.535938 0.144531 0.532813 0.148438 0.532813 0.149414 0.532031 0.150391 0.532031 0.153320 0.531250 0.154297 0.531250 0.157227 0.530469 0.158203 0.530469 0.162109 0.529687 0.163086 0.529687 0.164062 0.527344 0.166992 0.526562 0.166992 0.525000 0.168945 0.524219 0.168945 0.523438 0.169922 0.521875 0.169922 0.521094 0.170898 0.517188 0.170898 0.516406 0.169922 0.515625 0.169922 0.512500 0.166016 0.512500 0.165039 0.510937 0.163086 0.510937 0.162109 0.510156 0.161133 0.510156 0.160156 0.508594 0.158203 0.508594 0.134766 0.509375 0.133789 0.509375 0.132812 0.510937 0.130859 0.510937 0.129883 0.513281 0.126953 0.513281 0.125977 0.518750 0.119141 0.519531 0.119141 0.521875 0.116211 0.522656 0.116211 0.524219 0.114258 0.525000 0.114258 0.525781 0.113281 0.527344 0.113281 0.528125 0.112305 0.529687 0.112305 0.530469 0.111328 0.532031 0.111328 0.532813 0.110352
12 0.627344 0.321289 0.628906 0.323242 0.630469 0.323242 0.631250 0.324219 0.632812 0.324219 0.633594 0.325195 0.635156 0.325195 0.635937 0.326172 0.636719 0.326172 0.637500 0.327148 0.638281 0.327148 0.639844 0.329102 0.640625 0.329102 0.640625 0.346680 0.639062 0.346680 0.638281 0.347656 0.634375 0.347656 0.633594 0.348633 0.624219 0.348633 0.623437 0.349609 0.622656 0.349609 0.621094 0.351562 0.621094 0.352539 0.620312 0.353516 0.620312 0.354492 0.619531 0.355469 0.619531 0.363281 0.620312 0.364258 0.620312 0.365234 0.621094 0.366211 0.621094 0.367188 0.621875 0.368164 0.621875 0.369141 0.622656 0.370117 0.622656 0.372070 0.623437 0.373047 0.623437 0.375000 0.624219 0.375977 0.624219 0.376953 0.623437 0.377930 0.623437 0.381836 0.621094 0.384766 0.621094 0.385742 0.617969 0.389648 0.609375 0.389648 0.608594 0.388672 0.607031 0.388672 0.606250 0.387695 0.605469 0.387695 0.604687 0.386719 0.603125 0.386719 0.599219 0.381836 0.598438 0.381836 0.595313 0.377930 0.595313 0.376953 0.593750 0.375000 0.593750 0.374023 0.592969 0.373047 0.592969 0.372070 0.592187 0.371094 0.592187 0.347656 0.592969 0.346680 0.592969 0.345703 0.593750 0.344727 0.593750 0.343750 0.594531 0.342773 0.594531 0.341797 0.596094 0.339844 0.596094 0.338867 0.601562 0.332031 0.602344 0.332031 0.603125 0.331055 0.603125 0.330078 0.603906 0.330078 0.604687 0.329102 0.605469 0.329102 0.606250 0.328125 0.607031 0.328125 0.608594 0.326172 0.609375 0.326172 0.610156 0.325195 0.610938 0.325195 0.611719 0.324219 0.613281 0.324219 0.614063 0.323242 0.615625 0.323242 0.616406 0.322266 0.619531 0.322266 0.620312 0.321289 0.622656 0.321289 0.623437 0.322266 0.625781 0.322266 0.626563 0.321289
9 0.535938 0.737305 0.535938 0.738281 0.537500 0.740234 0.537500 0.741211 0.539062 0.743164 0.539062 0.744141 0.539844 0.745117 0.539844 0.746094 0.540625 0.747070 0.540625 0.760742 0.539844 0.761719 0.539844 0.763672 0.539062 0.764648 0.539062 0.765625 0.538281 0.766602 0.538281 0.767578 0.534375 0.772461 0.534375 0.774414 0.528906 0.781250 0.528125 0.781250 0.527344 0.782227 0.526562 0.782227 0.525781 0.783203 0.524219 0.783203 0.523438 0.784180 0.521875 0.784180 0.521094 0.785156 0.519531 0.785156 0.518750 0.786133 0.500000 0.786133 0.499219 0.785156 0.498437 0.785156 0.497656 0.784180 0.496875 0.784180 0.496094 0.783203 0.494531 0.783203 0.490625 0.778320 0.489844 0.778320 0.484375 0.771484 0.484375 0.756836 0.485938 0.754883 0.486719 0.754883 0.487500 0.753906 0.492188 0.753906 0.492969 0.752930 0.493750 0.752930 0.494531 0.753906 0.496875 0.753906 0.497656 0.754883 0.498437 0.754883 0.501563 0.758789 0.502344 0.758789 0.503906 0.760742 0.507031 0.760742 0.513281 0.752930 0.513281 0.751953 0.514062 0.750977 0.514062 0.749023 0.514844 0.748047 0.514844 0.746094 0.515625 0.745117 0.515625 0.744141 0.516406 0.743164 0.516406 0.742188 0.517188 0.741211 0.517188 0.739258 0.518750 0.737305
5 0.721875 0.352539 0.721875 0.353516 0.723438 0.355469 0.723438 0.357422 0.724219 0.358398 0.724219 0.360352 0.725000 0.361328 0.725000 0.363281 0.724219 0.364258 0.725000 0.365234 0.725000 0.371094 0.728125 0.375000 0.728906 0.375000 0.729687 0.375977 0.732812 0.375977 0.733594 0.375000 0.735156 0.375000 0.735938 0.374023 0.736719 0.374023 0.737500 0.373047 0.737500 0.372070 0.740625 0.368164 0.740625 0.367188 0.741406 0.366211 0.741406 0.365234 0.743750 0.362305 0.744531 0.362305 0.746094 0.360352 0.747656 0.360352 0.748437 0.359375 0.750000 0.359375 0.750781 0.360352 0.755469 0.360352 0.757031 0.362305 0.757812 0.362305 0.757812 0.377930 0.756250 0.379883 0.756250 0.380859 0.754688 0.382812 0.754688 0.383789 0.750000 0.389648 0.750000 0.390625 0.748437 0.392578 0.747656 0.392578 0.746875 0.393555 0.746094 0.393555 0.743750 0.396484 0.742188 0.396484 0.740625 0.398438 0.721094 0.398438 0.720313 0.397461 0.717969 0.397461 0.717187 0.396484 0.716406 0.396484 0.714844 0.394531 0.714062 0.394531 0.711719 0.391602 0.710938 0.391602 0.710156 0.390625 0.709375 0.390625 0.705469 0.385742 0.705469 0.384766 0.704688 0.383789 0.704688 0.382812 0.703125 0.380859 0.703125 0.378906 0.702344 0.377930 0.702344 0.376953 0.701562 0.375977 0.701562 0.373047 0.700781 0.372070 0.700781 0.357422 0.702344 0.355469 0.702344 0.354492 0.703125 0.353516 0.703125 0.352539
7 0.726562 0.883789 0.728125 0.885742 0.728125 0.886719 0.728906 0.887695 0.728906 0.893555 0.728125 0.894531 0.728125 0.895508 0.727344 0.896484 0.727344 0.897461 0.721875 0.904297 0.721875 0.915039 0.723438 0.916992 0.723438 0.917969 0.725000 0.919922 0.725000 0.920898 0.728125 0.924805 0.728906 0.924805 0.729687 0.925781 0.730469 0.925781 0.732031 0.927734 0.732812 0.927734 0.734375 0.929688 0.734375 0.930664 0.735938 0.932617 0.735938 0.944336 0.735156 0.944336 0.734375 0.945312 0.733594 0.945312 0.732812 0.946289 0.732031 0.946289 0.731250 0.947266 0.730469 0.947266 0.729687 0.948242 0.728125 0.948242 0.727344 0.949219 0.726562 0.949219 0.725781 0.950195 0.716406 0.950195 0.714844 0.948242 0.714062 0.948242 0.712500 0.946289 0.711719 0.946289 0.710938 0.945312 0.710156 0.945312 0.708594 0.943359 0.707813 0.943359 0.703125 0.937500 0.703125 0.936523 0.701562 0.934570 0.701562 0.933594 0.700781 0.932617 0.700781 0.931641 0.700000 0.930664 0.700000 0.929688 0.699219 0.928711 0.699219 0.926758 0.698437 0.925781 0.698437 0.907227 0.699219 0.906250 0.699219 0.905273 0.700000 0.904297 0.700000 0.903320 0.701562 0.901367 0.702344 0.901367 0.703125 0.900391 0.703906 0.900391 0.704688 0.899414 0.706250 0.899414 0.707031 0.898438 0.707813 0.898438 0.712500 0.892578 0.712500 0.891602 0.713281 0.890625 0.713281 0.885742 0.714062 0.884766 0.714062 0.883789
2 0.133594 0.467773 0.134375 0.468750 0.135156 0.468750 0.136719 0.470703 0.137500 0.470703 0.139844 0.473633 0.139844 0.474609 0.141406 0.476562 0.141406 0.481445 0.142188 0.482422 0.142188 0.494141 0.143750 0.496094 0.144531 0.496094 0.145312 0.497070 0.146094 0.497070 0.150781 0.491211 0.152344 0.491211 0.153906 0.489258 0.154687 0.489258 0.155469 0.488281 0.157813 0.488281 0.160937 0.484375 0.163281 0.484375 0.164844 0.486328 0.164844 0.488281 0.165625 0.489258 0.165625 0.490234 0.167188 0.492188 0.167188 0.494141 0.169531 0.497070 0.169531 0.517578 0.165625 0.522461 0.164844 0.522461 0.164062 0.523438 0.163281 0.523438 0.161719 0.525391 0.160937 0.525391 0.159375 0.527344 0.158594 0.527344 0.157813 0.528320 0.145312 0.528320 0.144531 0.527344 0.143750 0.527344 0.142969 0.526367 0.142188 0.526367 0.141406 0.525391 0.139844 0.525391 0.139062 0.524414 0.138281 0.524414 0.137500 0.523438 0.136719 0.523438 0.135156 0.521484 0.134375 0.521484 0.131250 0.517578 0.131250 0.516602 0.129687 0.514648 0.128906 0.514648 0.125781 0.510742 0.125781 0.508789 0.125000 0.507812 0.125000 0.506836 0.123437 0.504883 0.123437 0.503906 0.122656 0.502930 0.122656 0.475586 0.128125 0.468750 0.129687 0.468750 0.130469 0.467773
3 0.805469 0.835938 0.806250 0.836914 0.806250 0.837891 0.807812 0.839844 0.807812 0.840820 0.809375 0.842773 0.809375 0.855469 0.808594 0.856445 0.808594 0.858398 0.807812 0.859375 0.807812 0.860352 0.806250 0.862305 0.806250 0.863281 0.804688 0.865234 0.804688 0.867188 0.800781 0.872070 0.800000 0.872070 0.796875 0.875977 0.796094 0.875977 0.794531 0.877930 0.793750 0.877930 0.792187 0.879883 0.791406 0.879883 0.790625 0.880859 0.769531 0.880859 0.767969 0.878906 0.767187 0.878906 0.764844 0.875977 0.764063 0.875977 0.756250 0.866211 0.756250 0.865234 0.754688 0.863281 0.754688 0.855469 0.755469 0.854492 0.756250 0.854492 0.757031 0.853516 0.760937 0.853516 0.761719 0.852539 0.766406 0.852539 0.767187 0.853516 0.768750 0.853516 0.769531 0.852539 0.770313 0.852539 0.771094 0.853516 0.775781 0.853516 0.776562 0.852539 0.777344 0.852539 0.778125 0.851562 0.781250 0.851562 0.784375 0.847656 0.784375 0.846680 0.785156 0.845703 0.785156 0.843750 0.785938 0.842773 0.785938 0.840820 0.786719 0.839844 0.786719 0.837891 0.787500 0.836914 0.787500 0.835938
10 0.429688 0.249023 0.431250 0.250977 0.432031 0.250977 0.435156 0.254883 0.435156 0.255859 0.436719 0.257812 0.436719 0.258789 0.437500 0.259766 0.437500 0.261719 0.436719 0.262695 0.436719 0.265625 0.435937 0.266602 0.435937 0.270508 0.435156 0.271484 0.435156 0.273438 0.434375 0.274414 0.432813 0.274414 0.431250 0.276367 0.429688 0.276367 0.428906 0.277344 0.428125 0.276367 0.426562 0.276367 0.425781 0.277344 0.423438 0.277344 0.422656 0.278320 0.421094 0.278320 0.419531 0.280273 0.418750 0.280273 0.416406 0.283203 0.416406 0.284180 0.415625 0.285156 0.415625 0.291016 0.416406 0.291992 0.416406 0.294922 0.417188 0.295898 0.417188 0.298828 0.417969 0.299805 0.417969 0.308594 0.417188 0.309570 0.417188 0.313477 0.416406 0.314453 0.416406 0.315430 0.401563 0.315430 0.401563 0.314453 0.400000 0.312500 0.399219 0.312500 0.398438 0.311523 0.398438 0.310547 0.396094 0.307617 0.396094 0.306641 0.395312 0.305664 0.395312 0.304688 0.393750 0.302734 0.393750 0.301758 0.392969 0.300781 0.392969 0.299805 0.392188 0.298828 0.392188 0.296875 0.391406 0.295898 0.391406 0.293945 0.390625 0.292969 0.390625 0.274414 0.391406 0.273438 0.391406 0.272461 0.392188 0.271484 0.392188 0.269531 0.392969 0.268555 0.392969 0.266602 0.393750 0.265625 0.393750 0.264648 0.394531 0.263672 0.394531 0.262695 0.396094 0.260742 0.396094 0.259766 0.401563 0.252930 0.402344 0.252930 0.403906 0.250977 0.405469 0.250977 0.407031 0.249023
6 0.149219 0.529297 0.150000 0.530273 0.151563 0.530273 0.152344 0.531250 0.153906 0.531250 0.155469 0.533203 0.156250 0.533203 0.159375 0.537109 0.160156 0.537109 0.161719 0.539062 0.162500 0.539062 0.164062 0.541016 0.164062 0.541992 0.167188 0.545898 0.167188 0.546875 0.167969 0.547852 0.167969 0.548828 0.168750 0.549805 0.168750 0.568359 0.167969 0.569336 0.167188 0.569336 0.166406 0.570312 0.165625 0.570312 0.164844 0.571289 0.164062 0.571289 0.163281 0.572266 0.162500 0.572266 0.160156 0.575195 0.159375 0.575195 0.158594 0.576172 0.157813 0.576172 0.157031 0.577148 0.156250 0.577148 0.155469 0.576172 0.154687 0.576172 0.154687 0.575195 0.153906 0.574219 0.153906 0.569336 0.154687 0.568359 0.152344 0.565430 0.150781 0.565430 0.150000 0.566406 0.142969 0.566406 0.142188 0.567383 0.140625 0.567383 0.139844 0.568359 0.138281 0.568359 0.137500 0.569336 0.136719 0.569336 0.135938 0.570312 0.135156 0.570312 0.132031 0.574219 0.132031 0.576172 0.131250 0.577148 0.131250 0.579102 0.130469 0.580078 0.130469 0.582031 0.129687 0.583008 0.129687 0.583984 0.127344 0.586914 0.126563 0.586914 0.125781 0.587891 0.125000 0.587891 0.124219 0.588867 0.117188 0.588867 0.116406 0.587891 0.114844 0.587891 0.113281 0.585938 0.113281 0.553711 0.114844 0.551758 0.114844 0.550781 0.115625 0.549805 0.115625 0.548828 0.116406 0.547852 0.116406 0.546875 0.121094 0.541016 0.121875 0.541016 0.124219 0.538086 0.125000 0.538086 0.126563 0.536133 0.127344 0.536133 0.128906 0.534180 0.129687 0.534180 0.130469 0.533203 0.131250 0.533203 0.132031 0.532227 0.134375 0.532227 0.135156 0.531250 0.136719 0.531250 0.137500 0.530273 0.139844 0.530273 0.140625 0.529297
9 0.829687 0.670898 0.829687 0.671875 0.830469 0.672852 0.830469 0.674805 0.831250 0.675781 0.831250 0.678711 0.832031 0.679688 0.832031 0.684570 0.831250 0.685547 0.831250 0.700195 0.834375 0.704102 0.845312 0.704102 0.846094 0.705078 0.847656 0.705078 0.850781 0.708984 0.850781 0.709961 0.851562 0.710938 0.851562 0.712891 0.852344 0.713867 0.852344 0.715820 0.853125 0.716797 0.853125 0.721680 0.852344 0.722656 0.852344 0.725586 0.850781 0.727539 0.850781 0.728516 0.849219 0.730469 0.848438 0.730469 0.847656 0.731445 0.846875 0.731445 0.846094 0.732422 0.845312 0.732422 0.843750 0.734375 0.842969 0.734375 0.841406 0.736328 0.819531 0.736328 0.819531 0.735352 0.818750 0.734375 0.817969 0.734375 0.815625 0.731445 0.814844 0.731445 0.809375 0.724609 0.809375 0.723633 0.808594 0.722656 0.808594 0.721680 0.807812 0.720703 0.807812 0.719727 0.807031 0.718750 0.807031 0.717773 0.806250 0.716797 0.806250 0.714844 0.805469 0.713867 0.805469 0.711914 0.804688 0.710938 0.804688 0.709961 0.803906 0.708984 0.803906 0.703125 0.803125 0.702148 0.803125 0.701172 0.803906 0.700195 0.803125 0.699219 0.803125 0.690430 0.803906 0.689453 0.803906 0.686523 0.804688 0.685547 0.804688 0.682617 0.806250 0.680664 0.806250 0.679688 0.807031 0.678711 0.807031 0.677734 0.807812 0.676758 0.807812 0.675781 0.810938 0.671875 0.810938 0.670898
2 0.530469 0.375977 0.531250 0.376953 0.532031 0.376953 0.532813 0.377930 0.533594 0.377930 0.535156 0.379883 0.535938 0.379883 0.536719 0.380859 0.537500 0.380859 0.539062 0.382812 0.539062 0.383789 0.539844 0.384766 0.540625 0.384766 0.540625 0.398438 0.539844 0.398438 0.538281 0.400391 0.528906 0.400391 0.528125 0.399414 0.527344 0.399414 0.526562 0.398438 0.519531 0.398438 0.517969 0.400391 0.517969 0.402344 0.517188 0.403320 0.517188 0.404297 0.516406 0.405273 0.516406 0.407227 0.515625 0.408203 0.515625 0.415039 0.514844 0.416016 0.514844 0.416992 0.515625 0.417969 0.515625 0.419922 0.517188 0.421875 0.517969 0.421875 0.519531 0.423828 0.519531 0.428711 0.518750 0.429688 0.518750 0.431641 0.517969 0.432617 0.517969 0.433594 0.517188 0.434570 0.516406 0.434570 0.514844 0.436523 0.514062 0.436523 0.513281 0.437500 0.501563 0.437500 0.500781 0.436523 0.500000 0.436523 0.499219 0.435547 0.497656 0.435547 0.496094 0.433594 0.495313 0.433594 0.492969 0.430664 0.492969 0.429688 0.492188 0.428711 0.492188 0.427734 0.490625 0.425781 0.490625 0.404297 0.492188 0.402344 0.492188 0.400391 0.492969 0.399414 0.492969 0.398438 0.493750 0.397461 0.493750 0.390625 0.495313 0.388672 0.495313 0.387695 0.498437 0.383789 0.499219 0.383789 0.502344 0.379883 0.503125 0.379883 0.504688 0.377930 0.506250 0.377930 0.507031 0.376953 0.507812 0.376953 0.508594 0.375977
1 0.452344 0.369141 0.453906 0.371094 0.454688 0.371094 0.455469 0.372070 0.456250 0.372070 0.457812 0.374023 0.458594 0.374023 0.460156 0.375977 0.460156 0.376953 0.461719 0.378906 0.462500 0.378906 0.464844 0.381836 0.464844 0.382812 0.467187 0.385742 0.467187 0.386719 0.467969 0.387695 0.467969 0.388672 0.468750 0.389648 0.468750 0.390625 0.470313 0.392578 0.470313 0.413086 0.469531 0.414062 0.469531 0.415039 0.466406 0.418945 0.462500 0.418945 0.461719 0.417969 0.460156 0.417969 0.457812 0.415039 0.457031 0.415039 0.455469 0.413086 0.454688 0.413086 0.452344 0.410156 0.451562 0.410156 0.450781 0.409180 0.450000 0.409180 0.449219 0.408203 0.448438 0.408203 0.447656 0.407227 0.442187 0.407227 0.441406 0.408203 0.439844 0.408203 0.439063 0.409180 0.437500 0.409180 0.436719 0.410156 0.435937 0.410156 0.434375 0.412109 0.434375 0.419922 0.432031 0.422852 0.424219 0.422852 0.423438 0.421875 0.422656 0.421875 0.420312 0.418945 0.419531 0.418945 0.417969 0.416992 0.417188 0.416992 0.416406 0.416016 0.415625 0.416016 0.414062 0.414062 0.413281 0.414062 0.411719 0.412109 0.411719 0.394531 0.412500 0.393555 0.412500 0.392578 0.413281 0.391602 0.413281 0.389648 0.414844 0.387695 0.414844 0.386719 0.417188 0.383789 0.417188 0.382812 0.418750 0.380859 0.418750 0.379883 0.421875 0.375977 0.422656 0.375977 0.424219 0.374023 0.425781 0.374023 0.426562 0.373047 0.427344 0.373047 0.428125 0.372070 0.428906 0.372070 0.430469 0.370117 0.432031 0.370117 0.432813 0.369141
12 0.959375 0.187500 0.960156 0.188477 0.961719 0.188477 0.962500 0.189453 0.964063 0.189453 0.964844 0.190430 0.965625 0.190430 0.966406 0.191406 0.967187 0.191406 0.967969 0.192383 0.968750 0.192383 0.970313 0.194336 0.971094 0.194336 0.975781 0.200195 0.975781 0.201172 0.978125 0.204102 0.978125 0.205078 0.978906 0.206055 0.978906 0.207031 0.979687 0.208008 0.979687 0.208984 0.980469 0.209961 0.980469 0.210938 0.981250 0.211914 0.981250 0.212891 0.982031 0.213867 0.982031 0.215820 0.982812 0.216797 0.982812 0.217773 0.983594 0.218750 0.983594 0.232422 0.982031 0.234375 0.982031 0.235352 0.977344 0.241211 0.976562 0.241211 0.975000 0.243164 0.963281 0.243164 0.963281 0.242188 0.962500 0.241211 0.962500 0.239258 0.961719 0.238281 0.961719 0.233398 0.960938 0.232422 0.960938 0.229492 0.960156 0.228516 0.960156 0.227539 0.955469 0.221680 0.951562 0.221680 0.950000 0.223633 0.949219 0.223633 0.948438 0.224609 0.947656 0.224609 0.944531 0.228516 0.944531 0.230469 0.942969 0.232422 0.940625 0.232422 0.939844 0.231445 0.939063 0.231445 0.932813 0.223633 0.932031 0.223633 0.929688 0.220703 0.929688 0.203125 0.930469 0.202148 0.930469 0.201172 0.931250 0.200195 0.931250 0.199219 0.932031 0.198242 0.932031 0.197266 0.933594 0.195312 0.933594 0.194336 0.935156 0.192383 0.935938 0.192383 0.936719 0.191406 0.937500 0.191406 0.938281 0.190430 0.939063 0.190430 0.939844 0.189453 0.940625 0.189453 0.941406 0.188477 0.942969 0.188477 0.943750 0.187500
5 0.555469 0.006836 0.556250 0.007812 0.557812 0.007812 0.558594 0.008789 0.560156 0.008789 0.560937 0.009766 0.561719 0.009766 0.563281 0.011719 0.564063 0.011719 0.565625 0.013672 0.566406 0.013672 0.572656 0.021484 0.572656 0.022461 0.573437 0.023438 0.573437 0.024414 0.574219 0.025391 0.574219 0.041992 0.573437 0.042969 0.572656 0.042969 0.571875 0.043945 0.571094 0.043945 0.570312 0.044922 0.566406 0.044922 0.565625 0.043945 0.564063 0.043945 0.558594 0.037109 0.557812 0.037109 0.557031 0.036133 0.553906 0.036133 0.553125 0.035156 0.547656 0.035156 0.546875 0.036133 0.544531 0.036133 0.543750 0.037109 0.542969 0.037109 0.542187 0.038086 0.542187 0.039062 0.540625 0.041016 0.540625 0.041992 0.539844 0.042969 0.539844 0.045898 0.539062 0.046875 0.539062 0.048828 0.538281 0.049805 0.538281 0.051758 0.537500 0.052734 0.537500 0.053711 0.535156 0.056641 0.534375 0.056641 0.533594 0.057617 0.527344 0.057617 0.526562 0.056641 0.525000 0.056641 0.524219 0.055664 0.523438 0.055664 0.521094 0.052734 0.521094 0.026367 0.522656 0.024414 0.522656 0.023438 0.525000 0.020508 0.525000 0.019531 0.528125 0.015625 0.528906 0.015625 0.530469 0.013672 0.531250 0.013672 0.532031 0.012695 0.532813 0.012695 0.533594 0.011719 0.534375 0.011719 0.535156 0.010742 0.535938 0.010742 0.536719 0.009766 0.537500 0.009766 0.538281 0.008789 0.539844 0.008789 0.540625 0.007812 0.542187 0.007812 0.542969 0.006836
10 0.924219 0.055664 0.925000 0.056641 0.929688 0.056641 0.931250 0.058594 0.932031 0.058594 0.932031 0.059570 0.935156 0.063477 0.935156 0.064453 0.935938 0.065430 0.935938 0.066406 0.936719 0.067383 0.936719 0.069336 0.938281 0.071289 0.938281 0.097656 0.936719 0.099609 0.936719 0.100586 0.935938 0.101562 0.935938 0.102539 0.935156 0.103516 0.935156 0.104492 0.932031 0.108398 0.932031 0.109375 0.928125 0.114258 0.927344 0.114258 0.925781 0.116211 0.925000 0.116211 0.924219 0.117188 0.923437 0.117188 0.921094 0.120117 0.919531 0.120117 0.918750 0.121094 0.917969 0.121094 0.917188 0.122070 0.915625 0.122070 0.914062 0.124023 0.897656 0.124023 0.896875 0.123047 0.895312 0.123047 0.894531 0.122070 0.892969 0.122070 0.891406 0.120117 0.890625 0.120117 0.890625 0.119141 0.889844 0.118164 0.889063 0.118164 0.883594 0.111328 0.883594 0.090820 0.884375 0.090820 0.888281 0.085938 0.889063 0.085938 0.889844 0.084961 0.896094 0.084961 0.896875 0.085938 0.898438 0.085938 0.899219 0.086914 0.900781 0.086914 0.901563 0.087891 0.902344 0.087891 0.903125 0.088867 0.911719 0.088867 0.915625 0.083984 0.915625 0.079102 0.914062 0.077148 0.914062 0.075195 0.913281 0.074219 0.913281 0.071289 0.912500 0.070312 0.912500 0.069336 0.913281 0.068359 0.913281 0.067383 0.914062 0.066406 0.914062 0.064453 0.918750 0.058594 0.919531 0.058594 0.920313 0.057617 0.921094 0.057617 0.921875 0.056641 0.922656 0.056641 0.923437 0.055664
11 0.537500 0.597656 0.538281 0.598633 0.539844 0.598633 0.540625 0.599609 0.542969 0.599609 0.544531 0.601562 0.545312 0.601562 0.546094 0.602539 0.547656 0.602539 0.548438 0.603516 0.549219 0.603516 0.550781 0.605469 0.551563 0.605469 0.552344 0.606445 0.553125 0.606445 0.554688 0.608398 0.555469 0.608398 0.558594 0.612305 0.558594 0.613281 0.559375 0.614258 0.559375 0.615234 0.560156 0.616211 0.560156 0.618164 0.560937 0.619141 0.560937 0.621094 0.561719 0.622070 0.561719 0.635742 0.559375 0.635742 0.558594 0.634766 0.556250 0.634766 0.555469 0.635742 0.554688 0.635742 0.550781 0.640625 0.550000 0.640625 0.548438 0.642578 0.548438 0.644531 0.545312 0.648438 0.545312 0.649414 0.544531 0.649414 0.539844 0.655273 0.539844 0.656250 0.531250 0.666992 0.531250 0.667969 0.529687 0.669922 0.528906 0.669922 0.527344 0.671875 0.526562 0.671875 0.525000 0.673828 0.514844 0.673828 0.514844 0.672852 0.514062 0.671875 0.513281 0.671875 0.510156 0.667969 0.509375 0.667969 0.505469 0.663086 0.505469 0.661133 0.504688 0.660156 0.504688 0.659180 0.503906 0.658203 0.503906 0.657227 0.503125 0.656250 0.503125 0.654297 0.502344 0.653320 0.502344 0.648438 0.501563 0.647461 0.501563 0.626953 0.502344 0.625977 0.502344 0.624023 0.503125 0.623047 0.503125 0.621094 0.503906 0.620117 0.503906 0.619141 0.504688 0.618164 0.504688 0.617188 0.505469 0.616211 0.505469 0.615234 0.507031 0.613281 0.507031 0.612305 0.507812 0.611328 0.507812 0.610352 0.508594 0.609375 0.508594 0.608398 0.510937 0.605469 0.511719 0.605469 0.512500 0.604492 0.512500 0.603516 0.513281 0.603516 0.514062 0.602539 0.514844 0.602539 0.515625 0.601562 0.516406 0.601562 0.517188 0.600586 0.517969 0.600586 0.519531 0.598633 0.520313 0.598633 0.521094 0.597656
8 0.077344 0.207031 0.078125 0.208008 0.078125 0.208984 0.078906 0.209961 0.078906 0.210938 0.079688 0.211914 0.079688 0.213867 0.084375 0.219727 0.085156 0.219727 0.089844 0.225586 0.090625 0.225586 0.091406 0.226562 0.092969 0.226562 0.093750 0.227539 0.094531 0.227539 0.095313 0.228516 0.098437 0.228516 0.101562 0.224609 0.101562 0.223633 0.102344 0.222656 0.102344 0.221680 0.103125 0.220703 0.103125 0.218750 0.103906 0.217773 0.103906 0.215820 0.107812 0.210938 0.109375 0.210938 0.110156 0.211914 0.111719 0.211914 0.113281 0.213867 0.114062 0.213867 0.114844 0.214844 0.115625 0.214844 0.116406 0.215820 0.117188 0.215820 0.117969 0.216797 0.118750 0.216797 0.119531 0.217773 0.120313 0.217773 0.122656 0.220703 0.122656 0.221680 0.123437 0.222656 0.123437 0.241211 0.122656 0.242188 0.122656 0.243164 0.121875 0.244141 0.121875 0.246094 0.115625 0.253906 0.115625 0.254883 0.114062 0.256836 0.113281 0.256836 0.112500 0.257812 0.110938 0.257812 0.109375 0.259766 0.087500 0.259766 0.086719 0.258789 0.085938 0.258789 0.085156 0.257812 0.084375 0.257812 0.083594 0.256836 0.082812 0.256836 0.081250 0.254883 0.080469 0.254883 0.071875 0.244141 0.071875 0.243164 0.070312 0.241211 0.070312 0.240234 0.068750 0.238281 0.068750 0.237305 0.067969 0.236328 0.067969 0.235352 0.067187 0.234375 0.067187 0.211914 0.067969 0.211914 0.071875 0.207031
3 0.964844 0.700195 0.965625 0.701172 0.970313 0.701172 0.971875 0.703125 0.973438 0.703125 0.975000 0.705078 0.975781 0.705078 0.979687 0.709961 0.980469 0.709961 0.980469 0.731445 0.978906 0.731445 0.978125 0.732422 0.969531 0.732422 0.968750 0.731445 0.962500 0.731445 0.960156 0.734375 0.960156 0.735352 0.959375 0.736328 0.959375 0.737305 0.957812 0.739258 0.957812 0.741211 0.956250 0.743164 0.956250 0.745117 0.955469 0.746094 0.955469 0.749023 0.954688 0.750000 0.954688 0.754883 0.955469 0.755859 0.955469 0.757812 0.956250 0.758789 0.956250 0.759766 0.955469 0.760742 0.955469 0.762695 0.953906 0.764648 0.953125 0.764648 0.952344 0.765625 0.951562 0.765625 0.950781 0.766602 0.950000 0.766602 0.949219 0.767578 0.948438 0.767578 0.947656 0.768555 0.942187 0.768555 0.940625 0.766602 0.939844 0.766602 0.934375 0.759766 0.934375 0.758789 0.932813 0.756836 0.932813 0.724609 0.933594 0.723633 0.933594 0.721680 0.934375 0.720703 0.934375 0.718750 0.935938 0.716797 0.935938 0.715820 0.939063 0.711914 0.939844 0.711914 0.943750 0.707031 0.944531 0.707031 0.946094 0.705078 0.946875 0.705078 0.947656 0.704102 0.949219 0.704102 0.950000 0.703125 0.951562 0.703125 0.952344 0.702148 0.954688 0.702148 0.955469 0.701172 0.960156 0.701172 0.960938 0.700195
3 0.541406 0.186523 0.542969 0.188477 0.543750 0.188477 0.544531 0.189453 0.545312 0.189453 0.548438 0.193359 0.549219 0.193359 0.550781 0.195312 0.550781 0.196289 0.551563 0.197266 0.551563 0.198242 0.553125 0.200195 0.553125 0.201172 0.553906 0.202148 0.553906 0.203125 0.555469 0.205078 0.555469 0.206055 0.556250 0.207031 0.556250 0.208008 0.557031 0.208984 0.557031 0.209961 0.557812 0.210938 0.557812 0.211914 0.558594 0.212891 0.558594 0.213867 0.559375 0.214844 0.559375 0.216797 0.560156 0.217773 0.560156 0.218750 0.560937 0.219727 0.560937 0.231445 0.559375 0.233398 0.559375 0.234375 0.558594 0.235352 0.558594 0.236328 0.556250 0.239258 0.556250 0.240234 0.554688 0.242188 0.542969 0.242188 0.539844 0.238281 0.539844 0.237305 0.538281 0.235352 0.538281 0.232422 0.537500 0.231445 0.537500 0.227539 0.536719 0.226562 0.536719 0.224609 0.535938 0.223633 0.535156 0.223633 0.533594 0.221680 0.516406 0.221680 0.515625 0.222656 0.514844 0.222656 0.514062 0.221680 0.510156 0.221680 0.509375 0.220703 0.504688 0.220703 0.502344 0.217773 0.502344 0.206055 0.503906 0.204102 0.503906 0.203125 0.504688 0.202148 0.505469 0.202148 0.506250 0.201172 0.506250 0.200195 0.510937 0.194336 0.510937 0.193359 0.511719 0.192383 0.512500 0.192383 0.513281 0.191406 0.514062 0.191406 0.514844 0.190430 0.515625 0.190430 0.516406 0.189453 0.517188 0.189453 0.517969 0.188477 0.518750 0.188477 0.519531 0.187500 0.520313 0.187500 0.521094 0.186523
11 0.885938 0.733398 0.886719 0.734375 0.887500 0.734375 0.888281 0.735352 0.889844 0.735352 0.890625 0.736328 0.890625 0.737305 0.891406 0.738281 0.892187 0.738281 0.892187 0.739258 0.893750 0.741211 0.893750 0.742188 0.896094 0.745117 0.896094 0.746094 0.898438 0.749023 0.899219 0.749023 0.900000 0.750000 0.903906 0.750000 0.904688 0.750977 0.909375 0.750977 0.910156 0.750000 0.910937 0.750000 0.911719 0.749023 0.915625 0.749023 0.916406 0.748047 0.918750 0.748047 0.919531 0.749023 0.923437 0.749023 0.925000 0.750977 0.925781 0.750977 0.928125 0.753906 0.928906 0.753906 0.930469 0.755859 0.931250 0.755859 0.932031 0.756836 0.932031 0.757812 0.932813 0.758789 0.932813 0.773438 0.931250 0.775391 0.931250 0.777344 0.926562 0.783203 0.926562 0.784180 0.925000 0.786133 0.925000 0.787109 0.922656 0.790039 0.922656 0.791016 0.921094 0.792969 0.921094 0.793945 0.919531 0.795898 0.918750 0.795898 0.917969 0.796875 0.917969 0.797852 0.917188 0.797852 0.914062 0.801758 0.913281 0.801758 0.911719 0.803711 0.897656 0.803711 0.896875 0.802734 0.896094 0.802734 0.893750 0.799805 0.892969 0.799805 0.892187 0.798828 0.891406 0.798828 0.890625 0.797852 0.889063 0.797852 0.887500 0.795898 0.886719 0.795898 0.885156 0.793945 0.884375 0.793945 0.883594 0.792969 0.882812 0.792969 0.882031 0.791992 0.881250 0.791992 0.880469 0.791016 0.878906 0.791016 0.877344 0.789062 0.876562 0.789062 0.876562 0.788086 0.872656 0.783203 0.872656 0.782227 0.871094 0.780273 0.871094 0.778320 0.869531 0.776367 0.869531 0.746094 0.870312 0.745117 0.870312 0.744141 0.871094 0.743164 0.871094 0.742188 0.873438 0.739258 0.873438 0.738281 0.875000 0.736328 0.875781 0.736328 0.876562 0.735352 0.877344 0.735352 0.878125 0.734375 0.879687 0.734375 0.880469 0.733398 0.882812 0.733398 0.883594 0.734375 0.884375 0.734375 0.885156 0.733398
10 0.191406 0.777344 0.191406 0.778320 0.192969 0.780273 0.192969 0.781250 0.193750 0.782227 0.193750 0.788086 0.192969 0.789062 0.192969 0.790039 0.192187 0.790039 0.189844 0.792969 0.189063 0.792969 0.186719 0.795898 0.185937 0.795898 0.182813 0.799805 0.182813 0.801758 0.180469 0.804688 0.180469 0.805664 0.178906 0.807617 0.178906 0.810547 0.179688 0.811523 0.179688 0.816406 0.182031 0.819336 0.182813 0.819336 0.184375 0.821289 0.185156 0.821289 0.186719 0.823242 0.186719 0.826172 0.187500 0.827148 0.187500 0.832031 0.186719 0.833008 0.186719 0.834961 0.185937 0.835938 0.185937 0.836914 0.182813 0.840820 0.167969 0.840820 0.164844 0.836914 0.164062 0.836914 0.163281 0.835938 0.162500 0.835938 0.160156 0.833008 0.160156 0.832031 0.158594 0.830078 0.158594 0.829102 0.157813 0.828125 0.157813 0.827148 0.156250 0.825195 0.156250 0.795898 0.158594 0.792969 0.158594 0.791992 0.161719 0.788086 0.161719 0.787109 0.164062 0.784180 0.164062 0.783203 0.164844 0.783203 0.166406 0.781250 0.167188 0.781250 0.168750 0.779297 0.169531 0.779297 0.170312 0.778320 0.171094 0.778320 0.171875 0.777344
3 0.613281 0.136719 0.614844 0.138672 0.614844 0.139648 0.616406 0.141602 0.616406 0.142578 0.617188 0.143555 0.617188 0.144531 0.617969 0.145508 0.617969 0.150391 0.617188 0.151367 0.617188 0.152344 0.616406 0.153320 0.616406 0.155273 0.615625 0.156250 0.615625 0.158203 0.614844 0.159180 0.614844 0.161133 0.614063 0.162109 0.614063 0.164062 0.613281 0.165039 0.613281 0.167969 0.614063 0.168945 0.614063 0.169922 0.614844 0.170898 0.614844 0.171875 0.615625 0.172852 0.615625 0.173828 0.616406 0.174805 0.617188 0.174805 0.617969 0.175781 0.621094 0.175781 0.621875 0.174805 0.623437 0.174805 0.624219 0.173828 0.628125 0.173828 0.628906 0.174805 0.631250 0.174805 0.632031 0.175781 0.632812 0.175781 0.634375 0.177734 0.634375 0.197266 0.633594 0.197266 0.630469 0.201172 0.628906 0.201172 0.627344 0.203125 0.609375 0.203125 0.608594 0.202148 0.607031 0.202148 0.606250 0.201172 0.604687 0.201172 0.603125 0.199219 0.601562 0.199219 0.600000 0.197266 0.599219 0.197266 0.596094 0.193359 0.595313 0.193359 0.588281 0.184570 0.588281 0.183594 0.587500 0.182617 0.587500 0.181641 0.586719 0.180664 0.586719 0.179688 0.585938 0.178711 0.585938 0.176758 0.585156 0.175781 0.585156 0.174805 0.584375 0.173828 0.584375 0.152344 0.585156 0.152344 0.585938 0.151367 0.585938 0.150391 0.587500 0.148438 0.587500 0.147461 0.588281 0.146484 0.588281 0.145508 0.589062 0.144531 0.589062 0.143555 0.590625 0.141602 0.591406 0.141602 0.593750 0.138672 0.594531 0.138672 0.596094 0.136719
8 0.402344 0.048828 0.402344 0.049805 0.404687 0.052734 0.404687 0.053711 0.406250 0.055664 0.406250 0.057617 0.407031 0.058594 0.407031 0.060547 0.408594 0.062500 0.408594 0.071289 0.407813 0.072266 0.407813 0.075195 0.407031 0.076172 0.407031 0.079102 0.406250 0.080078 0.406250 0.081055 0.405469 0.082031 0.405469 0.083008 0.404687 0.083984 0.404687 0.085938 0.401563 0.089844 0.401563 0.090820 0.399219 0.093750 0.399219 0.094727 0.398438 0.094727 0.396875 0.096680 0.396094 0.096680 0.395312 0.097656 0.395312 0.098633 0.394531 0.098633 0.392969 0.100586 0.392188 0.100586 0.390625 0.102539 0.389844 0.102539 0.389062 0.103516 0.388281 0.103516 0.387500 0.104492 0.386719 0.104492 0.385938 0.105469 0.384375 0.105469 0.383594 0.106445 0.361719 0.106445 0.360938 0.105469 0.359375 0.105469 0.358594 0.104492 0.357031 0.104492 0.356250 0.103516 0.355469 0.103516 0.354688 0.102539 0.353906 0.102539 0.353125 0.101562 0.352344 0.101562 0.350781 0.099609 0.350000 0.099609 0.350000 0.098633 0.346875 0.094727 0.346094 0.094727 0.346094 0.093750 0.344531 0.091797 0.344531 0.090820 0.343750 0.089844 0.343750 0.088867 0.342969 0.087891 0.342969 0.073242 0.346094 0.069336 0.353906 0.069336 0.354688 0.070312 0.355469 0.070312 0.356250 0.071289 0.357031 0.071289 0.357812 0.072266 0.358594 0.072266 0.359375 0.073242 0.360938 0.073242 0.361719 0.074219 0.362500 0.074219 0.363281 0.075195 0.367969 0.075195 0.368750 0.076172 0.370313 0.076172 0.371094 0.075195 0.372656 0.075195 0.373437 0.074219 0.374219 0.074219 0.376563 0.071289 0.377344 0.071289 0.380469 0.067383 0.380469 0.066406 0.382031 0.064453 0.382031 0.062500 0.382812 0.061523 0.382812 0.059570 0.382031 0.058594 0.382031 0.057617 0.382812 0.056641 0.382812 0.053711 0.383594 0.052734 0.383594 0.050781 0.384375 0.050781 0.385938 0.048828
8 0.417969 0.559570 0.418750 0.560547 0.421875 0.560547 0.422656 0.561523 0.423438 0.561523 0.424219 0.562500 0.425781 0.562500 0.427344 0.564453 0.428125 0.564453 0.428906 0.565430 0.429688 0.565430 0.431250 0.567383 0.432031 0.567383 0.435156 0.571289 0.435937 0.571289 0.438281 0.574219 0.438281 0.575195 0.439063 0.576172 0.439063 0.597656 0.438281 0.598633 0.437500 0.598633 0.436719 0.599609 0.435937 0.599609 0.435156 0.600586 0.432813 0.600586 0.432031 0.601562 0.431250 0.600586 0.427344 0.600586 0.426562 0.599609 0.425781 0.599609 0.424219 0.597656 0.423438 0.597656 0.422656 0.596680 0.422656 0.595703 0.420312 0.592773 0.419531 0.592773 0.418750 0.591797 0.415625 0.591797 0.414844 0.592773 0.414062 0.592773 0.412500 0.594727 0.412500 0.595703 0.410937 0.597656 0.410937 0.599609 0.409375 0.601562 0.409375 0.602539 0.407813 0.604492 0.407813 0.605469 0.406250 0.607422 0.405469 0.607422 0.404687 0.608398 0.403906 0.608398 0.403125 0.609375 0.402344 0.609375 0.401563 0.610352 0.400000 0.610352 0.399219 0.611328 0.397656 0.611328 0.396875 0.612305 0.389062 0.612305 0.388281 0.611328 0.387500 0.611328 0.384375 0.607422 0.384375 0.582031 0.385156 0.581055 0.385156 0.580078 0.385938 0.579102 0.385938 0.578125 0.387500 0.576172 0.387500 0.575195 0.390625 0.571289 0.391406 0.571289 0.395312 0.566406 0.396094 0.566406 0.397656 0.564453 0.399219 0.564453 0.400000 0.563477 0.401563 0.563477 0.402344 0.562500 0.403906 0.562500 0.404687 0.561523 0.409375 0.561523 0.410156 0.560547 0.414062 0.560547 0.414844 0.559570
10 0.684375 0.283203 0.686719 0.286133 0.687500 0.286133 0.688281 0.287109 0.689063 0.287109 0.689844 0.288086 0.691406 0.288086 0.692969 0.290039 0.693750 0.290039 0.700000 0.297852 0.700781 0.297852 0.700781 0.298828 0.703125 0.301758 0.703125 0.303711 0.703906 0.304688 0.703906 0.319336 0.702344 0.321289 0.693750 0.321289 0.692969 0.320312 0.688281 0.320312 0.687500 0.319336 0.685156 0.319336 0.684375 0.318359 0.683594 0.318359 0.682812 0.317383 0.682031 0.317383 0.680469 0.315430 0.679688 0.315430 0.678125 0.313477 0.677344 0.313477 0.675781 0.311523 0.675000 0.311523 0.674219 0.310547 0.672656 0.310547 0.671875 0.309570 0.671094 0.310547 0.670312 0.310547 0.667969 0.313477 0.667969 0.321289 0.668750 0.322266 0.668750 0.327148 0.667969 0.328125 0.667969 0.329102 0.667187 0.330078 0.667187 0.331055 0.665625 0.333008 0.664844 0.333008 0.662500 0.335938 0.652344 0.335938 0.647656 0.330078 0.647656 0.329102 0.646875 0.328125 0.646875 0.327148 0.646094 0.326172 0.646094 0.325195 0.645313 0.324219 0.645313 0.303711 0.646875 0.301758 0.646875 0.300781 0.656250 0.289062 0.657031 0.289062 0.657813 0.288086 0.658594 0.288086 0.660156 0.286133 0.660938 0.286133 0.661719 0.285156 0.662500 0.285156 0.663281 0.284180 0.664844 0.284180 0.665625 0.283203
0 0.071094 0.443359 0.071875 0.444336 0.072656 0.444336 0.073438 0.445312 0.074219 0.445312 0.075000 0.446289 0.075781 0.446289 0.076562 0.447266 0.077344 0.447266 0.078125 0.448242 0.079688 0.448242 0.082812 0.452148 0.083594 0.452148 0.086719 0.456055 0.086719 0.465820 0.085938 0.465820 0.084375 0.467773 0.084375 0.468750 0.082031 0.471680 0.082031 0.472656 0.080469 0.474609 0.079688 0.474609 0.077344 0.477539 0.076562 0.477539 0.075781 0.478516 0.071094 0.478516 0.067969 0.474609 0.066406 0.474609 0.064844 0.472656 0.061719 0.472656 0.060937 0.473633 0.059375 0.473633 0.056250 0.477539 0.056250 0.478516 0.054688 0.480469 0.054688 0.484375 0.053906 0.485352 0.053906 0.488281 0.035156 0.488281 0.033594 0.486328 0.033594 0.485352 0.034375 0.484375 0.033594 0.483398 0.033594 0.480469 0.032813 0.479492 0.032813 0.467773 0.033594 0.466797 0.033594 0.463867 0.034375 0.462891 0.034375 0.461914 0.035937 0.459961 0.035937 0.458984 0.036719 0.458008 0.036719 0.457031 0.037500 0.456055 0.037500 0.455078 0.042188 0.449219 0.042969 0.449219 0.043750 0.448242 0.045312 0.448242 0.046875 0.446289 0.048438 0.446289 0.050781 0.443359
7 0.278125 0.036133 0.279687 0.038086 0.280469 0.038086 0.281250 0.039062 0.282813 0.039062 0.283594 0.040039 0.284375 0.040039 0.286719 0.042969 0.287500 0.042969 0.288281 0.043945 0.288281 0.044922 0.289062 0.045898 0.289062 0.046875 0.289844 0.047852 0.289844 0.048828 0.291406 0.050781 0.291406 0.072266 0.290625 0.073242 0.290625 0.075195 0.289844 0.076172 0.289844 0.077148 0.289062 0.078125 0.289062 0.079102 0.287500 0.081055 0.287500 0.082031 0.282031 0.088867 0.281250 0.088867 0.280469 0.089844 0.279687 0.089844 0.278125 0.091797 0.277344 0.091797 0.276563 0.092773 0.275781 0.092773 0.275000 0.093750 0.264844 0.093750 0.264844 0.092773 0.261719 0.088867 0.261719 0.086914 0.260938 0.085938 0.260938 0.080078 0.261719 0.079102 0.261719 0.076172 0.262500 0.075195 0.262500 0.073242 0.263281 0.072266 0.263281 0.071289 0.264062 0.070312 0.264062 0.068359 0.264844 0.067383 0.264844 0.065430 0.265625 0.064453 0.265625 0.062500 0.264844 0.061523 0.264844 0.059570 0.264062 0.058594 0.264062 0.057617 0.263281 0.056641 0.263281 0.055664 0.262500 0.054688 0.262500 0.053711 0.260156 0.050781 0.260156 0.039062 0.262500 0.036133
9 0.072656 0.536133 0.074219 0.538086 0.075000 0.538086 0.075781 0.539062 0.076562 0.539062 0.078125 0.541016 0.078906 0.541016 0.082031 0.544922 0.082031 0.545898 0.083594 0.547852 0.083594 0.548828 0.085156 0.550781 0.085156 0.551758 0.085938 0.552734 0.085938 0.554688 0.086719 0.555664 0.086719 0.560547 0.087500 0.561523 0.087500 0.571289 0.086719 0.572266 0.086719 0.576172 0.085938 0.577148 0.085938 0.580078 0.085156 0.581055 0.085156 0.582031 0.084375 0.583008 0.084375 0.583984 0.083594 0.584961 0.083594 0.585938 0.082812 0.586914 0.082812 0.587891 0.082031 0.588867 0.082031 0.590820 0.078906 0.594727 0.078906 0.595703 0.077344 0.597656 0.076562 0.597656 0.071875 0.603516 0.070312 0.603516 0.069531 0.604492 0.068750 0.604492 0.067969 0.605469 0.046094 0.605469 0.046094 0.604492 0.044531 0.602539 0.043750 0.602539 0.041406 0.599609 0.041406 0.598633 0.040625 0.597656 0.040625 0.593750 0.041406 0.592773 0.041406 0.591797 0.046094 0.585938 0.046875 0.585938 0.049219 0.583008 0.050000 0.583008 0.050781 0.582031 0.051562 0.582031 0.056250 0.576172 0.056250 0.574219 0.057031 0.573242 0.057031 0.572266 0.057813 0.571289 0.057813 0.569336 0.057031 0.568359 0.057031 0.566406 0.056250 0.565430 0.056250 0.564453 0.054688 0.562500 0.054688 0.561523 0.053125 0.559570 0.053125 0.558594 0.050781 0.555664 0.050781 0.554688 0.049219 0.552734 0.048438 0.552734 0.046094 0.549805 0.046094 0.547852 0.050000 0.542969 0.050781 0.542969 0.051562 0.541992 0.052344 0.541992 0.054688 0.539062 0.054688 0.538086 0.055469 0.537109 0.055469 0.536133
9 0.178125 0.416016 0.180469 0.418945 0.181250 0.418945 0.181250 0.419922 0.182813 0.421875 0.182813 0.422852 0.184375 0.424805 0.184375 0.425781 0.185156 0.426758 0.185156 0.427734 0.185937 0.428711 0.185937 0.430664 0.186719 0.431641 0.186719 0.445312 0.185937 0.446289 0.185937 0.447266 0.185156 0.448242 0.185156 0.452148 0.184375 0.453125 0.184375 0.455078 0.182813 0.457031 0.182813 0.458008 0.182031 0.458984 0.182031 0.460938 0.178906 0.464844 0.178906 0.465820 0.172656 0.473633 0.171875 0.473633 0.169531 0.476562 0.168750 0.476562 0.166406 0.479492 0.146094 0.479492 0.144531 0.477539 0.144531 0.476562 0.139062 0.469727 0.139062 0.468750 0.138281 0.467773 0.138281 0.466797 0.137500 0.465820 0.137500 0.454102 0.139844 0.451172 0.140625 0.451172 0.142188 0.449219 0.142188 0.448242 0.143750 0.446289 0.145312 0.446289 0.146094 0.445312 0.157813 0.445312 0.158594 0.446289 0.159375 0.445312 0.160156 0.445312 0.160937 0.444336 0.160937 0.441406 0.161719 0.440430 0.161719 0.437500 0.162500 0.436523 0.162500 0.435547 0.163281 0.434570 0.163281 0.432617 0.164062 0.431641 0.164062 0.430664 0.166406 0.427734 0.167188 0.427734 0.168750 0.425781 0.168750 0.422852 0.167969 0.421875 0.167969 0.416016
1 0.052344 0.060547 0.052344 0.064453 0.053125 0.065430 0.053125 0.067383 0.053906 0.068359 0.053906 0.069336 0.054688 0.070312 0.054688 0.072266 0.055469 0.073242 0.055469 0.074219 0.059375 0.079102 0.060937 0.079102 0.061719 0.080078 0.062500 0.079102 0.064063 0.079102 0.064844 0.078125 0.066406 0.078125 0.067187 0.077148 0.067969 0.077148 0.071094 0.073242 0.071875 0.073242 0.072656 0.072266 0.073438 0.072266 0.074219 0.071289 0.075781 0.071289 0.076562 0.070312 0.077344 0.070312 0.078125 0.069336 0.078906 0.069336 0.079688 0.068359 0.081250 0.068359 0.082031 0.067383 0.085938 0.067383 0.086719 0.068359 0.089063 0.068359 0.090625 0.070312 0.090625 0.095703 0.089844 0.096680 0.089844 0.097656 0.085156 0.103516 0.085156 0.104492 0.084375 0.105469 0.083594 0.105469 0.079688 0.110352 0.078125 0.110352 0.077344 0.111328 0.076562 0.111328 0.075781 0.112305 0.072656 0.112305 0.071094 0.114258 0.052344 0.114258 0.051562 0.113281 0.050781 0.113281 0.050000 0.112305 0.049219 0.112305 0.047656 0.110352 0.046875 0.110352 0.046094 0.109375 0.045312 0.109375 0.043750 0.107422 0.042969 0.107422 0.040625 0.104492 0.040625 0.103516 0.039062 0.101562 0.039062 0.100586 0.035156 0.095703 0.035156 0.094727 0.034375 0.093750 0.034375 0.091797 0.033594 0.090820 0.033594 0.089844 0.032813 0.088867 0.032813 0.086914 0.032031 0.085938 0.032031 0.073242 0.032813 0.072266 0.032813 0.070312 0.033594 0.069336 0.033594 0.068359 0.037500 0.063477 0.038281 0.063477 0.039844 0.061523 0.040625 0.061523 0.041406 0.060547
9 0.254687 0.296875 0.260156 0.303711 0.260156 0.304688 0.262500 0.307617 0.262500 0.308594 0.263281 0.309570 0.263281 0.310547 0.264844 0.312500 0.264844 0.313477 0.265625 0.314453 0.265625 0.316406 0.266406 0.317383 0.266406 0.320312 0.267188 0.321289 0.267188 0.345703 0.266406 0.346680 0.266406 0.347656 0.265625 0.348633 0.265625 0.350586 0.264844 0.351562 0.264844 0.352539 0.263281 0.354492 0.263281 0.355469 0.262500 0.356445 0.262500 0.357422 0.260938 0.359375 0.260938 0.360352 0.257812 0.364258 0.257031 0.364258 0.256250 0.365234 0.255469 0.365234 0.254687 0.366211 0.253906 0.366211 0.253125 0.367188 0.252344 0.367188 0.251563 0.368164 0.250781 0.368164 0.250000 0.369141 0.247656 0.369141 0.246875 0.370117 0.246094 0.369141 0.245313 0.369141 0.244531 0.370117 0.241406 0.370117 0.240625 0.371094 0.238281 0.371094 0.237500 0.372070 0.234375 0.372070 0.233594 0.371094 0.232031 0.371094 0.231250 0.370117 0.229688 0.370117 0.228906 0.369141 0.228906 0.341797 0.229688 0.340820 0.230469 0.340820 0.231250 0.339844 0.232031 0.339844 0.237500 0.333008 0.237500 0.332031 0.238281 0.331055 0.238281 0.330078 0.239844 0.328125 0.239844 0.327148 0.240625 0.326172 0.240625 0.320312 0.239844 0.319336 0.239844 0.316406 0.239062 0.315430 0.239062 0.314453 0.238281 0.313477 0.238281 0.312500 0.237500 0.311523 0.237500 0.310547 0.236719 0.309570 0.236719 0.308594 0.235938 0.307617 0.235938 0.301758 0.236719 0.300781 0.236719 0.298828 0.238281 0.296875
1 0.859375 0.729492 0.862500 0.733398 0.863281 0.733398 0.864844 0.735352 0.864844 0.736328 0.866406 0.738281 0.866406 0.739258 0.867969 0.741211 0.867969 0.742188 0.868750 0.743164 0.868750 0.767578 0.867969 0.768555 0.867969 0.770508 0.866406 0.772461 0.866406 0.773438 0.864063 0.776367 0.864063 0.777344 0.862500 0.779297 0.862500 0.780273 0.857813 0.786133 0.857031 0.786133 0.855469 0.788086 0.854687 0.788086 0.853906 0.789062 0.853125 0.789062 0.852344 0.790039 0.851562 0.790039 0.850781 0.791016 0.850000 0.791016 0.849219 0.791992 0.825781 0.791992 0.825781 0.791016 0.824219 0.789062 0.823437 0.789062 0.820312 0.785156 0.820312 0.776367 0.821094 0.775391 0.821094 0.774414 0.822656 0.772461 0.823437 0.772461 0.825000 0.770508 0.828125 0.770508 0.828906 0.769531 0.831250 0.769531 0.832031 0.770508 0.835156 0.770508 0.836719 0.768555 0.836719 0.767578 0.837500 0.766602 0.837500 0.763672 0.838281 0.762695 0.838281 0.757812 0.839062 0.756836 0.839062 0.753906 0.838281 0.752930 0.838281 0.744141 0.839062 0.743164 0.839062 0.741211 0.836719 0.738281 0.835938 0.738281 0.834375 0.736328 0.834375 0.735352 0.838281 0.730469 0.844531 0.730469 0.845312 0.729492
12 0.742188 0.566406 0.743750 0.568359 0.744531 0.568359 0.746094 0.570312 0.746875 0.570312 0.747656 0.571289 0.747656 0.598633 0.746875 0.598633 0.746094 0.599609 0.745312 0.599609 0.744531 0.600586 0.742969 0.600586 0.742188 0.601562 0.740625 0.601562 0.739844 0.602539 0.739063 0.602539 0.732812 0.610352 0.732812 0.613281 0.732031 0.614258 0.732031 0.618164 0.731250 0.619141 0.731250 0.623047 0.732031 0.624023 0.732031 0.625977 0.732812 0.626953 0.732812 0.628906 0.733594 0.629883 0.733594 0.630859 0.734375 0.631836 0.734375 0.644531 0.733594 0.645508 0.733594 0.646484 0.732812 0.647461 0.732812 0.648438 0.732031 0.649414 0.718750 0.649414 0.716406 0.646484 0.716406 0.645508 0.711719 0.639648 0.711719 0.638672 0.710938 0.637695 0.710938 0.636719 0.707813 0.632812 0.707813 0.631836 0.707031 0.630859 0.707031 0.629883 0.706250 0.628906 0.706250 0.627930 0.705469 0.626953 0.705469 0.625977 0.704688 0.625000 0.704688 0.623047 0.703906 0.622070 0.703906 0.620117 0.703125 0.619141 0.703125 0.598633 0.704688 0.596680 0.704688 0.593750 0.705469 0.592773 0.705469 0.589844 0.706250 0.588867 0.706250 0.587891 0.707031 0.586914 0.707031 0.585938 0.707813 0.584961 0.707813 0.583984 0.710156 0.581055 0.710156 0.580078 0.717969 0.570312 0.718750 0.570312 0.719531 0.569336 0.720313 0.569336 0.721094 0.568359 0.721875 0.568359 0.722656 0.567383 0.723438 0.567383 0.724219 0.566406
8 0.246875 0.175781 0.250781 0.180664 0.250781 0.184570 0.251563 0.185547 0.251563 0.189453 0.252344 0.190430 0.252344 0.197266 0.251563 0.198242 0.251563 0.199219 0.250781 0.200195 0.250000 0.200195 0.249219 0.201172 0.245313 0.201172 0.243750 0.203125 0.242969 0.203125 0.242188 0.204102 0.241406 0.204102 0.240625 0.205078 0.239844 0.205078 0.238281 0.207031 0.237500 0.207031 0.234375 0.210938 0.234375 0.211914 0.230469 0.216797 0.230469 0.217773 0.229688 0.218750 0.229688 0.221680 0.228906 0.222656 0.229688 0.223633 0.229688 0.226562 0.230469 0.227539 0.230469 0.228516 0.231250 0.229492 0.231250 0.232422 0.232031 0.233398 0.232031 0.234375 0.232812 0.235352 0.232812 0.238281 0.233594 0.239258 0.233594 0.243164 0.232812 0.244141 0.232812 0.245117 0.231250 0.247070 0.231250 0.248047 0.217187 0.248047 0.214844 0.245117 0.214063 0.245117 0.210156 0.240234 0.210156 0.239258 0.207812 0.236328 0.207812 0.235352 0.207031 0.234375 0.207031 0.233398 0.206250 0.232422 0.206250 0.231445 0.205469 0.230469 0.205469 0.229492 0.204688 0.228516 0.204688 0.225586 0.203906 0.224609 0.203906 0.207031 0.204688 0.206055 0.204688 0.205078 0.205469 0.204102 0.205469 0.202148 0.206250 0.201172 0.206250 0.200195 0.207031 0.199219 0.207031 0.197266 0.207812 0.196289 0.207812 0.195312 0.209375 0.193359 0.209375 0.192383 0.210938 0.190430 0.210938 0.189453 0.212500 0.187500 0.212500 0.186523 0.213281 0.185547 0.214063 0.185547 0.218750 0.179688 0.219531 0.179688 0.221094 0.177734 0.221875 0.177734 0.223437 0.175781
1 0.452344 0.780273 0.453125 0.781250 0.453906 0.781250 0.454688 0.782227 0.455469 0.782227 0.456250 0.783203 0.457031 0.783203 0.464063 0.791992 0.464063 0.792969 0.464844 0.793945 0.464844 0.794922 0.465625 0.795898 0.465625 0.796875 0.466406 0.797852 0.466406 0.799805 0.467187 0.800781 0.467187 0.801758 0.467969 0.802734 0.467969 0.824219 0.467187 0.825195 0.467187 0.826172 0.465625 0.828125 0.465625 0.831055 0.462500 0.834961 0.462500 0.835938 0.461719 0.836914 0.460938 0.836914 0.459375 0.838867 0.458594 0.838867 0.457812 0.839844 0.457031 0.839844 0.456250 0.840820 0.455469 0.840820 0.454688 0.841797 0.452344 0.841797 0.451562 0.842773 0.442969 0.842773 0.442187 0.843750 0.440625 0.843750 0.439844 0.844727 0.434375 0.844727 0.434375 0.843750 0.432031 0.840820 0.431250 0.840820 0.429688 0.838867 0.428906 0.838867 0.427344 0.836914 0.426562 0.836914 0.425781 0.835938 0.425000 0.835938 0.424219 0.834961 0.422656 0.834961 0.420312 0.832031 0.420312 0.831055 0.419531 0.830078 0.419531 0.829102 0.418750 0.828125 0.418750 0.809570 0.419531 0.809570 0.420312 0.808594 0.425781 0.808594 0.426562 0.807617 0.432031 0.807617 0.432813 0.808594 0.434375 0.808594 0.435156 0.807617 0.437500 0.807617 0.438281 0.806641 0.438281 0.805664 0.439844 0.803711 0.439844 0.802734 0.440625 0.801758 0.440625 0.800781 0.441406 0.799805 0.441406 0.796875 0.442187 0.795898 0.442187 0.788086 0.442969 0.787109 0.442969 0.785156 0.445312 0.782227 0.446094 0.782227 0.447656 0.780273 0.449219 0.780273 0.450000 0.781250 0.450781 0.780273
12 0.898438 0.166016 0.899219 0.166992 0.901563 0.166992 0.902344 0.167969 0.904688 0.167969 0.906250 0.169922 0.907031 0.169922 0.909375 0.172852 0.910156 0.172852 0.911719 0.174805 0.911719 0.175781 0.912500 0.176758 0.913281 0.176758 0.914062 0.177734 0.914062 0.179688 0.914844 0.180664 0.914844 0.181641 0.915625 0.182617 0.915625 0.184570 0.916406 0.185547 0.916406 0.188477 0.917188 0.189453 0.917188 0.193359 0.917969 0.194336 0.917969 0.196289 0.917188 0.197266 0.917969 0.198242 0.917969 0.201172 0.917188 0.202148 0.917188 0.208984 0.916406 0.209961 0.916406 0.212891 0.915625 0.213867 0.915625 0.214844 0.914062 0.216797 0.914062 0.217773 0.913281 0.218750 0.913281 0.219727 0.895312 0.219727 0.895312 0.218750 0.894531 0.217773 0.894531 0.216797 0.893750 0.215820 0.893750 0.214844 0.892969 0.213867 0.892969 0.212891 0.893750 0.211914 0.893750 0.210938 0.892969 0.209961 0.892969 0.201172 0.889844 0.197266 0.875781 0.197266 0.875000 0.198242 0.874219 0.198242 0.873438 0.199219 0.871094 0.199219 0.870312 0.200195 0.869531 0.200195 0.868750 0.199219 0.867969 0.199219 0.867188 0.198242 0.866406 0.198242 0.865625 0.197266 0.865625 0.196289 0.864844 0.195312 0.864844 0.194336 0.864063 0.193359 0.864063 0.192383 0.863281 0.191406 0.863281 0.189453 0.862500 0.188477 0.862500 0.181641 0.868750 0.173828 0.869531 0.173828 0.870312 0.172852 0.871094 0.172852 0.872656 0.170898 0.873438 0.170898 0.874219 0.169922 0.875000 0.169922 0.875781 0.168945 0.876562 0.168945 0.877344 0.167969 0.879687 0.167969 0.880469 0.166992 0.882031 0.166992 0.882812 0.166016
2 0.757031 0.249023 0.757812 0.250000 0.760156 0.250000 0.761719 0.251953 0.762500 0.251953 0.763281 0.252930 0.764844 0.252930 0.765625 0.253906 0.766406 0.253906 0.767969 0.255859 0.768750 0.255859 0.769531 0.256836 0.770313 0.256836 0.771875 0.258789 0.772656 0.258789 0.778125 0.265625 0.778125 0.266602 0.779688 0.268555 0.779688 0.269531 0.781250 0.271484 0.781250 0.272461 0.782031 0.273438 0.782031 0.299805 0.780469 0.301758 0.780469 0.302734 0.778906 0.304688 0.778906 0.305664 0.777344 0.307617 0.776562 0.307617 0.775000 0.309570 0.773438 0.309570 0.772656 0.310547 0.771094 0.310547 0.769531 0.308594 0.768750 0.308594 0.767969 0.307617 0.767969 0.306641 0.767187 0.305664 0.767187 0.304688 0.765625 0.302734 0.765625 0.300781 0.764063 0.298828 0.764063 0.295898 0.763281 0.294922 0.763281 0.291992 0.762500 0.291016 0.762500 0.290039 0.760937 0.288086 0.760937 0.287109 0.760156 0.286133 0.760156 0.285156 0.759375 0.284180 0.755469 0.284180 0.753906 0.286133 0.753125 0.286133 0.751562 0.288086 0.750781 0.288086 0.749219 0.290039 0.749219 0.291016 0.748437 0.291992 0.748437 0.292969 0.746875 0.294922 0.743750 0.294922 0.742969 0.293945 0.741406 0.293945 0.739063 0.291016 0.739063 0.290039 0.738281 0.289062 0.738281 0.288086 0.737500 0.287109 0.737500 0.285156 0.736719 0.284180 0.735938 0.284180 0.735156 0.283203 0.734375 0.283203 0.734375 0.258789 0.736719 0.258789 0.738281 0.256836 0.739063 0.256836 0.741406 0.253906 0.742188 0.253906 0.743750 0.251953 0.745312 0.251953 0.746094 0.250977 0.746875 0.250977 0.748437 0.249023
5 0.508594 0.790039 0.509375 0.791016 0.511719 0.791016 0.512500 0.791992 0.514844 0.791992 0.516406 0.793945 0.517188 0.793945 0.517969 0.794922 0.518750 0.794922 0.520313 0.796875 0.521094 0.796875 0.523438 0.799805 0.524219 0.799805 0.525781 0.801758 0.525781 0.802734 0.526562 0.803711 0.527344 0.803711 0.528906 0.805664 0.528906 0.806641 0.529687 0.807617 0.529687 0.808594 0.530469 0.809570 0.530469 0.810547 0.531250 0.811523 0.532031 0.811523 0.532031 0.840820 0.528906 0.844727 0.528906 0.845703 0.527344 0.847656 0.525000 0.847656 0.524219 0.848633 0.521875 0.848633 0.521094 0.847656 0.520313 0.847656 0.519531 0.846680 0.518750 0.846680 0.515625 0.842773 0.515625 0.841797 0.512500 0.837891 0.512500 0.836914 0.511719 0.835938 0.511719 0.834961 0.510156 0.833008 0.510156 0.832031 0.508594 0.830078 0.508594 0.829102 0.507812 0.828125 0.507812 0.827148 0.501563 0.819336 0.498437 0.819336 0.497656 0.820312 0.495313 0.820312 0.494531 0.821289 0.492188 0.821289 0.491406 0.822266 0.489844 0.822266 0.489062 0.823242 0.485938 0.823242 0.483594 0.820312 0.483594 0.797852 0.485938 0.794922 0.487500 0.794922 0.488281 0.793945 0.489844 0.793945 0.490625 0.792969 0.492969 0.792969 0.493750 0.791992 0.496094 0.791992 0.496875 0.791016 0.501563 0.791016 0.502344 0.790039 0.503125 0.791016 0.503906 0.791016 0.504688 0.790039
6 0.778125 0.777344 0.779688 0.779297 0.780469 0.779297 0.784375 0.784180 0.784375 0.785156 0.785156 0.786133 0.785156 0.792969 0.784375 0.793945 0.784375 0.794922 0.783594 0.795898 0.783594 0.796875 0.782812 0.797852 0.782812 0.798828 0.779688 0.802734 0.779688 0.805664 0.778906 0.806641 0.778906 0.809570 0.778125 0.810547 0.778125 0.812500 0.778906 0.813477 0.778906 0.814453 0.781250 0.817383 0.794531 0.817383 0.795313 0.818359 0.796094 0.818359 0.796094 0.819336 0.796875 0.820312 0.796875 0.821289 0.797656 0.822266 0.797656 0.823242 0.798437 0.824219 0.798437 0.833984 0.796094 0.836914 0.795313 0.836914 0.793750 0.838867 0.792969 0.838867 0.792187 0.839844 0.791406 0.839844 0.790625 0.840820 0.789844 0.840820 0.789062 0.841797 0.787500 0.841797 0.786719 0.842773 0.785156 0.842773 0.784375 0.843750 0.771875 0.843750 0.771094 0.842773 0.770313 0.842773 0.769531 0.841797 0.768750 0.841797 0.767969 0.840820 0.767187 0.840820 0.766406 0.839844 0.765625 0.839844 0.764844 0.838867 0.764063 0.838867 0.759375 0.833008 0.759375 0.832031 0.756250 0.828125 0.756250 0.827148 0.755469 0.826172 0.755469 0.825195 0.754688 0.824219 0.754688 0.823242 0.753906 0.822266 0.753906 0.821289 0.753125 0.820312 0.753125 0.799805 0.754688 0.797852 0.754688 0.796875 0.755469 0.795898 0.755469 0.794922 0.756250 0.793945 0.756250 0.792969 0.757031 0.791992 0.757031 0.791016 0.757812 0.790039 0.757812 0.789062 0.759375 0.787109 0.759375 0.786133 0.760156 0.785156 0.760156 0.784180 0.760937 0.783203 0.760937 0.782227 0.764844 0.777344
4 0.764844 0.180664 0.765625 0.181641 0.766406 0.181641 0.767969 0.183594 0.767969 0.184570 0.771094 0.188477 0.771094 0.189453 0.771875 0.190430 0.771875 0.191406 0.773438 0.193359 0.773438 0.195312 0.774219 0.196289 0.774219 0.198242 0.775000 0.199219 0.775000 0.200195 0.775781 0.201172 0.775781 0.216797 0.774219 0.218750 0.774219 0.221680 0.773438 0.222656 0.773438 0.225586 0.771094 0.228516 0.771094 0.229492 0.767969 0.233398 0.767969 0.234375 0.767187 0.234375 0.765625 0.236328 0.764844 0.236328 0.763281 0.238281 0.762500 0.238281 0.760937 0.240234 0.739063 0.240234 0.736719 0.237305 0.736719 0.236328 0.737500 0.235352 0.736719 0.234375 0.736719 0.231445 0.737500 0.230469 0.737500 0.229492 0.738281 0.228516 0.738281 0.227539 0.739063 0.226562 0.739063 0.225586 0.739844 0.224609 0.740625 0.224609 0.742188 0.222656 0.743750 0.222656 0.744531 0.221680 0.746094 0.221680 0.746875 0.220703 0.748437 0.220703 0.749219 0.219727 0.750000 0.219727 0.751562 0.217773 0.751562 0.216797 0.752344 0.215820 0.752344 0.214844 0.753125 0.213867 0.753125 0.212891 0.753906 0.211914 0.753906 0.208984 0.754688 0.208008 0.754688 0.206055 0.755469 0.205078 0.755469 0.204102 0.754688 0.203125 0.754688 0.201172 0.753906 0.200195 0.753906 0.199219 0.752344 0.197266 0.752344 0.196289 0.751562 0.195312 0.751562 0.193359 0.750781 0.192383 0.750781 0.182617 0.751562 0.181641 0.751562 0.180664
3 0.713281 0.033203 0.714062 0.034180 0.714844 0.034180 0.717969 0.038086 0.717969 0.039062 0.718750 0.040039 0.718750 0.041016 0.720313 0.042969 0.720313 0.043945 0.721875 0.045898 0.721875 0.079102 0.721094 0.080078 0.721094 0.082031 0.720313 0.083008 0.720313 0.083984 0.718750 0.085938 0.718750 0.087891 0.714844 0.092773 0.714844 0.093750 0.712500 0.096680 0.712500 0.097656 0.710156 0.100586 0.709375 0.100586 0.708594 0.101562 0.707813 0.101562 0.707031 0.102539 0.706250 0.102539 0.705469 0.103516 0.704688 0.103516 0.703906 0.104492 0.703125 0.104492 0.702344 0.105469 0.700781 0.105469 0.700000 0.106445 0.698437 0.106445 0.697656 0.107422 0.694531 0.107422 0.693750 0.108398 0.690625 0.108398 0.689844 0.109375 0.685937 0.109375 0.685156 0.110352 0.681250 0.110352 0.680469 0.109375 0.675781 0.109375 0.674219 0.107422 0.673438 0.107422 0.672656 0.106445 0.670312 0.106445 0.668750 0.104492 0.667969 0.104492 0.664844 0.100586 0.664062 0.100586 0.664062 0.070312 0.664844 0.070312 0.666406 0.068359 0.667187 0.068359 0.667969 0.067383 0.668750 0.067383 0.669531 0.066406 0.670312 0.066406 0.671094 0.065430 0.671875 0.065430 0.672656 0.064453 0.675781 0.064453 0.676563 0.065430 0.679688 0.065430 0.680469 0.066406 0.681250 0.066406 0.682031 0.067383 0.686719 0.067383 0.687500 0.068359 0.691406 0.068359 0.692188 0.067383 0.693750 0.067383 0.694531 0.066406 0.694531 0.065430 0.695312 0.064453 0.695312 0.062500 0.696094 0.061523 0.696094 0.059570 0.696875 0.058594 0.696875 0.057617 0.696094 0.056641 0.696094 0.053711 0.695312 0.052734 0.695312 0.048828 0.696094 0.047852 0.696094 0.044922 0.696875 0.043945 0.696875 0.041992 0.699219 0.039062 0.699219 0.038086 0.700000 0.037109 0.700781 0.037109 0.701562 0.036133 0.702344 0.036133 0.703125 0.035156 0.703906 0.035156 0.704688 0.034180 0.706250 0.034180 0.707031 0.033203
2 0.360938 0.074219 0.360938 0.075195 0.362500 0.077148 0.362500 0.078125 0.363281 0.079102 0.363281 0.081055 0.364062 0.082031 0.364062 0.083008 0.365625 0.084961 0.365625 0.099609 0.364062 0.101562 0.364062 0.102539 0.362500 0.104492 0.362500 0.105469 0.358594 0.110352 0.357812 0.110352 0.357031 0.111328 0.356250 0.111328 0.354688 0.113281 0.353906 0.113281 0.352344 0.115234 0.350000 0.115234 0.349219 0.116211 0.346875 0.116211 0.346094 0.117188 0.345313 0.117188 0.344531 0.118164 0.317187 0.118164 0.317187 0.116211 0.315625 0.114258 0.315625 0.113281 0.314063 0.111328 0.314063 0.110352 0.314844 0.109375 0.314844 0.105469 0.316406 0.103516 0.316406 0.102539 0.317187 0.101562 0.317969 0.101562 0.321094 0.097656 0.321875 0.097656 0.322656 0.096680 0.323438 0.096680 0.324219 0.095703 0.325000 0.095703 0.325781 0.094727 0.326562 0.094727 0.327344 0.093750 0.329688 0.093750 0.330469 0.092773 0.332812 0.092773 0.336719 0.087891 0.336719 0.086914 0.338281 0.084961 0.338281 0.083984 0.339063 0.083008 0.339063 0.082031 0.339844 0.081055 0.339844 0.080078 0.340625 0.079102 0.340625 0.077148 0.342187 0.075195 0.342187 0.074219
4 0.623437 0.228516 0.624219 0.229492 0.625000 0.229492 0.625781 0.230469 0.628906 0.230469 0.629688 0.231445 0.630469 0.231445 0.631250 0.232422 0.632031 0.232422 0.632812 0.233398 0.633594 0.233398 0.638281 0.239258 0.638281 0.240234 0.639062 0.241211 0.639062 0.250977 0.637500 0.252930 0.637500 0.253906 0.632031 0.260742 0.628906 0.260742 0.628125 0.259766 0.627344 0.259766 0.626563 0.258789 0.625000 0.258789 0.624219 0.257812 0.623437 0.257812 0.622656 0.256836 0.621875 0.256836 0.621094 0.255859 0.618750 0.255859 0.617969 0.254883 0.615625 0.254883 0.614844 0.255859 0.614063 0.255859 0.613281 0.256836 0.612500 0.256836 0.610938 0.258789 0.609375 0.258789 0.604687 0.264648 0.604687 0.266602 0.603906 0.267578 0.604687 0.268555 0.604687 0.271484 0.603906 0.272461 0.603906 0.274414 0.604687 0.275391 0.586719 0.275391 0.586719 0.274414 0.585938 0.273438 0.585938 0.271484 0.585156 0.270508 0.585156 0.265625 0.584375 0.264648 0.585156 0.263672 0.585156 0.262695 0.584375 0.261719 0.585156 0.260742 0.585156 0.255859 0.585938 0.254883 0.585938 0.253906 0.586719 0.252930 0.586719 0.251953 0.587500 0.250977 0.587500 0.250000 0.588281 0.249023 0.588281 0.247070 0.589062 0.246094 0.589062 0.245117 0.589844 0.244141 0.589844 0.243164 0.590625 0.242188 0.590625 0.241211 0.596094 0.234375 0.596875 0.234375 0.600000 0.230469 0.601562 0.230469 0.602344 0.229492 0.603125 0.229492 0.603906 0.228516
3 0.934375 0.281250 0.935938 0.283203 0.936719 0.283203 0.937500 0.284180 0.939063 0.284180 0.940625 0.286133 0.941406 0.286133 0.948438 0.294922 0.948438 0.309570 0.946094 0.312500 0.945312 0.312500 0.944531 0.313477 0.942969 0.313477 0.942187 0.314453 0.937500 0.314453 0.936719 0.313477 0.930469 0.313477 0.929688 0.312500 0.926562 0.312500 0.925781 0.313477 0.921875 0.313477 0.921094 0.314453 0.920313 0.314453 0.919531 0.315430 0.918750 0.315430 0.917969 0.316406 0.917188 0.316406 0.914844 0.319336 0.913281 0.319336 0.911719 0.321289 0.911719 0.322266 0.910937 0.323242 0.910156 0.323242 0.908594 0.325195 0.907031 0.325195 0.906250 0.326172 0.900781 0.326172 0.900000 0.325195 0.899219 0.325195 0.898438 0.324219 0.897656 0.324219 0.897656 0.303711 0.898438 0.302734 0.898438 0.301758 0.899219 0.300781 0.899219 0.299805 0.900000 0.298828 0.900000 0.297852 0.901563 0.295898 0.901563 0.294922 0.903906 0.291992 0.903906 0.291016 0.906250 0.288086 0.907031 0.288086 0.909375 0.285156 0.910156 0.285156 0.910937 0.284180 0.911719 0.284180 0.914062 0.281250
1 0.920313 0.154297 0.921875 0.156250 0.925000 0.156250 0.925781 0.157227 0.926562 0.157227 0.928125 0.159180 0.928125 0.160156 0.928906 0.161133 0.928906 0.165039 0.928125 0.166016 0.928906 0.166992 0.928906 0.168945 0.929688 0.169922 0.929688 0.172852 0.930469 0.173828 0.931250 0.173828 0.933594 0.176758 0.938281 0.176758 0.939063 0.175781 0.939844 0.175781 0.940625 0.174805 0.941406 0.174805 0.942187 0.173828 0.942187 0.172852 0.944531 0.169922 0.945312 0.169922 0.946094 0.168945 0.946875 0.169922 0.949219 0.169922 0.955469 0.177734 0.955469 0.178711 0.956250 0.179688 0.956250 0.197266 0.955469 0.198242 0.955469 0.199219 0.954688 0.200195 0.954688 0.201172 0.953906 0.202148 0.953125 0.202148 0.952344 0.203125 0.952344 0.204102 0.949219 0.208008 0.948438 0.208008 0.946875 0.209961 0.945312 0.209961 0.942969 0.212891 0.922656 0.212891 0.921094 0.210938 0.920313 0.210938 0.919531 0.209961 0.918750 0.209961 0.917188 0.208008 0.916406 0.208008 0.910937 0.201172 0.910937 0.200195 0.910156 0.199219 0.910156 0.198242 0.907812 0.195312 0.907812 0.194336 0.906250 0.192383 0.906250 0.191406 0.904688 0.189453 0.904688 0.186523 0.903125 0.184570 0.903125 0.179688 0.902344 0.178711 0.902344 0.171875 0.903125 0.170898 0.903125 0.163086 0.903906 0.162109 0.903906 0.160156 0.904688 0.159180 0.904688 0.156250 0.905469 0.155273 0.905469 0.154297
6 0.935938 0.251953 0.937500 0.253906 0.938281 0.253906 0.939063 0.254883 0.939844 0.254883 0.940625 0.255859 0.941406 0.255859 0.942187 0.256836 0.942969 0.256836 0.947656 0.262695 0.947656 0.263672 0.949219 0.265625 0.949219 0.272461 0.948438 0.273438 0.948438 0.274414 0.947656 0.275391 0.947656 0.276367 0.946094 0.278320 0.945312 0.278320 0.943750 0.280273 0.941406 0.280273 0.940625 0.281250 0.931250 0.281250 0.930469 0.282227 0.928906 0.282227 0.928125 0.283203 0.926562 0.283203 0.925000 0.285156 0.924219 0.285156 0.921875 0.288086 0.921875 0.295898 0.922656 0.296875 0.922656 0.299805 0.923437 0.300781 0.923437 0.302734 0.924219 0.303711 0.924219 0.306641 0.923437 0.307617 0.923437 0.308594 0.922656 0.309570 0.922656 0.310547 0.921875 0.311523 0.904688 0.311523 0.903906 0.310547 0.903906 0.309570 0.902344 0.307617 0.902344 0.306641 0.900781 0.304688 0.900781 0.302734 0.899219 0.300781 0.899219 0.299805 0.898438 0.298828 0.898438 0.296875 0.897656 0.295898 0.897656 0.294922 0.898438 0.293945 0.897656 0.292969 0.897656 0.291016 0.896875 0.290039 0.896875 0.273438 0.897656 0.272461 0.897656 0.270508 0.898438 0.269531 0.898438 0.267578 0.899219 0.266602 0.899219 0.265625 0.903906 0.259766 0.904688 0.259766 0.905469 0.258789 0.906250 0.258789 0.908594 0.255859 0.909375 0.255859 0.910937 0.253906 0.912500 0.253906 0.913281 0.252930 0.914062 0.252930 0.914844 0.251953
11 0.457031 0.868164 0.457812 0.869141 0.458594 0.869141 0.459375 0.870117 0.460156 0.870117 0.460938 0.871094 0.462500 0.871094 0.463281 0.872070 0.464063 0.872070 0.464844 0.873047 0.466406 0.873047 0.467187 0.874023 0.467969 0.874023 0.468750 0.875000 0.469531 0.875000 0.471094 0.876953 0.471875 0.876953 0.472656 0.877930 0.473437 0.877930 0.474219 0.878906 0.475000 0.878906 0.482812 0.888672 0.482812 0.889648 0.483594 0.890625 0.483594 0.891602 0.485156 0.893555 0.485156 0.894531 0.485938 0.895508 0.485938 0.924805 0.485156 0.924805 0.483594 0.926758 0.483594 0.927734 0.482812 0.928711 0.482031 0.928711 0.480469 0.930664 0.478906 0.930664 0.477344 0.932617 0.475781 0.932617 0.475000 0.933594 0.474219 0.932617 0.472656 0.932617 0.471875 0.933594 0.470313 0.933594 0.469531 0.934570 0.467969 0.934570 0.467187 0.933594 0.464844 0.933594 0.464063 0.932617 0.463281 0.932617 0.462500 0.931641 0.461719 0.931641 0.460156 0.929688 0.460156 0.928711 0.456250 0.923828 0.455469 0.923828 0.454688 0.922852 0.453125 0.922852 0.452344 0.923828 0.450781 0.923828 0.450000 0.924805 0.447656 0.924805 0.446875 0.925781 0.445312 0.925781 0.444531 0.926758 0.442969 0.926758 0.441406 0.928711 0.439063 0.928711 0.438281 0.929688 0.437500 0.928711 0.436719 0.928711 0.435937 0.929688 0.430469 0.929688 0.429688 0.928711 0.428906 0.928711 0.428125 0.927734 0.426562 0.927734 0.425781 0.926758 0.424219 0.926758 0.423438 0.925781 0.422656 0.925781 0.421094 0.923828 0.420312 0.923828 0.419531 0.922852 0.418750 0.922852 0.413281 0.916016 0.413281 0.888672 0.417969 0.882812 0.417969 0.881836 0.419531 0.879883 0.420312 0.879883 0.423438 0.875977 0.423438 0.875000 0.424219 0.874023 0.425000 0.874023 0.425781 0.873047 0.428125 0.873047 0.428906 0.872070 0.431250 0.872070 0.432031 0.871094 0.433594 0.871094 0.434375 0.870117 0.436719 0.870117 0.437500 0.869141 0.439063 0.869141 0.439844 0.868164
3 0.772656 0.053711 0.773438 0.054688 0.775781 0.054688 0.776562 0.055664 0.779688 0.055664 0.780469 0.056641 0.780469 0.058594 0.782031 0.060547 0.782031 0.061523 0.783594 0.063477 0.783594 0.065430 0.784375 0.066406 0.784375 0.099609 0.782812 0.101562 0.782812 0.103516 0.781250 0.105469 0.781250 0.106445 0.779688 0.108398 0.779688 0.109375 0.777344 0.112305 0.777344 0.113281 0.771875 0.120117 0.757812 0.120117 0.757812 0.119141 0.756250 0.117188 0.756250 0.115234 0.755469 0.114258 0.755469 0.106445 0.757031 0.104492 0.757031 0.101562 0.757812 0.100586 0.757812 0.099609 0.758594 0.098633 0.758594 0.096680 0.759375 0.095703 0.759375 0.094727 0.760156 0.093750 0.760156 0.088867 0.759375 0.087891 0.759375 0.083984 0.758594 0.083008 0.758594 0.082031 0.756250 0.079102 0.755469 0.079102 0.753906 0.077148 0.753125 0.077148 0.752344 0.076172 0.750781 0.076172 0.750000 0.075195 0.749219 0.075195 0.748437 0.074219 0.746875 0.074219 0.746094 0.073242 0.745312 0.073242 0.744531 0.072266 0.743750 0.072266 0.742188 0.070312 0.742188 0.069336 0.741406 0.068359 0.741406 0.066406 0.740625 0.065430 0.740625 0.064453 0.741406 0.063477 0.741406 0.059570 0.742969 0.057617 0.742969 0.056641 0.743750 0.055664 0.743750 0.054688 0.744531 0.053711
2 0.867969 0.704102 0.869531 0.706055 0.870312 0.706055 0.871094 0.707031 0.871875 0.707031 0.872656 0.708008 0.873438 0.708008 0.878125 0.713867 0.878125 0.714844 0.878906 0.715820 0.878906 0.716797 0.881250 0.719727 0.881250 0.733398 0.877344 0.738281 0.876562 0.738281 0.875781 0.739258 0.875000 0.739258 0.873438 0.741211 0.867969 0.741211 0.867188 0.740234 0.866406 0.740234 0.865625 0.739258 0.864063 0.739258 0.863281 0.738281 0.860937 0.738281 0.860156 0.737305 0.856250 0.737305 0.855469 0.738281 0.854687 0.738281 0.853906 0.739258 0.853125 0.739258 0.852344 0.740234 0.851562 0.740234 0.850781 0.741211 0.850000 0.741211 0.846875 0.745117 0.846875 0.746094 0.846094 0.747070 0.846094 0.749023 0.845312 0.750000 0.845312 0.751953 0.844531 0.752930 0.844531 0.754883 0.843750 0.755859 0.843750 0.756836 0.842969 0.757812 0.842969 0.758789 0.842188 0.759766 0.842188 0.760742 0.840625 0.762695 0.828906 0.762695 0.827344 0.760742 0.827344 0.759766 0.825781 0.757812 0.825781 0.753906 0.825000 0.752930 0.825000 0.737305 0.825781 0.736328 0.825781 0.734375 0.826563 0.733398 0.826563 0.731445 0.827344 0.730469 0.827344 0.727539 0.828125 0.726562 0.828125 0.725586 0.831250 0.721680 0.831250 0.720703 0.832813 0.718750 0.833594 0.718750 0.834375 0.717773 0.835156 0.717773 0.841406 0.709961 0.842188 0.709961 0.844531 0.707031 0.845312 0.707031 0.846094 0.706055 0.846875 0.706055 0.847656 0.705078 0.848438 0.705078 0.849219 0.704102
7 0.492969 0.532227 0.492969 0.533203 0.494531 0.535156 0.494531 0.550781 0.492188 0.553711 0.492188 0.555664 0.488281 0.560547 0.487500 0.560547 0.486719 0.561523 0.485938 0.561523 0.484375 0.563477 0.482812 0.563477 0.482031 0.564453 0.461719 0.564453 0.460156 0.562500 0.459375 0.562500 0.458594 0.561523 0.457812 0.561523 0.455469 0.558594 0.454688 0.558594 0.453906 0.557617 0.453906 0.556641 0.452344 0.554688 0.452344 0.539062 0.453125 0.538086 0.453906 0.538086 0.457031 0.534180 0.458594 0.534180 0.459375 0.533203 0.462500 0.533203 0.463281 0.534180 0.464063 0.534180 0.464844 0.535156 0.466406 0.535156 0.467187 0.536133 0.467969 0.536133 0.468750 0.537109 0.470313 0.537109 0.471094 0.538086 0.471875 0.538086 0.472656 0.539062 0.473437 0.539062 0.474219 0.538086 0.475000 0.538086 0.476562 0.536133 0.478906 0.536133 0.479688 0.535156 0.480469 0.535156 0.481250 0.534180 0.482031 0.534180 0.483594 0.532227
2 0.419531 0.661133 0.421875 0.664062 0.421875 0.665039 0.422656 0.666016 0.422656 0.666992 0.423438 0.667969 0.423438 0.673828 0.422656 0.674805 0.422656 0.676758 0.419531 0.680664 0.418750 0.680664 0.417188 0.682617 0.416406 0.682617 0.415625 0.683594 0.412500 0.683594 0.411719 0.684570 0.410156 0.684570 0.409375 0.685547 0.403906 0.685547 0.400781 0.689453 0.400781 0.690430 0.400000 0.691406 0.400000 0.692383 0.399219 0.693359 0.399219 0.694336 0.400781 0.696289 0.401563 0.696289 0.404687 0.700195 0.407031 0.700195 0.407813 0.701172 0.409375 0.701172 0.410156 0.702148 0.411719 0.702148 0.412500 0.703125 0.413281 0.703125 0.415625 0.706055 0.416406 0.706055 0.417969 0.708008 0.417969 0.708984 0.418750 0.709961 0.418750 0.714844 0.417969 0.715820 0.417969 0.716797 0.417188 0.717773 0.417188 0.718750 0.410937 0.726562 0.398438 0.726562 0.397656 0.725586 0.396875 0.725586 0.396094 0.724609 0.395312 0.724609 0.394531 0.723633 0.394531 0.722656 0.393750 0.721680 0.392969 0.721680 0.390625 0.718750 0.390625 0.717773 0.389844 0.716797 0.389844 0.715820 0.389062 0.714844 0.389062 0.712891 0.387500 0.710938 0.387500 0.707031 0.386719 0.706055 0.386719 0.705078 0.385156 0.703125 0.385156 0.681641 0.391406 0.673828 0.391406 0.672852 0.398438 0.664062 0.399219 0.664062 0.400781 0.662109 0.401563 0.662109 0.402344 0.661133
4 0.233594 0.792969 0.235938 0.795898 0.235938 0.796875 0.236719 0.797852 0.236719 0.798828 0.237500 0.799805 0.237500 0.823242 0.236719 0.824219 0.236719 0.826172 0.235938 0.827148 0.235938 0.828125 0.235156 0.829102 0.235156 0.830078 0.231250 0.834961 0.230469 0.834961 0.225781 0.840820 0.225000 0.840820 0.223437 0.842773 0.222656 0.842773 0.221875 0.843750 0.221094 0.843750 0.220313 0.844727 0.219531 0.844727 0.218750 0.845703 0.217969 0.845703 0.217187 0.846680 0.216406 0.846680 0.215625 0.847656 0.196875 0.847656 0.196094 0.846680 0.195312 0.846680 0.193750 0.844727 0.192969 0.844727 0.191406 0.842773 0.191406 0.841797 0.188281 0.837891 0.188281 0.827148 0.192187 0.822266 0.192969 0.822266 0.193750 0.821289 0.195312 0.821289 0.196094 0.820312 0.199219 0.820312 0.200000 0.821289 0.203906 0.821289 0.204688 0.822266 0.210938 0.822266 0.211719 0.821289 0.213281 0.821289 0.214063 0.820312 0.214844 0.820312 0.219531 0.814453 0.219531 0.813477 0.221094 0.811523 0.221094 0.809570 0.221875 0.808594 0.221875 0.806641 0.222656 0.805664 0.222656 0.802734 0.223437 0.801758 0.223437 0.798828 0.224219 0.797852 0.224219 0.795898 0.225000 0.794922 0.225000 0.793945 0.225781 0.792969
