11 0.093064 0.745618 0.094525 0.744276 0.095319 0.744400 0.096050 0.743730 0.096843 0.743854 0.099766 0.741172 0.100559 0.741296 0.101291 0.740625 0.101228 0.739830 0.102689 0.738488 0.103483 0.738613 0.104214 0.737942 0.104151 0.737147 0.107804 0.733794 0.107741 0.732999 0.109202 0.731658 0.109140 0.730862 0.109871 0.730192 0.109808 0.729397 0.110539 0.728727 0.110476 0.727932 0.111207 0.727261 0.109135 0.701030 0.108279 0.700111 0.108217 0.699316 0.107361 0.698397 0.107298 0.697602 0.106441 0.696683 0.106315 0.695093 0.105459 0.694174 0.105271 0.691790 0.104415 0.690870 0.104352 0.690076 0.103496 0.689157 0.103433 0.688361 0.101720 0.686523 0.100927 0.686399 0.094933 0.679966 0.094808 0.678376 0.093952 0.677457 0.093763 0.675072 0.092907 0.674153 0.092719 0.671769 0.091863 0.670850 0.066471 0.666875 0.065739 0.667546 0.064153 0.667298 0.063421 0.667968 0.061042 0.667595 0.059580 0.668937 0.057993 0.668688 0.056531 0.670030 0.055738 0.669906 0.053545 0.671918 0.053608 0.672713 0.052147 0.674054 0.052210 0.674849 0.051478 0.675519 0.051541 0.676315 0.050811 0.676985 0.050874 0.677780 0.050143 0.678450 0.050269 0.680040 0.049538 0.680711 0.050040 0.687070 0.050896 0.687989 0.051085 0.690374 0.051941 0.691293 0.052129 0.693678 0.052985 0.694597 0.053110 0.696187 0.057392 0.700782 0.058186 0.700906 0.059042 0.701825 0.059835 0.701949 0.060692 0.702869 0.061485 0.702993 0.063198 0.704831 0.063324 0.706421 0.062592 0.707091 0.062655 0.707886 0.059732 0.710568 0.059795 0.711364 0.059064 0.712034 0.059127 0.712829 0.054742 0.716853 0.055495 0.726392 0.056352 0.727311 0.056415 0.728106 0.058127 0.729943 0.058190 0.730739 0.062471 0.735334 0.063265 0.735459 0.069258 0.741892
1 0.894930 0.261139 0.895661 0.260468 0.896454 0.260592 0.897186 0.259921 0.897979 0.260045 0.898709 0.259375 0.901883 0.259872 0.902615 0.259201 0.903408 0.259325 0.904869 0.257984 0.905662 0.258108 0.906394 0.257438 0.907187 0.257562 0.911572 0.253538 0.911509 0.252743 0.916624 0.248048 0.916561 0.247253 0.918023 0.245912 0.917960 0.245117 0.919421 0.243775 0.919358 0.242981 0.920090 0.242310 0.918270 0.219259 0.914845 0.215583 0.914782 0.214787 0.911357 0.211111 0.910563 0.210987 0.908851 0.209149 0.908057 0.209025 0.907200 0.208105 0.904820 0.207733 0.903964 0.206814 0.901583 0.206442 0.900852 0.207112 0.898473 0.206739 0.897011 0.208081 0.896217 0.207956 0.894025 0.209969 0.894088 0.210764 0.893357 0.211434 0.893734 0.216203 0.893002 0.216874 0.893128 0.218464 0.892397 0.219135 0.892774 0.223904 0.892043 0.224575 0.892169 0.226164 0.889246 0.228847 0.886072 0.228350 0.885216 0.227432 0.883628 0.227183 0.882772 0.226264 0.880392 0.225891 0.879536 0.224972 0.877949 0.224723 0.877092 0.223805 0.872332 0.223059 0.871475 0.222140 0.868302 0.221643 0.867570 0.222314 0.866777 0.222190 0.863854 0.224873 0.863061 0.224748 0.862329 0.225419 0.859949 0.225047 0.861518 0.244919 0.864086 0.247675 0.864881 0.247800 0.867450 0.250557 0.868243 0.250681 0.869099 0.251601 0.869892 0.251725 0.871605 0.253563 0.872399 0.253687 0.873255 0.254606 0.874048 0.254730 0.874905 0.255649 0.876491 0.255898 0.877347 0.256816 0.879728 0.257189 0.880585 0.258108 0.881378 0.258233 0.882234 0.259152 0.892550 0.260767 0.893280 0.260095 0.894137 0.261015
1 0.111583 0.176213 0.113045 0.174871 0.113838 0.174995 0.114568 0.174325 0.115363 0.174449 0.116824 0.173108 0.117617 0.173232 0.118347 0.172561 0.119142 0.172685 0.120603 0.171344 0.121397 0.171468 0.123588 0.169456 0.124383 0.169580 0.127305 0.166898 0.126175 0.152590 0.125382 0.152466 0.122814 0.149709 0.117259 0.148839 0.116527 0.149510 0.114941 0.149262 0.114085 0.148342 0.111704 0.147970 0.110974 0.148641 0.107800 0.148144 0.106943 0.147225 0.104563 0.146852 0.103706 0.145933 0.102912 0.145809 0.100343 0.143052 0.099550 0.142927 0.098694 0.142008 0.098631 0.141214 0.096062 0.138456 0.096000 0.137662 0.093431 0.134904 0.091844 0.134656 0.090988 0.133736 0.088607 0.133364 0.087877 0.134035 0.086289 0.133786 0.085559 0.134457 0.084766 0.134333 0.084034 0.135003 0.082448 0.134755 0.081717 0.135426 0.080924 0.135302 0.075808 0.139997 0.077189 0.157484 0.077982 0.157608 0.078838 0.158527 0.078964 0.160117 0.079820 0.161036 0.079883 0.161831 0.081596 0.163669 0.081659 0.164463 0.082452 0.164587 0.085021 0.167345 0.085814 0.167469 0.087527 0.169307 0.088320 0.169431 0.089176 0.170351 0.089971 0.170475 0.090827 0.171394 0.094001 0.171890 0.094857 0.172810 0.096443 0.173058 0.097300 0.173978
8 0.456980 0.193376 0.456918 0.192582 0.458378 0.191240 0.458316 0.190445 0.459047 0.189775 0.458859 0.187390 0.460320 0.186049 0.460194 0.184459 0.460926 0.183789 0.460173 0.174250 0.459316 0.173330 0.459253 0.172536 0.458397 0.171616 0.458271 0.170027 0.457415 0.169108 0.457353 0.168313 0.450503 0.160961 0.449708 0.160837 0.448852 0.159917 0.448790 0.159123 0.447996 0.158999 0.445427 0.156241 0.444634 0.156117 0.443778 0.155197 0.442190 0.154949 0.441334 0.154030 0.440541 0.153906 0.439684 0.152987 0.438098 0.152738 0.437242 0.151820 0.426926 0.150205 0.426195 0.150875 0.423814 0.150503 0.423084 0.151174 0.421497 0.150926 0.420767 0.151596 0.419972 0.151471 0.419242 0.152143 0.418449 0.152018 0.417717 0.152688 0.416924 0.152564 0.415463 0.153906 0.414669 0.153782 0.409554 0.158476 0.408760 0.158352 0.406569 0.160364 0.407133 0.167518 0.408845 0.169356 0.409639 0.169480 0.411352 0.171318 0.420874 0.172809 0.421604 0.172139 0.422398 0.172263 0.423129 0.171592 0.425509 0.171964 0.426240 0.171294 0.427096 0.172213 0.427827 0.171542 0.428621 0.171667 0.429477 0.172585 0.430270 0.172710 0.431126 0.173629 0.431919 0.173753 0.436202 0.178349 0.436264 0.179143 0.437058 0.179267 0.437914 0.180187 0.438039 0.181776 0.438896 0.182696 0.438959 0.183490 0.440671 0.185328 0.441110 0.190892
5 0.267262 0.381142 0.267993 0.380471 0.266172 0.357419 0.255041 0.345472 0.254978 0.344677 0.254123 0.343758 0.253328 0.343634 0.252472 0.342714 0.251679 0.342590 0.250822 0.341671 0.249235 0.341422 0.248379 0.340504 0.247586 0.340380 0.246729 0.339460 0.245936 0.339336 0.245080 0.338417 0.244286 0.338293 0.243430 0.337374 0.241843 0.337125 0.240986 0.336207 0.239400 0.335958 0.238544 0.335039 0.236163 0.334666 0.235307 0.333748 0.230545 0.333002 0.229815 0.333673 0.229022 0.333548 0.228166 0.332630 0.227371 0.332506 0.226641 0.333176 0.225848 0.333052 0.225116 0.333723 0.222736 0.333350 0.222006 0.334020 0.220418 0.333772 0.219688 0.334443 0.217307 0.334070 0.215846 0.335412 0.215052 0.335287 0.214321 0.335958 0.213528 0.335833 0.212797 0.336504 0.212003 0.336380 0.209080 0.339063 0.210587 0.358140 0.211380 0.358264 0.213093 0.360102 0.214680 0.360351 0.215537 0.361269 0.221090 0.362139 0.221822 0.361469 0.223408 0.361717 0.224140 0.361046 0.226520 0.361419 0.227250 0.360748 0.228044 0.360873 0.229505 0.359531 0.231886 0.359904 0.232617 0.359233 0.234204 0.359481 0.234935 0.358811 0.239696 0.359556 0.240552 0.360475 0.241345 0.360599 0.242201 0.361518 0.242264 0.362313 0.243120 0.363232 0.243246 0.364822 0.244959 0.366660 0.245021 0.367455 0.251016 0.373889 0.251809 0.374013 0.254378 0.376770 0.255964 0.377018 0.256821 0.377938 0.257615 0.378062 0.258471 0.378980 0.263232 0.379726 0.264088 0.380645 0.264819 0.379974 0.265675 0.380893
1 0.522988 0.215484 0.524450 0.214142 0.525244 0.214266 0.525975 0.213596 0.525912 0.212801 0.527373 0.211460 0.528167 0.211584 0.528898 0.210914 0.528710 0.208529 0.529440 0.207858 0.529315 0.206268 0.530045 0.205598 0.529189 0.204678 0.528813 0.199909 0.527957 0.198990 0.527768 0.196606 0.526911 0.195686 0.526849 0.194891 0.525993 0.193973 0.525867 0.192383 0.524155 0.190545 0.524092 0.189750 0.523235 0.188830 0.523172 0.188036 0.522316 0.187116 0.521523 0.186992 0.520666 0.186074 0.520603 0.185278 0.514610 0.178845 0.513816 0.178721 0.512104 0.176883 0.511311 0.176758 0.510455 0.175840 0.509660 0.175716 0.507948 0.173877 0.506361 0.173628 0.505505 0.172710 0.488047 0.169977 0.486586 0.171319 0.485793 0.171194 0.485062 0.171865 0.484268 0.171741 0.482807 0.173083 0.482013 0.172958 0.476899 0.177653 0.476962 0.178448 0.476231 0.179119 0.476294 0.179913 0.475562 0.180584 0.477194 0.201250 0.480619 0.204927 0.481414 0.205051 0.482269 0.205970 0.487030 0.206715 0.487761 0.206045 0.489348 0.206293 0.490078 0.205622 0.490872 0.205746 0.493796 0.203064 0.493733 0.202269 0.494463 0.201599 0.494401 0.200803 0.495862 0.199462 0.497449 0.199711 0.498180 0.199040 0.498973 0.199164 0.499830 0.200083 0.502210 0.200456 0.503066 0.201375 0.503860 0.201499 0.506428 0.204256 0.506491 0.205051 0.507348 0.205970 0.507411 0.206765 0.508267 0.207684 0.508329 0.208479 0.509185 0.209398 0.509248 0.210193 0.511817 0.212950 0.511880 0.213745
8 0.386803 0.634583 0.387534 0.633912 0.388327 0.634037 0.389058 0.633366 0.389851 0.633490 0.390582 0.632819 0.391376 0.632943 0.392106 0.632273 0.392899 0.632397 0.394361 0.631056 0.395949 0.631304 0.397410 0.629963 0.398203 0.630087 0.398934 0.629416 0.399728 0.629540 0.398473 0.613643 0.397678 0.613519 0.396822 0.612599 0.396759 0.611805 0.395903 0.610885 0.395110 0.610761 0.394254 0.609843 0.393460 0.609718 0.392604 0.608799 0.391811 0.608675 0.390954 0.607755 0.387780 0.607258 0.386924 0.606340 0.378196 0.604974 0.376483 0.603136 0.376420 0.602340 0.375564 0.601422 0.375313 0.598242 0.374457 0.597323 0.374394 0.596528 0.375125 0.595858 0.374497 0.587909 0.375228 0.587238 0.374372 0.586319 0.374121 0.583140 0.373264 0.582220 0.373139 0.580631 0.372282 0.579711 0.372219 0.578917 0.369650 0.576159 0.369587 0.575365 0.361653 0.574123 0.360922 0.574793 0.360129 0.574669 0.359398 0.575340 0.358604 0.575216 0.357874 0.575886 0.357937 0.576681 0.355744 0.578693 0.355807 0.579488 0.355076 0.580159 0.355139 0.580953 0.353677 0.582295 0.353740 0.583090 0.352279 0.584431 0.352342 0.585226 0.351611 0.585897 0.351737 0.587486 0.351005 0.588157 0.351068 0.588952 0.350338 0.589623 0.351969 0.610290 0.353683 0.612128 0.353745 0.612922 0.354601 0.613842 0.354664 0.614636 0.355520 0.615555 0.355583 0.616351 0.357295 0.618189 0.357358 0.618983 0.358152 0.619107 0.359008 0.620027 0.359071 0.620821 0.364209 0.626336 0.365002 0.626460 0.366714 0.628298 0.367507 0.628423 0.368364 0.629341 0.370745 0.629714 0.371601 0.630633 0.372394 0.630757 0.373250 0.631677 0.374838 0.631925 0.375694 0.632844
0 0.153711 0.799073 0.153397 0.795098 0.154127 0.794428 0.154002 0.792838 0.156194 0.790826 0.160955 0.791571 0.161686 0.790900 0.163273 0.791149 0.164004 0.790479 0.164798 0.790603 0.165654 0.791521 0.166447 0.791645 0.167177 0.790975 0.171939 0.791720 0.172669 0.791049 0.174257 0.791298 0.174987 0.790628 0.178955 0.791249 0.179812 0.792167 0.186159 0.793161 0.186890 0.792491 0.189271 0.792863 0.188518 0.783325 0.187724 0.783200 0.186867 0.782281 0.186074 0.782157 0.185217 0.781238 0.184424 0.781114 0.183568 0.780194 0.182775 0.780070 0.181918 0.779152 0.181124 0.779027 0.180268 0.778108 0.178682 0.777860 0.177825 0.776941 0.176238 0.776693 0.175381 0.775773 0.172208 0.775276 0.171351 0.774357 0.169765 0.774109 0.168909 0.773190 0.167321 0.772941 0.166465 0.772022 0.164878 0.771774 0.164022 0.770855 0.151326 0.768868 0.150470 0.767949 0.149676 0.767824 0.148945 0.768495 0.146565 0.768123 0.145834 0.768793 0.144247 0.768545 0.143516 0.769215 0.141136 0.768843 0.140406 0.769513 0.138818 0.769265 0.135895 0.771948 0.135102 0.771824 0.135165 0.772618 0.132972 0.774631 0.133035 0.775425 0.131574 0.776767 0.132578 0.789485 0.133434 0.790404 0.133497 0.791199 0.134353 0.792118 0.134541 0.794502 0.135397 0.795422 0.135460 0.796216
10 0.296150 0.171344 0.296088 0.170549 0.296819 0.169878 0.296756 0.169084 0.297487 0.168413 0.297361 0.166823 0.298092 0.166152 0.297464 0.158204 0.296608 0.157284 0.296169 0.151720 0.298360 0.149709 0.298297 0.148913 0.299029 0.148242 0.299822 0.148367 0.299759 0.147572 0.300490 0.146901 0.301284 0.147025 0.302015 0.146355 0.307569 0.147225 0.308425 0.148143 0.310806 0.148516 0.312267 0.147174 0.312142 0.145585 0.312872 0.144915 0.312809 0.144119 0.313540 0.143448 0.313477 0.142654 0.316401 0.139971 0.316338 0.139176 0.317069 0.138506 0.317006 0.137711 0.317736 0.137040 0.316880 0.136121 0.316818 0.135326 0.315105 0.133488 0.315042 0.132693 0.314186 0.131774 0.313393 0.131650 0.310824 0.128892 0.310030 0.128768 0.308317 0.126930 0.286892 0.123577 0.286162 0.124248 0.284575 0.123999 0.282383 0.126011 0.280795 0.125762 0.274219 0.131799 0.274282 0.132594 0.272821 0.133935 0.272946 0.135525 0.271484 0.136866 0.271610 0.138456 0.270879 0.139126 0.271005 0.140716 0.270275 0.141387 0.271279 0.154105 0.272135 0.155024 0.272260 0.156614 0.273116 0.157533 0.273179 0.158328 0.275748 0.161085 0.275811 0.161880 0.278380 0.164638 0.278443 0.165432 0.279299 0.166351 0.280092 0.166476 0.282661 0.169232
4 0.693637 0.679468 0.694368 0.678797 0.695161 0.678921 0.703200 0.671544 0.703137 0.670749 0.703868 0.670078 0.703805 0.669283 0.704535 0.668613 0.704472 0.667818 0.705203 0.667147 0.705140 0.666352 0.705872 0.665682 0.705809 0.664887 0.706539 0.664216 0.706351 0.661832 0.707082 0.661161 0.706956 0.659571 0.707687 0.658901 0.707561 0.657310 0.708292 0.656640 0.708166 0.655050 0.708897 0.654379 0.708772 0.652790 0.709502 0.652119 0.709189 0.648145 0.708333 0.647226 0.708019 0.643251 0.707162 0.642332 0.707036 0.640743 0.706180 0.639823 0.706117 0.639028 0.704405 0.637190 0.704343 0.636396 0.688473 0.633912 0.688535 0.634706 0.687805 0.635377 0.687993 0.637762 0.687262 0.638432 0.688119 0.639352 0.688182 0.640146 0.687450 0.640817 0.687952 0.647176 0.687222 0.647847 0.687284 0.648642 0.686554 0.649312 0.686617 0.650107 0.685886 0.650778 0.686075 0.653163 0.685343 0.653833 0.685406 0.654628 0.682483 0.657310 0.680102 0.656938 0.679372 0.657609 0.678516 0.656689 0.676928 0.656441 0.676072 0.655522 0.673692 0.655150 0.672835 0.654230 0.667280 0.653361 0.666550 0.654032 0.665757 0.653908 0.662834 0.656590 0.663022 0.658975 0.662292 0.659645 0.662354 0.660441 0.661624 0.661111 0.661687 0.661906 0.660955 0.662576 0.661018 0.663372 0.660287 0.664043 0.660727 0.669607 0.662440 0.671445 0.662503 0.672239 0.665071 0.674997
0 0.391021 0.221520 0.391751 0.220849 0.393339 0.221098 0.394069 0.220428 0.395657 0.220676 0.398580 0.217993 0.398517 0.217198 0.399978 0.215857 0.399476 0.209498 0.397764 0.207660 0.397701 0.206864 0.396907 0.206740 0.391770 0.201226 0.391707 0.200432 0.390851 0.199512 0.390788 0.198717 0.389075 0.196879 0.388950 0.195289 0.388094 0.194371 0.387780 0.190396 0.388510 0.189725 0.388448 0.188931 0.389178 0.188260 0.388990 0.185875 0.392644 0.182522 0.392581 0.181727 0.393312 0.181056 0.393249 0.180261 0.393980 0.179590 0.393917 0.178796 0.393061 0.177876 0.392935 0.176287 0.392079 0.175368 0.391954 0.173778 0.391098 0.172859 0.391035 0.172064 0.389322 0.170226 0.389259 0.169431 0.372596 0.166823 0.367481 0.171518 0.367543 0.172312 0.366082 0.173654 0.366145 0.174449 0.364683 0.175790 0.364746 0.176585 0.364015 0.177256 0.364078 0.178051 0.362616 0.179392 0.362742 0.180982 0.362011 0.181652 0.363329 0.198345 0.364185 0.199264 0.364311 0.200854 0.365167 0.201772 0.365230 0.202567 0.366943 0.204406 0.367068 0.205995 0.369637 0.208753 0.369700 0.209547 0.370556 0.210466 0.371349 0.210591 0.373918 0.213348 0.374711 0.213472 0.375568 0.214391 0.376362 0.214515 0.377218 0.215435 0.378011 0.215559 0.378868 0.216477 0.379661 0.216602 0.380517 0.217521 0.381311 0.217645 0.382167 0.218565 0.382961 0.218689 0.384673 0.220527
8 0.764644 0.754956 0.765375 0.754285 0.766962 0.754533 0.767693 0.753863 0.769279 0.754111 0.767898 0.736625 0.766312 0.736376 0.765456 0.735457 0.764662 0.735333 0.763806 0.734413 0.763012 0.734289 0.762156 0.733370 0.761363 0.733246 0.760506 0.732327 0.759713 0.732203 0.758857 0.731284 0.755683 0.730787 0.753970 0.728949 0.753177 0.728825 0.752320 0.727905 0.752195 0.726316 0.751338 0.725396 0.752069 0.724726 0.751693 0.719956 0.752423 0.719286 0.752235 0.716901 0.751379 0.715983 0.751253 0.714392 0.743546 0.706120 0.737993 0.705251 0.737262 0.705922 0.735675 0.705674 0.734944 0.706345 0.734150 0.706221 0.729035 0.710915 0.729098 0.711710 0.727636 0.713051 0.729205 0.732923 0.730062 0.733842 0.730125 0.734637 0.732693 0.737394 0.732756 0.738190 0.737894 0.743704 0.738687 0.743828 0.742112 0.747504 0.742906 0.747628 0.743763 0.748548 0.745349 0.748796 0.746205 0.749715 0.747793 0.749963 0.748649 0.750882 0.750235 0.751131 0.751092 0.752049 0.753472 0.752422 0.754329 0.753342
4 0.658301 0.787769 0.658239 0.786975 0.659701 0.785634 0.660494 0.785758 0.661224 0.785087 0.662017 0.785211 0.667133 0.780516 0.667007 0.778927 0.667739 0.778257 0.667676 0.777461 0.668407 0.776790 0.668344 0.775996 0.669074 0.775325 0.669012 0.774530 0.669742 0.773859 0.669679 0.773065 0.670411 0.772394 0.668716 0.750932 0.667859 0.750013 0.667796 0.749218 0.666940 0.748299 0.666815 0.746709 0.665103 0.744871 0.665040 0.744076 0.663327 0.742238 0.663264 0.741444 0.662408 0.740524 0.662346 0.739730 0.661489 0.738810 0.661427 0.738015 0.656289 0.732501 0.655495 0.732377 0.653782 0.730539 0.652989 0.730415 0.652133 0.729495 0.651339 0.729371 0.650483 0.728452 0.641754 0.727086 0.641817 0.727880 0.641086 0.728552 0.641149 0.729346 0.640419 0.730017 0.640481 0.730812 0.639751 0.731483 0.639876 0.733072 0.639145 0.733743 0.639396 0.736922 0.640253 0.737842 0.640316 0.738636 0.641172 0.739556 0.641234 0.740350 0.642091 0.741270 0.642153 0.742065 0.643009 0.742983 0.643072 0.743779 0.643929 0.744697 0.643992 0.745493 0.644848 0.746411 0.644911 0.747206 0.645767 0.748125 0.645829 0.748920 0.646686 0.749840 0.646875 0.752224 0.647731 0.753143 0.647919 0.755527 0.648775 0.756447 0.649026 0.759626 0.648296 0.760297 0.648484 0.762682 0.647753 0.763352 0.647816 0.764147 0.647085 0.764817 0.647147 0.765613 0.644955 0.767625 0.644162 0.767501 0.643431 0.768171 0.642638 0.768047 0.641907 0.768718 0.640320 0.768470 0.638859 0.769811 0.638065 0.769687 0.636604 0.771028 0.636667 0.771822 0.635936 0.772493 0.636564 0.780442 0.639989 0.784119 0.640051 0.784913
7 0.755732 0.503130 0.760116 0.499105 0.760053 0.498311 0.760784 0.497640 0.760721 0.496844 0.762183 0.495503 0.762120 0.494709 0.763581 0.493367 0.763518 0.492572 0.766441 0.489890 0.767235 0.490014 0.767172 0.489219 0.769364 0.487207 0.771745 0.487580 0.772476 0.486909 0.778030 0.487778 0.778761 0.487108 0.779555 0.487232 0.778488 0.473719 0.776775 0.471881 0.775982 0.471757 0.775125 0.470837 0.775062 0.470043 0.774269 0.469919 0.773413 0.468999 0.772620 0.468875 0.771764 0.467956 0.770969 0.467832 0.770113 0.466913 0.769320 0.466789 0.768464 0.465869 0.758941 0.464379 0.758210 0.465050 0.755036 0.464553 0.754306 0.465224 0.753513 0.465100 0.752782 0.465770 0.750402 0.465397 0.749670 0.466068 0.748877 0.465944 0.745954 0.468627 0.745161 0.468503 0.742968 0.470515 0.742175 0.470391 0.737791 0.474414 0.737854 0.475210 0.736392 0.476551 0.737835 0.494833 0.740404 0.497590 0.741198 0.497714 0.742911 0.499552 0.743704 0.499676 0.744560 0.500596 0.746941 0.500968 0.747797 0.501888
12 0.863258 0.564707 0.865450 0.562695 0.866243 0.562819 0.866974 0.562148 0.867768 0.562273 0.868499 0.561602 0.869292 0.561726 0.869229 0.560931 0.869961 0.560261 0.869709 0.557081 0.866283 0.553405 0.866095 0.551021 0.865239 0.550101 0.865176 0.549306 0.862608 0.546550 0.862546 0.545754 0.861689 0.544836 0.861626 0.544040 0.860770 0.543121 0.860707 0.542326 0.859851 0.541407 0.859286 0.534253 0.860017 0.533583 0.859954 0.532788 0.860684 0.532118 0.860622 0.531322 0.862814 0.529310 0.863607 0.529434 0.867262 0.526082 0.868055 0.526206 0.869516 0.524864 0.870310 0.524988 0.869118 0.509886 0.868323 0.509762 0.867467 0.508842 0.866674 0.508718 0.864961 0.506880 0.861787 0.506383 0.860931 0.505464 0.857757 0.504967 0.857027 0.505638 0.853058 0.505017 0.852328 0.505688 0.850741 0.505440 0.850011 0.506110 0.848423 0.505861 0.847693 0.506532 0.846899 0.506408 0.846168 0.507078 0.844582 0.506830 0.843851 0.507501 0.843057 0.507377 0.841596 0.508718 0.840802 0.508594 0.839341 0.509935 0.838547 0.509811 0.834894 0.513165 0.834957 0.513959 0.832764 0.515971 0.832827 0.516767 0.831365 0.518108 0.831491 0.519697 0.830030 0.521039 0.830155 0.522628 0.828693 0.523969 0.830137 0.542252 0.831850 0.544090 0.831913 0.544885 0.832769 0.545804 0.832831 0.546599 0.833687 0.547518 0.833750 0.548313 0.835463 0.550151 0.835526 0.550946 0.839807 0.555542 0.839870 0.556336 0.840663 0.556460 0.841520 0.557380 0.841583 0.558174 0.842439 0.559093 0.843232 0.559218 0.845801 0.561975
2 0.628023 0.642506 0.629485 0.641165 0.630278 0.641289 0.631008 0.640618 0.631802 0.640742 0.632533 0.640072 0.633326 0.640196 0.634057 0.639525 0.634850 0.639650 0.636312 0.638308 0.637105 0.638433 0.641490 0.634408 0.641427 0.633614 0.643619 0.631601 0.643556 0.630807 0.644288 0.630136 0.644099 0.627751 0.644830 0.627081 0.644579 0.623901 0.645309 0.623230 0.645058 0.620051 0.645789 0.619380 0.645726 0.618586 0.644870 0.617666 0.644744 0.616076 0.643032 0.614239 0.642970 0.613443 0.642113 0.612525 0.641319 0.612400 0.640463 0.611481 0.639670 0.611357 0.637957 0.609519 0.630816 0.608401 0.630085 0.609072 0.628498 0.608824 0.627037 0.610165 0.626244 0.610041 0.626306 0.610835 0.618998 0.617542 0.616618 0.617170 0.615762 0.616250 0.614968 0.616126 0.614111 0.615207 0.613318 0.615083 0.609037 0.610488 0.608244 0.610363 0.606531 0.608525 0.596216 0.606911 0.595485 0.607581 0.593104 0.607208 0.594548 0.625491 0.597973 0.629168 0.598036 0.629962 0.598892 0.630881 0.599685 0.631006 0.600542 0.631924 0.601335 0.632048 0.602191 0.632968 0.602984 0.633092 0.604697 0.634930 0.606285 0.635179 0.607141 0.636098 0.607934 0.636222 0.608790 0.637141 0.610378 0.637389 0.611234 0.638309 0.613615 0.638681 0.614471 0.639600 0.618438 0.640221 0.619294 0.641140
12 0.121204 0.695068 0.121934 0.694398 0.122729 0.694522 0.124190 0.693181 0.124984 0.693305 0.127906 0.690622 0.128700 0.690746 0.132353 0.687393 0.133147 0.687517 0.133878 0.686847 0.133815 0.686051 0.135276 0.684710 0.135214 0.683916 0.135944 0.683244 0.135881 0.682450 0.136612 0.681779 0.136549 0.680984 0.139473 0.678301 0.141853 0.678674 0.142709 0.679593 0.143503 0.679718 0.144359 0.680636 0.144422 0.681431 0.146134 0.683269 0.146322 0.685654 0.147179 0.686573 0.147367 0.688958 0.149079 0.690796 0.149142 0.691591 0.149999 0.692510 0.150062 0.693305 0.150855 0.693429 0.151711 0.694348 0.152504 0.694472 0.153361 0.695391 0.154155 0.695516 0.155011 0.696434 0.160566 0.697304 0.161422 0.698223 0.162215 0.698347 0.162946 0.697676 0.165326 0.698049 0.166788 0.696708 0.167581 0.696832 0.168312 0.696161 0.168249 0.695366 0.168980 0.694696 0.168917 0.693901 0.170379 0.692560 0.168747 0.671892 0.166178 0.669136 0.166115 0.668341 0.158409 0.660069 0.157616 0.659945 0.156759 0.659025 0.155965 0.658901 0.155109 0.657983 0.154316 0.657858 0.153460 0.656939 0.128068 0.652965 0.127337 0.653636 0.126543 0.653511 0.125813 0.654182 0.125019 0.654057 0.124288 0.654728 0.123495 0.654604 0.122764 0.655275 0.121971 0.655151 0.119779 0.657163 0.118984 0.657038 0.115331 0.660392 0.115394 0.661187 0.113933 0.662528 0.113995 0.663323 0.113264 0.663994 0.113390 0.665583 0.111929 0.666925 0.111991 0.667720 0.111261 0.668390 0.111324 0.669185 0.110592 0.669856 0.110718 0.671445 0.109987 0.672116 0.110238 0.675296 0.109508 0.675967 0.109696 0.678352 0.108966 0.679022 0.109091 0.680611 0.109947 0.681531 0.110135 0.683916 0.110991 0.684834 0.111117 0.686424 0.111973 0.687343 0.112036 0.688138 0.117174 0.693653 0.118761 0.693901 0.119617 0.694820
5 0.535107 0.815591 0.535837 0.814920 0.534519 0.798228 0.532807 0.796390 0.532745 0.795594 0.531889 0.794676 0.531826 0.793881 0.524976 0.786528 0.524182 0.786404 0.523325 0.785485 0.522532 0.785361 0.520819 0.783523 0.520026 0.783398 0.519170 0.782479 0.518377 0.782355 0.516664 0.780517 0.494445 0.777039 0.492984 0.778380 0.492191 0.778256 0.491460 0.778927 0.490667 0.778803 0.489936 0.779473 0.489142 0.779349 0.487681 0.780690 0.486888 0.780566 0.486157 0.781237 0.485363 0.781113 0.482440 0.783795 0.482503 0.784591 0.481042 0.785932 0.481167 0.787522 0.479705 0.788863 0.480709 0.801581 0.481565 0.802500 0.481628 0.803295 0.484197 0.806052 0.484991 0.806177 0.485848 0.807096 0.490608 0.807841 0.491338 0.807170 0.492926 0.807418 0.499502 0.801382 0.500296 0.801506 0.501027 0.800836 0.502614 0.801084 0.503345 0.800414 0.505725 0.800786 0.506455 0.800115 0.509630 0.800612 0.510486 0.801532 0.511280 0.801656 0.512136 0.802574 0.513723 0.802823 0.515435 0.804662 0.516229 0.804786 0.522222 0.811218 0.522285 0.812014 0.523998 0.813852
4 0.441214 0.877045 0.442675 0.875704 0.442612 0.874908 0.443343 0.874237 0.443217 0.872648 0.443949 0.871978 0.442568 0.854490 0.441711 0.853571 0.441648 0.852776 0.440792 0.851857 0.440667 0.850268 0.439811 0.849348 0.439685 0.847759 0.438829 0.846839 0.438766 0.846045 0.437053 0.844207 0.436991 0.843411 0.435279 0.841573 0.435216 0.840778 0.431791 0.837102 0.431728 0.836308 0.430871 0.835388 0.430078 0.835264 0.429222 0.834345 0.428429 0.834221 0.427572 0.833302 0.426778 0.833178 0.425922 0.832258 0.425129 0.832134 0.424273 0.831215 0.423479 0.831091 0.422623 0.830172 0.398024 0.826322 0.395832 0.828334 0.395038 0.828210 0.390654 0.832234 0.390717 0.833029 0.389985 0.833699 0.390488 0.840058 0.392201 0.841896 0.392263 0.842692 0.393976 0.844530 0.394770 0.844654 0.395626 0.845572 0.396419 0.845697 0.397276 0.846616 0.398069 0.846740 0.398925 0.847659 0.400512 0.847907 0.401369 0.848827 0.404543 0.849324 0.405273 0.848653 0.407654 0.849025 0.408384 0.848355 0.409178 0.848479 0.409908 0.847808 0.416256 0.848802 0.418825 0.851559 0.418888 0.852354 0.419745 0.853273 0.419933 0.855658 0.420789 0.856576 0.421040 0.859757 0.421896 0.860675 0.422273 0.865445 0.423129 0.866364 0.423192 0.867159 0.424048 0.868077 0.424111 0.868873 0.424968 0.869791 0.425030 0.870587 0.428455 0.874263 0.428518 0.875058
0 0.789632 0.575164 0.791094 0.573823 0.791887 0.573947 0.795541 0.570594 0.795478 0.569799 0.796209 0.569129 0.796147 0.568334 0.796877 0.567663 0.796814 0.566869 0.797545 0.566198 0.797482 0.565403 0.798213 0.564732 0.798150 0.563937 0.798881 0.563267 0.798819 0.562472 0.799549 0.561801 0.799486 0.561006 0.800217 0.560336 0.800154 0.559541 0.801616 0.558199 0.801553 0.557404 0.802284 0.556734 0.802221 0.555939 0.803682 0.554597 0.803619 0.553802 0.804351 0.553132 0.804288 0.552337 0.806480 0.550325 0.805539 0.538402 0.802113 0.534725 0.791798 0.533111 0.791860 0.533906 0.789669 0.535918 0.789732 0.536713 0.787539 0.538725 0.786745 0.538601 0.785284 0.539942 0.784491 0.539818 0.783029 0.541159 0.782236 0.541035 0.780774 0.542376 0.779980 0.542252 0.778519 0.543593 0.777726 0.543469 0.776995 0.544140 0.776201 0.544016 0.774740 0.545357 0.773946 0.545233 0.773216 0.545903 0.772422 0.545779 0.771691 0.546450 0.770898 0.546326 0.764321 0.552362 0.765012 0.561106 0.765868 0.562025 0.765930 0.562819 0.769355 0.566495 0.769418 0.567291 0.770275 0.568210 0.771069 0.568334 0.773637 0.571091 0.774431 0.571215 0.776143 0.573053
8 0.154369 0.321079 0.154055 0.317105 0.154786 0.316434 0.154284 0.310075 0.153428 0.309156 0.153114 0.305181 0.152258 0.304263 0.152195 0.303467 0.151339 0.302549 0.151276 0.301754 0.150420 0.300834 0.150358 0.300040 0.149501 0.299120 0.149438 0.298326 0.146869 0.295568 0.146806 0.294774 0.144238 0.292017 0.143444 0.291892 0.142588 0.290973 0.142525 0.290178 0.139957 0.287421 0.139163 0.287297 0.136594 0.284539 0.135007 0.284291 0.134151 0.283372 0.133358 0.283248 0.132501 0.282329 0.130914 0.282080 0.130058 0.281162 0.106253 0.277436 0.105522 0.278106 0.104728 0.277982 0.103997 0.278653 0.103204 0.278529 0.101743 0.279870 0.100949 0.279746 0.101012 0.280541 0.100281 0.281211 0.099488 0.281087 0.099551 0.281882 0.098820 0.282552 0.098883 0.283348 0.097421 0.284689 0.098174 0.294228 0.099887 0.296066 0.099950 0.296860 0.101662 0.298698 0.101725 0.299493 0.102581 0.300413 0.102706 0.302002 0.103563 0.302921 0.103626 0.303716 0.105338 0.305554 0.109305 0.306175 0.110037 0.305504 0.110830 0.305628 0.111561 0.304958 0.113941 0.305331 0.114672 0.304660 0.115465 0.304784 0.116196 0.304114 0.116990 0.304238 0.117720 0.303567 0.122481 0.304312 0.123338 0.305232 0.124924 0.305480 0.125781 0.306399 0.126575 0.306523 0.127431 0.307442 0.130605 0.307939 0.134030 0.311615 0.134093 0.312410 0.134949 0.313329 0.135074 0.314918 0.135931 0.315838 0.135994 0.316632 0.136850 0.317552 0.136913 0.318347
0 0.904705 0.960581 0.909819 0.955886 0.909756 0.955091 0.910488 0.954420 0.910425 0.953625 0.911155 0.952954 0.911093 0.952160 0.911823 0.951489 0.910442 0.934002 0.908730 0.932164 0.908668 0.931368 0.906099 0.928612 0.906036 0.927817 0.900042 0.921383 0.899248 0.921259 0.897535 0.919421 0.896742 0.919297 0.895029 0.917458 0.879953 0.915099 0.879222 0.915769 0.878429 0.915645 0.876968 0.916986 0.875380 0.916738 0.873188 0.918750 0.873815 0.926699 0.874610 0.926823 0.877179 0.929581 0.877972 0.929705 0.878828 0.930623 0.879621 0.930748 0.880477 0.931667 0.881271 0.931791 0.882983 0.933629 0.883778 0.933754 0.885490 0.935592 0.885552 0.936386 0.886408 0.937305 0.886534 0.938895 0.887390 0.939814 0.887453 0.940609 0.890022 0.943366 0.890085 0.944161 0.889354 0.944832 0.889542 0.947217 0.888812 0.947887 0.889188 0.952657 0.892614 0.956333 0.892676 0.957128 0.893532 0.958047 0.893595 0.958842
12 0.441447 0.760894 0.441384 0.760099 0.442115 0.759428 0.442908 0.759552 0.444370 0.758211 0.445163 0.758335 0.445894 0.757664 0.445831 0.756869 0.448754 0.754187 0.448691 0.753392 0.450153 0.752050 0.450091 0.751256 0.450821 0.750585 0.450758 0.749790 0.451489 0.749119 0.451363 0.747530 0.452095 0.746859 0.452032 0.746064 0.452762 0.745393 0.452700 0.744599 0.453430 0.743928 0.453305 0.742338 0.454035 0.741667 0.452027 0.716231 0.451171 0.715312 0.451108 0.714517 0.450252 0.713599 0.450189 0.712803 0.449333 0.711885 0.449208 0.710294 0.447495 0.708456 0.447432 0.707662 0.446576 0.706742 0.446513 0.705948 0.439663 0.698595 0.438870 0.698471 0.436301 0.695713 0.417257 0.692733 0.415064 0.694745 0.414271 0.694621 0.413540 0.695292 0.413854 0.699265 0.413123 0.699936 0.413311 0.702321 0.414168 0.703240 0.414294 0.704830 0.416006 0.706668 0.416068 0.707463 0.416924 0.708382 0.416987 0.709177 0.418700 0.711015 0.418763 0.711810 0.420475 0.713648 0.421268 0.713772 0.422125 0.714692 0.422188 0.715486 0.422981 0.715610 0.423837 0.716530 0.423900 0.717324 0.424757 0.718244 0.424883 0.719833 0.425739 0.720752 0.425990 0.723932 0.426846 0.724851 0.427410 0.732004 0.425950 0.733347 0.426201 0.736526 0.425469 0.737196 0.425720 0.740376 0.424990 0.741046 0.425052 0.741842 0.424322 0.742512 0.424385 0.743307 0.423653 0.743977 0.423716 0.744772 0.422985 0.745443 0.423048 0.746238 0.422318 0.746909 0.422757 0.752473 0.423613 0.753392 0.423676 0.754187 0.427958 0.758783
0 0.960527 0.734587 0.960464 0.733792 0.961195 0.733121 0.961988 0.733245 0.962719 0.732575 0.963513 0.732699 0.965705 0.730687 0.966498 0.730811 0.967960 0.729470 0.967898 0.728675 0.969359 0.727333 0.969296 0.726539 0.970026 0.725868 0.970820 0.725992 0.971551 0.725322 0.972344 0.725446 0.973075 0.724775 0.973869 0.724899 0.974725 0.725819 0.976312 0.726067 0.977168 0.726986 0.977962 0.727110 0.978818 0.728029 0.979611 0.728154 0.982180 0.730910 0.982973 0.731034 0.987254 0.735630 0.988049 0.735754 0.988905 0.736674 0.996046 0.737791 0.996776 0.737120 0.999950 0.737617 1.000000 0.736947 1.000000 0.737071 1.000000 0.736400 1.000000 0.736524 1.000000 0.733842 1.000000 0.720328 1.000000 0.719410 1.000000 0.718615 0.997942 0.712181 0.997149 0.712057 0.994580 0.709299 0.993786 0.709175 0.992931 0.708257 0.992137 0.708132 0.991281 0.707213 0.989694 0.706965 0.988838 0.706046 0.988044 0.705922 0.987187 0.705002 0.986394 0.704878 0.985538 0.703960 0.961733 0.700234 0.960272 0.701575 0.958684 0.701326 0.957954 0.701997 0.957160 0.701873 0.956430 0.702544 0.955636 0.702419 0.954905 0.703090 0.954112 0.702965 0.951919 0.704978 0.951126 0.704853 0.949664 0.706195 0.948871 0.706070 0.940833 0.713449 0.941774 0.725371 0.942630 0.726290 0.942693 0.727085 0.943550 0.728005 0.943613 0.728799 0.947038 0.732475
8 0.800755 0.666402 0.801486 0.665731 0.802279 0.665855 0.803010 0.665184 0.803804 0.665309 0.805265 0.663967 0.806058 0.664091 0.806790 0.663421 0.807583 0.663545 0.811236 0.660192 0.812030 0.660316 0.812761 0.659645 0.812698 0.658851 0.814159 0.657509 0.814096 0.656714 0.815558 0.655373 0.814115 0.637091 0.813322 0.636967 0.811609 0.635128 0.810815 0.635004 0.809102 0.633166 0.808309 0.633042 0.807579 0.633712 0.805198 0.633340 0.804467 0.634011 0.802880 0.633762 0.797765 0.638457 0.797828 0.639252 0.794174 0.642605 0.793380 0.642481 0.793443 0.643276 0.792713 0.643946 0.790332 0.643574 0.789602 0.644245 0.788807 0.644120 0.787951 0.643201 0.787158 0.643077 0.784589 0.640320 0.783796 0.640196 0.782940 0.639277 0.782877 0.638482 0.782021 0.637563 0.781958 0.636768 0.781101 0.635849 0.781038 0.635054 0.780182 0.634135 0.780120 0.633340 0.776695 0.629664 0.775901 0.629540 0.775045 0.628620 0.772665 0.628248 0.771808 0.627329 0.771014 0.627205 0.770284 0.627875 0.767110 0.627378 0.766379 0.628049 0.764792 0.627801 0.764061 0.628471 0.763205 0.627552 0.762411 0.627428 0.761680 0.628098 0.760887 0.627974 0.758695 0.629986 0.758758 0.630782 0.758027 0.631452 0.758969 0.643376 0.760681 0.645213 0.760806 0.646803 0.762519 0.648641 0.762582 0.649437 0.764294 0.651274 0.765088 0.651399 0.769369 0.655994 0.770163 0.656118 0.772732 0.658875 0.773525 0.658999 0.775238 0.660837 0.776824 0.661086 0.777681 0.662005 0.779268 0.662254 0.780124 0.663173
3 0.137665 0.466840 0.138397 0.466169 0.139983 0.466417 0.140714 0.465747 0.143888 0.466244 0.144619 0.465573 0.145413 0.465697 0.146143 0.465026 0.146936 0.465151 0.145618 0.448458 0.144825 0.448334 0.143113 0.446496 0.142319 0.446372 0.138894 0.442695 0.138831 0.441900 0.137975 0.440981 0.137787 0.438597 0.136931 0.437677 0.136680 0.434498 0.135824 0.433579 0.135447 0.428810 0.136908 0.427469 0.136845 0.426673 0.137576 0.426003 0.137513 0.425208 0.138243 0.424537 0.138181 0.423742 0.138912 0.423071 0.138787 0.421482 0.139517 0.420811 0.139203 0.416837 0.139934 0.416166 0.139078 0.415247 0.138827 0.412068 0.137971 0.411149 0.137908 0.410353 0.116483 0.407000 0.109907 0.413036 0.109970 0.413831 0.108508 0.415172 0.108570 0.415968 0.107109 0.417309 0.107235 0.418899 0.106503 0.419569 0.106629 0.421159 0.105168 0.422501 0.106737 0.442372 0.107593 0.443291 0.107781 0.445676 0.109494 0.447514 0.109620 0.449104 0.112189 0.451861 0.112252 0.452656 0.118245 0.459090 0.119038 0.459214 0.120751 0.461052 0.121544 0.461176 0.123257 0.463014 0.124051 0.463139 0.124907 0.464057 0.126494 0.464306 0.127350 0.465225 0.129731 0.465598 0.130461 0.464927 0.131255 0.465051 0.132112 0.465970 0.133698 0.466219 0.134429 0.465548 0.135222 0.465672 0.136079 0.466591
7 0.210740 0.816634 0.211471 0.815964 0.212264 0.816088 0.212995 0.815417 0.213789 0.815542 0.214519 0.814871 0.216106 0.815120 0.216837 0.814449 0.217630 0.814573 0.219091 0.813232 0.219886 0.813356 0.220616 0.812685 0.221409 0.812809 0.225063 0.809456 0.225000 0.808661 0.226462 0.807320 0.226399 0.806525 0.228592 0.804513 0.227211 0.787025 0.226418 0.786901 0.225561 0.785982 0.219213 0.784989 0.218482 0.785659 0.216895 0.785411 0.216164 0.786082 0.215371 0.785958 0.214640 0.786628 0.213846 0.786503 0.211655 0.788516 0.211717 0.789311 0.210987 0.789981 0.211050 0.790777 0.206665 0.794800 0.204284 0.794428 0.203553 0.795099 0.201967 0.794850 0.200254 0.793012 0.199461 0.792888 0.197748 0.791049 0.196161 0.790801 0.190167 0.784367 0.189374 0.784243 0.188518 0.783325 0.186930 0.783076 0.186074 0.782157 0.183693 0.781784 0.182837 0.780865 0.182106 0.781536 0.180519 0.781287 0.179789 0.781958 0.178996 0.781834 0.178264 0.782504 0.177471 0.782380 0.176009 0.783722 0.177076 0.797235 0.187351 0.808264 0.188145 0.808388 0.191570 0.812064 0.192364 0.812188 0.193220 0.813108 0.194807 0.813356 0.195663 0.814275 0.209153 0.816386 0.209883 0.815716
8 0.514215 0.193699 0.514946 0.193028 0.515740 0.193153 0.516471 0.192482 0.517264 0.192606 0.523841 0.186571 0.523778 0.185775 0.524509 0.185105 0.524446 0.184310 0.525907 0.182968 0.524526 0.165481 0.523670 0.164562 0.523607 0.163767 0.522752 0.162848 0.522689 0.162053 0.514126 0.152863 0.513332 0.152739 0.512476 0.151819 0.511682 0.151695 0.508258 0.148019 0.507464 0.147895 0.505752 0.146057 0.504958 0.145933 0.504101 0.145013 0.503308 0.144889 0.502452 0.143970 0.483408 0.140989 0.482677 0.141660 0.481883 0.141535 0.481153 0.142206 0.479565 0.141958 0.478835 0.142628 0.478042 0.142504 0.477311 0.143175 0.476518 0.143051 0.475056 0.144392 0.474263 0.144268 0.472070 0.146280 0.471277 0.146156 0.468354 0.148839 0.469170 0.159172 0.469963 0.159296 0.470819 0.160215 0.471612 0.160340 0.472469 0.161258 0.473263 0.161382 0.474119 0.162302 0.479674 0.163171 0.480404 0.162500 0.481197 0.162624 0.481929 0.161954 0.484309 0.162327 0.485040 0.161656 0.486626 0.161904 0.487357 0.161234 0.488151 0.161358 0.488882 0.160687 0.492056 0.161184 0.492912 0.162103 0.493706 0.162228 0.494562 0.163146 0.495355 0.163270 0.496211 0.164190 0.497006 0.164314 0.501287 0.168909 0.501789 0.175268 0.501057 0.175939 0.501120 0.176733 0.500390 0.177404 0.500452 0.178199 0.499722 0.178870 0.499785 0.179664 0.499054 0.180335 0.499431 0.185104 0.500287 0.186024 0.500349 0.186819 0.505487 0.192333
2 0.861456 0.799941 0.862187 0.799270 0.862980 0.799395 0.863710 0.798723 0.864505 0.798848 0.867428 0.796165 0.867302 0.794576 0.868033 0.793905 0.867907 0.792315 0.868638 0.791645 0.868449 0.789260 0.869180 0.788589 0.869054 0.786999 0.869786 0.786329 0.869346 0.780765 0.868489 0.779845 0.868301 0.777461 0.867445 0.776542 0.867382 0.775746 0.869575 0.773735 0.875129 0.774604 0.875985 0.775523 0.881540 0.776392 0.882271 0.775722 0.883064 0.775846 0.883794 0.775175 0.886175 0.775548 0.887888 0.777386 0.888681 0.777510 0.889538 0.778430 0.890332 0.778554 0.888888 0.760272 0.887175 0.758434 0.887112 0.757638 0.885400 0.755800 0.884606 0.755676 0.880325 0.751081 0.878739 0.750832 0.877026 0.748994 0.876232 0.748870 0.875375 0.747951 0.873789 0.747703 0.872933 0.746784 0.864997 0.745541 0.864267 0.746213 0.861886 0.745840 0.861155 0.746510 0.858775 0.746138 0.858044 0.746809 0.857251 0.746684 0.856520 0.747355 0.855726 0.747230 0.854996 0.747901 0.854203 0.747777 0.852010 0.749790 0.851217 0.749665 0.849024 0.751677 0.848231 0.751553 0.848294 0.752348 0.846832 0.753689 0.846895 0.754484 0.844702 0.756496 0.844765 0.757291 0.844034 0.757961 0.844097 0.758756 0.843367 0.759427 0.843492 0.761016 0.842762 0.761687 0.844645 0.785534 0.846357 0.787372 0.846419 0.788167 0.847275 0.789086 0.847338 0.789881 0.849907 0.792638 0.850702 0.792762 0.853270 0.795519 0.854063 0.795643 0.855776 0.797482 0.856569 0.797606 0.857426 0.798525 0.859013 0.798774 0.859869 0.799692
0 0.473833 0.615233 0.474563 0.614562 0.475356 0.614686 0.476087 0.614015 0.477674 0.614263 0.478405 0.613593 0.479992 0.613841 0.480723 0.613170 0.481516 0.613295 0.482247 0.612624 0.483041 0.612749 0.485964 0.610065 0.486757 0.610189 0.487488 0.609519 0.487425 0.608724 0.489617 0.606712 0.490411 0.606837 0.492603 0.604824 0.492540 0.604029 0.494002 0.602688 0.493186 0.592355 0.491473 0.590517 0.491411 0.589721 0.490555 0.588803 0.490492 0.588008 0.485354 0.582493 0.482973 0.582121 0.481261 0.580283 0.479673 0.580034 0.478943 0.580705 0.477356 0.580456 0.476626 0.581127 0.475832 0.581003 0.475101 0.581673 0.474308 0.581549 0.471385 0.584233 0.471448 0.585027 0.470717 0.585698 0.470780 0.586492 0.470049 0.587163 0.470111 0.587958 0.469381 0.588629 0.468588 0.588505 0.467857 0.589176 0.466270 0.588927 0.465539 0.589598 0.459984 0.588728 0.459128 0.587810 0.450400 0.586443 0.449669 0.587114 0.448082 0.586865 0.444428 0.590219 0.445495 0.603731 0.446288 0.603855 0.451426 0.609370 0.453806 0.609743 0.454663 0.610662 0.455456 0.610786 0.457169 0.612625
0 0.304027 0.618487 0.307682 0.615133 0.307619 0.614339 0.311272 0.610985 0.312066 0.611109 0.312797 0.610439 0.313590 0.610563 0.312586 0.597845 0.310873 0.596007 0.310810 0.595211 0.308241 0.592455 0.307448 0.592330 0.304023 0.588654 0.303960 0.587859 0.303167 0.587735 0.302311 0.586816 0.301517 0.586691 0.298949 0.583935 0.298155 0.583811 0.295586 0.581053 0.294792 0.580929 0.293936 0.580009 0.292349 0.579761 0.291492 0.578842 0.289113 0.578470 0.288257 0.577550 0.280321 0.576308 0.278860 0.577650 0.278066 0.577525 0.275873 0.579538 0.277003 0.593845 0.277860 0.594765 0.277986 0.596354 0.278842 0.597273 0.279030 0.599658 0.279886 0.600577 0.280012 0.602167 0.280869 0.603086 0.280931 0.603881 0.282643 0.605719 0.282706 0.606514 0.290412 0.614786 0.291207 0.614910 0.292919 0.616748
11 0.918435 0.906206 0.920628 0.904193 0.920565 0.903399 0.921296 0.902728 0.921233 0.901933 0.921964 0.901263 0.921902 0.900468 0.922632 0.899797 0.922569 0.899002 0.923300 0.898332 0.923237 0.897536 0.923968 0.896866 0.923905 0.896071 0.924635 0.895401 0.924008 0.887452 0.923152 0.886533 0.923026 0.884942 0.922170 0.884024 0.921919 0.880845 0.922649 0.880174 0.922587 0.879378 0.923317 0.878708 0.923192 0.877118 0.923923 0.876447 0.923860 0.875653 0.928244 0.871628 0.928182 0.870834 0.928913 0.870163 0.928850 0.869369 0.929581 0.868698 0.929518 0.867902 0.930979 0.866561 0.930728 0.863382 0.931459 0.862712 0.931146 0.858737 0.931876 0.858066 0.931020 0.857147 0.931751 0.856476 0.931688 0.855681 0.930832 0.854763 0.930643 0.852378 0.929786 0.851459 0.929661 0.849868 0.928805 0.848950 0.928679 0.847360 0.926110 0.844603 0.926048 0.843808 0.907004 0.840828 0.907066 0.841622 0.906336 0.842293 0.905543 0.842169 0.905605 0.842963 0.904143 0.844304 0.904206 0.845100 0.903476 0.845770 0.903538 0.846565 0.902808 0.847236 0.902871 0.848031 0.902140 0.848702 0.902203 0.849496 0.901471 0.850167 0.901534 0.850962 0.899342 0.852974 0.899405 0.853769 0.897944 0.855110 0.898069 0.856700 0.897339 0.857371 0.897401 0.858165 0.896671 0.858837 0.896796 0.860426 0.896065 0.861096 0.896128 0.861892 0.895397 0.862562 0.895460 0.863357 0.894729 0.864028 0.894918 0.866412 0.894187 0.867083 0.894438 0.870263 0.893707 0.870933 0.893895 0.873318 0.892434 0.874659 0.892622 0.877044 0.891891 0.877715 0.891954 0.878509 0.891223 0.879180 0.892165 0.891103 0.893021 0.892022 0.893146 0.893612 0.894003 0.894531 0.894129 0.896121 0.894985 0.897040 0.895048 0.897835 0.896761 0.899673 0.896823 0.900468 0.899391 0.903225
0 0.867718 0.373067 0.870641 0.370385 0.870578 0.369590 0.871310 0.368919 0.870807 0.362560 0.869950 0.361641 0.869825 0.360051 0.868969 0.359132 0.868843 0.357543 0.867987 0.356623 0.867109 0.345495 0.868570 0.344154 0.868507 0.343358 0.869238 0.342688 0.870032 0.342812 0.871493 0.341471 0.872287 0.341595 0.874479 0.339583 0.875273 0.339707 0.876003 0.339036 0.876796 0.339160 0.877528 0.338490 0.878321 0.338615 0.879051 0.337943 0.880638 0.338192 0.881370 0.337522 0.882163 0.337646 0.881410 0.328107 0.879697 0.326269 0.878903 0.326145 0.878047 0.325225 0.877254 0.325101 0.876398 0.324183 0.875604 0.324058 0.874748 0.323139 0.860465 0.320904 0.859734 0.321574 0.858941 0.321450 0.858210 0.322121 0.857416 0.321996 0.855955 0.323338 0.855162 0.323214 0.853700 0.324555 0.852906 0.324431 0.850714 0.326443 0.850777 0.327238 0.850046 0.327908 0.850109 0.328703 0.848647 0.330045 0.848710 0.330840 0.847979 0.331510 0.848042 0.332305 0.846581 0.333647 0.846706 0.335236 0.845976 0.335907 0.846102 0.337497 0.844640 0.338838 0.845895 0.354735 0.847608 0.356574 0.847796 0.358959 0.848652 0.359877 0.848778 0.361468 0.849634 0.362386 0.849759 0.363976 0.853184 0.367653 0.853247 0.368447 0.854103 0.369366 0.854897 0.369491 0.856609 0.371329
4 0.061879 0.410230 0.062610 0.409559 0.062548 0.408764 0.063278 0.408093 0.064071 0.408217 0.064803 0.407547 0.064740 0.406752 0.066201 0.405411 0.066138 0.404616 0.066869 0.403945 0.066367 0.397586 0.064655 0.395748 0.064592 0.394953 0.063736 0.394034 0.063673 0.393239 0.061104 0.390482 0.061041 0.389687 0.060184 0.388768 0.060122 0.387973 0.059266 0.387054 0.059077 0.384669 0.058221 0.383750 0.058159 0.382956 0.057303 0.382036 0.057240 0.381242 0.056383 0.380322 0.056320 0.379527 0.055464 0.378608 0.055338 0.377019 0.054482 0.376099 0.054420 0.375305 0.053564 0.374386 0.053313 0.371206 0.054043 0.370535 0.053980 0.369741 0.054711 0.369070 0.057092 0.369442 0.057822 0.368772 0.058615 0.368896 0.059347 0.368225 0.059284 0.367430 0.061476 0.365419 0.061414 0.364623 0.062144 0.363953 0.062019 0.362363 0.062749 0.361692 0.062310 0.356128 0.061454 0.355209 0.061328 0.353619 0.057903 0.349943 0.057109 0.349819 0.056253 0.348900 0.054666 0.348652 0.053809 0.347732 0.052223 0.347484 0.051367 0.346565 0.038671 0.344578 0.032093 0.350613 0.032156 0.351409 0.029234 0.354091 0.029297 0.354887 0.028566 0.355557 0.028628 0.356352 0.027898 0.357022 0.027961 0.357817 0.027230 0.358489 0.027418 0.360873 0.026687 0.361543 0.026750 0.362338 0.026019 0.363009 0.026082 0.363804 0.025351 0.364474 0.025414 0.365270 0.026270 0.366188 0.026333 0.366984 0.025603 0.367654 0.026481 0.378782 0.027337 0.379702 0.027400 0.380496 0.028256 0.381415 0.028382 0.383005 0.029239 0.383925 0.029364 0.385514 0.031076 0.387352 0.031139 0.388147 0.032852 0.389986 0.032915 0.390780 0.033771 0.391699 0.033833 0.392494 0.038115 0.397089 0.038909 0.397214 0.039765 0.398133 0.039828 0.398927 0.040684 0.399847 0.040809 0.401436 0.046803 0.407870
12 0.457201 0.682499 0.459392 0.680487 0.459267 0.678897 0.459998 0.678226 0.459873 0.676637 0.460603 0.675965 0.460352 0.672786 0.459496 0.671868 0.459182 0.667893 0.458325 0.666973 0.458200 0.665384 0.457344 0.664465 0.457092 0.661285 0.457823 0.660615 0.457321 0.654255 0.458783 0.652914 0.459576 0.653038 0.460308 0.652368 0.473004 0.654356 0.474465 0.653013 0.474402 0.652219 0.475864 0.650878 0.474797 0.637365 0.470515 0.632769 0.469721 0.632645 0.468866 0.631726 0.468071 0.631602 0.466359 0.629764 0.444934 0.626410 0.444204 0.627081 0.443411 0.626957 0.440488 0.629640 0.439695 0.629516 0.438233 0.630857 0.437439 0.630733 0.434516 0.633415 0.434579 0.634210 0.433849 0.634881 0.433911 0.635676 0.432449 0.637017 0.432512 0.637812 0.431782 0.638483 0.432033 0.641662 0.431301 0.642333 0.432808 0.661410 0.433665 0.662329 0.433790 0.663919 0.434646 0.664837 0.434709 0.665633 0.435565 0.666552 0.435628 0.667346 0.436485 0.668266 0.436547 0.669060 0.437403 0.669980 0.437466 0.670774 0.440034 0.673531 0.440097 0.674327 0.444379 0.678922 0.445172 0.679046 0.446885 0.680885
10 0.965995 0.307589 0.966727 0.306918 0.967520 0.307042 0.968251 0.306372 0.969044 0.306496 0.970506 0.305155 0.972092 0.305404 0.972824 0.304733 0.973617 0.304857 0.974348 0.304186 0.975142 0.304310 0.975872 0.303640 0.975810 0.302845 0.978033 0.300052 0.977970 0.299258 0.977844 0.297668 0.977782 0.296873 0.977656 0.295284 0.976778 0.284155 0.976589 0.281770 0.976589 0.281770 0.975576 0.280042 0.974783 0.279918 0.973927 0.278998 0.972339 0.278750 0.971483 0.277831 0.969896 0.277583 0.969040 0.276663 0.966659 0.276291 0.965928 0.276962 0.964342 0.276713 0.963610 0.277383 0.962024 0.277135 0.961293 0.277806 0.957326 0.277185 0.956595 0.277856 0.953421 0.277359 0.952565 0.276440 0.951771 0.276316 0.949202 0.273558 0.948575 0.265610 0.947719 0.264691 0.947656 0.263896 0.946800 0.262977 0.943626 0.262480 0.942769 0.261561 0.941976 0.261437 0.941120 0.260518 0.940325 0.260393 0.939469 0.259474 0.938676 0.259350 0.937820 0.258431 0.935439 0.258059 0.932516 0.260741 0.932579 0.261536 0.930387 0.263548 0.930449 0.264343 0.928989 0.265684 0.930495 0.284762 0.931351 0.285680 0.931414 0.286476 0.932270 0.287394 0.932332 0.288190 0.934045 0.290028 0.934108 0.290822 0.934964 0.291741 0.935027 0.292537 0.936739 0.294375 0.936802 0.295169 0.940228 0.298845 0.941021 0.298969 0.943589 0.301727 0.944383 0.301851 0.945239 0.302771 0.946033 0.302895 0.946890 0.303813 0.947683 0.303938 0.948539 0.304857
4 0.284531 0.242535 0.285261 0.241864 0.286849 0.242113 0.287579 0.241442 0.288373 0.241567 0.289103 0.240896 0.290690 0.241144 0.292151 0.239803 0.292946 0.239927 0.294407 0.238586 0.295200 0.238710 0.295137 0.237915 0.295868 0.237244 0.295805 0.236449 0.297997 0.234437 0.297935 0.233642 0.299397 0.232301 0.299334 0.231506 0.300064 0.230836 0.300002 0.230041 0.300732 0.229369 0.300606 0.227780 0.302068 0.226439 0.301127 0.214516 0.300271 0.213596 0.300083 0.211212 0.299226 0.210293 0.299037 0.207908 0.298181 0.206989 0.298119 0.206194 0.297263 0.205276 0.284567 0.203288 0.284629 0.204083 0.283899 0.204754 0.284024 0.206344 0.283293 0.207014 0.283481 0.209399 0.282751 0.210070 0.282813 0.210864 0.282083 0.211535 0.282146 0.212330 0.277761 0.216354 0.276968 0.216230 0.275507 0.217571 0.272332 0.217074 0.271601 0.217744 0.265253 0.216751 0.264397 0.215832 0.262810 0.215584 0.262079 0.216254 0.258905 0.215757 0.258175 0.216428 0.257381 0.216304 0.256650 0.216974 0.255857 0.216850 0.255126 0.217521 0.254333 0.217397 0.250679 0.220751 0.250742 0.221545 0.250011 0.222216 0.250324 0.226191 0.252038 0.228029 0.252100 0.228824 0.252956 0.229742 0.253019 0.230538 0.253875 0.231456 0.254669 0.231581 0.256381 0.233419 0.257175 0.233543 0.258031 0.234462 0.258825 0.234586 0.259681 0.235505 0.260474 0.235629 0.261331 0.236549 0.262918 0.236797 0.263774 0.237716 0.266154 0.238089 0.267010 0.239008 0.267804 0.239132 0.268661 0.240051
8 0.190861 0.545035 0.192323 0.543694 0.193117 0.543818 0.194578 0.542477 0.195372 0.542601 0.194242 0.528294 0.193448 0.528169 0.192592 0.527250 0.191799 0.527126 0.190943 0.526206 0.186974 0.525585 0.186118 0.524667 0.184532 0.524418 0.181107 0.520742 0.180856 0.517562 0.180000 0.516644 0.179937 0.515848 0.179080 0.514930 0.178954 0.513340 0.178098 0.512421 0.177847 0.509241 0.178578 0.508570 0.178452 0.506981 0.177596 0.506061 0.178327 0.505391 0.177762 0.498237 0.176906 0.497318 0.176404 0.490959 0.174691 0.489121 0.174628 0.488326 0.171204 0.484650 0.161681 0.483159 0.154374 0.489866 0.154437 0.490661 0.152975 0.492002 0.153038 0.492797 0.152307 0.493468 0.152433 0.495057 0.150241 0.497070 0.151936 0.518531 0.152792 0.519451 0.152855 0.520245 0.153711 0.521164 0.153773 0.521960 0.154629 0.522878 0.154692 0.523673 0.155548 0.524592 0.155611 0.525387 0.157324 0.527225 0.157387 0.528020 0.158243 0.528939 0.159037 0.529063 0.163318 0.533659 0.163381 0.534453 0.164174 0.534577 0.165030 0.535497 0.165823 0.535621 0.167536 0.537459 0.168330 0.537583 0.169187 0.538503 0.169980 0.538627 0.170836 0.539546 0.173217 0.539918 0.174073 0.540838 0.175660 0.541086 0.177372 0.542924
12 0.768271 0.850515 0.769002 0.849844 0.769795 0.849968 0.770527 0.849298 0.771320 0.849422 0.773511 0.847410 0.773386 0.845820 0.774117 0.845150 0.774054 0.844355 0.775515 0.843013 0.775390 0.841424 0.776120 0.840753 0.775995 0.839163 0.776726 0.838493 0.776601 0.836903 0.778062 0.835561 0.778855 0.835685 0.779587 0.835015 0.780380 0.835139 0.781236 0.836058 0.782030 0.836182 0.784598 0.838940 0.784661 0.839735 0.785517 0.840653 0.785580 0.841449 0.790718 0.846963 0.792305 0.847211 0.793161 0.848131 0.794748 0.848379 0.795604 0.849298 0.800365 0.850043 0.801221 0.850962 0.801953 0.850291 0.802746 0.850416 0.803477 0.849745 0.804270 0.849869 0.806462 0.847857 0.806337 0.846268 0.807067 0.845597 0.806753 0.841622 0.805897 0.840703 0.805709 0.838319 0.804853 0.837400 0.804665 0.835015 0.803808 0.834096 0.803682 0.832506 0.802826 0.831587 0.802763 0.830792 0.801907 0.829873 0.801845 0.829078 0.799276 0.826321 0.799213 0.825526 0.797501 0.823688 0.797438 0.822893 0.791444 0.816459 0.790651 0.816335 0.789795 0.815417 0.789000 0.815292 0.788144 0.814373 0.787351 0.814249 0.785638 0.812411 0.784845 0.812287 0.783132 0.810448 0.761708 0.807095 0.760978 0.807766 0.760183 0.807641 0.758722 0.808983 0.757928 0.808858 0.756467 0.810200 0.755674 0.810076 0.750558 0.814770 0.750684 0.816361 0.749223 0.817702 0.749286 0.818496 0.748554 0.819167 0.750061 0.838244 0.750918 0.839163 0.750980 0.839958 0.752692 0.841797 0.752755 0.842591 0.753611 0.843510 0.753674 0.844305 0.755387 0.846143 0.756180 0.846267 0.757036 0.847187 0.758624 0.847435 0.759480 0.848354 0.761066 0.848602 0.761923 0.849521
12 0.964907 0.283867 0.966368 0.282526 0.967161 0.282650 0.967892 0.281979 0.968686 0.282103 0.969416 0.281433 0.970210 0.281557 0.975325 0.276862 0.976119 0.276987 0.976150 0.276206 0.976087 0.275412 0.976024 0.274616 0.975962 0.273822 0.975773 0.271437 0.975648 0.269847 0.975585 0.269052 0.975522 0.268258 0.975459 0.267463 0.975397 0.266668 0.975334 0.265873 0.973953 0.248386 0.973890 0.247591 0.973765 0.246001 0.973702 0.245206 0.973577 0.243616 0.973514 0.242822 0.973451 0.242027 0.973388 0.241232 0.973326 0.240437 0.973200 0.238847 0.973137 0.238052 0.971205 0.234610 0.970412 0.234485 0.967843 0.231728 0.967050 0.231604 0.965337 0.229766 0.964543 0.229642 0.962830 0.227803 0.949341 0.225692 0.947880 0.227033 0.947943 0.227829 0.947211 0.228499 0.947337 0.230088 0.946606 0.230759 0.946669 0.231555 0.945939 0.232225 0.946064 0.233815 0.944603 0.235156 0.944666 0.235951 0.943935 0.236622 0.944186 0.239801 0.945043 0.240720 0.945168 0.242310 0.946880 0.244149 0.946943 0.244943 0.948655 0.246781 0.948718 0.247576 0.952144 0.251252 0.952207 0.252048 0.953063 0.252966 0.953125 0.253761 0.953981 0.254680 0.954295 0.258655 0.952103 0.260667 0.950516 0.260419 0.949785 0.261089 0.942643 0.259971 0.941913 0.260642 0.941120 0.260518 0.940388 0.261189 0.938802 0.260940 0.936609 0.262952 0.935816 0.262828 0.934354 0.264169 0.933561 0.264045 0.932100 0.265386 0.932163 0.266181 0.931432 0.266852 0.931809 0.271621 0.932665 0.272540 0.932790 0.274130 0.937071 0.278725 0.937864 0.278849 0.938721 0.279769
8 0.840744 0.537632 0.842936 0.535620 0.843730 0.535744 0.845922 0.533732 0.845860 0.532937 0.846590 0.532266 0.846527 0.531472 0.847258 0.530801 0.846944 0.526826 0.846088 0.525908 0.846025 0.525112 0.845169 0.524194 0.845106 0.523398 0.844249 0.522480 0.844187 0.521684 0.838194 0.515251 0.837943 0.512072 0.840134 0.510059 0.840927 0.510183 0.841659 0.509513 0.844833 0.510009 0.845563 0.509339 0.847150 0.509587 0.847881 0.508917 0.849468 0.509165 0.850199 0.508495 0.850992 0.508619 0.851723 0.507948 0.852516 0.508072 0.853247 0.507402 0.854041 0.507526 0.854771 0.506855 0.855565 0.506979 0.857757 0.504967 0.858550 0.505091 0.857546 0.492373 0.855834 0.490535 0.855040 0.490411 0.852472 0.487654 0.851678 0.487530 0.849966 0.485691 0.849172 0.485567 0.848316 0.484648 0.847522 0.484524 0.846666 0.483605 0.845873 0.483480 0.845016 0.482562 0.829146 0.480078 0.828415 0.480748 0.826829 0.480500 0.826098 0.481171 0.824511 0.480922 0.823780 0.481593 0.822986 0.481468 0.822255 0.482139 0.821462 0.482015 0.820732 0.482686 0.819938 0.482562 0.817746 0.484574 0.816953 0.484449 0.817016 0.485245 0.814823 0.487257 0.814886 0.488051 0.813424 0.489392 0.813549 0.490982 0.812819 0.491653 0.812944 0.493243 0.812214 0.493914 0.812340 0.495504 0.811609 0.496174 0.813304 0.517636 0.815016 0.519474 0.815078 0.520269 0.815934 0.521188 0.815997 0.521982 0.816853 0.522902 0.816916 0.523696 0.817773 0.524616 0.817836 0.525411 0.819548 0.527249 0.819611 0.528043 0.823036 0.531719 0.823829 0.531844 0.825542 0.533682 0.826335 0.533807 0.827191 0.534725 0.827985 0.534850 0.828841 0.535769
5 0.671643 0.222265 0.672373 0.221594 0.673167 0.221718 0.673897 0.221048 0.675485 0.221296 0.676215 0.220625 0.677803 0.220874 0.678533 0.220204 0.679326 0.220328 0.680788 0.218986 0.681582 0.219110 0.683044 0.217769 0.683837 0.217893 0.686029 0.215881 0.685967 0.215086 0.688158 0.213074 0.688095 0.212279 0.688827 0.211608 0.688764 0.210814 0.690955 0.208802 0.689826 0.194494 0.688970 0.193575 0.688907 0.192780 0.687195 0.190942 0.685607 0.190694 0.684751 0.189774 0.683164 0.189526 0.678883 0.184930 0.678090 0.184806 0.677233 0.183887 0.676439 0.183763 0.675583 0.182844 0.673202 0.182471 0.672472 0.183142 0.672535 0.183937 0.671804 0.184608 0.671993 0.186992 0.668339 0.190345 0.668402 0.191141 0.667670 0.191811 0.667733 0.192606 0.665542 0.194618 0.665604 0.195413 0.663412 0.197425 0.662618 0.197301 0.661887 0.197971 0.659506 0.197598 0.656938 0.194842 0.656145 0.194718 0.655288 0.193798 0.655225 0.193004 0.646663 0.183813 0.645869 0.183688 0.645013 0.182769 0.644220 0.182645 0.643364 0.181726 0.642569 0.181602 0.641713 0.180683 0.639333 0.180310 0.638477 0.179391 0.636097 0.179019 0.635365 0.179689 0.633779 0.179441 0.632317 0.180782 0.633949 0.201449 0.636518 0.204207 0.636581 0.205001 0.640862 0.209596 0.641655 0.209721 0.645080 0.213397 0.645874 0.213521 0.647586 0.215360 0.648380 0.215484 0.650093 0.217322 0.650886 0.217446 0.652599 0.219284
3 0.024953 0.210542 0.025683 0.209871 0.029650 0.210492 0.030382 0.209822 0.031968 0.210070 0.032699 0.209399 0.034286 0.209647 0.035017 0.208977 0.035810 0.209101 0.036541 0.208430 0.037335 0.208555 0.039527 0.206542 0.040321 0.206666 0.044704 0.202643 0.044642 0.201847 0.046834 0.199836 0.046771 0.199041 0.048233 0.197700 0.048171 0.196905 0.048901 0.196234 0.048838 0.195439 0.050299 0.194097 0.048291 0.168661 0.046579 0.166823 0.046516 0.166029 0.045660 0.165110 0.045597 0.164314 0.044740 0.163396 0.044678 0.162600 0.039540 0.157086 0.038746 0.156962 0.037890 0.156043 0.023608 0.153807 0.019954 0.157161 0.020456 0.163520 0.021312 0.164439 0.021438 0.166028 0.023150 0.167867 0.023275 0.169457 0.025844 0.172214 0.025907 0.173009 0.026763 0.173927 0.026889 0.175518 0.027746 0.176437 0.027934 0.178821 0.027203 0.179492 0.027265 0.180287 0.026535 0.180957 0.026598 0.181752 0.022944 0.185106 0.023007 0.185900 0.022276 0.186571 0.021482 0.186447 0.020021 0.187788 0.019227 0.187664 0.018497 0.188335 0.016117 0.187963 0.015385 0.188633 0.014592 0.188509 0.013862 0.189180 0.012274 0.188931 0.013718 0.207213 0.014511 0.207338 0.015368 0.208256 0.018542 0.208753 0.019398 0.209673
3 0.278837 0.150577 0.278711 0.148988 0.279443 0.148318 0.277685 0.126061 0.276828 0.125141 0.276765 0.124347 0.275909 0.123428 0.275847 0.122633 0.274991 0.121714 0.274928 0.120919 0.274072 0.120000 0.274009 0.119205 0.273152 0.118286 0.273089 0.117491 0.267952 0.111977 0.267889 0.111181 0.267034 0.110263 0.266239 0.110139 0.265383 0.109219 0.264590 0.109095 0.262877 0.107257 0.262084 0.107133 0.261228 0.106214 0.260434 0.106090 0.259577 0.105170 0.248469 0.103432 0.247737 0.104103 0.248930 0.119205 0.249724 0.119329 0.250580 0.120248 0.250643 0.121043 0.252356 0.122882 0.252419 0.123676 0.253275 0.124596 0.253338 0.125390 0.254194 0.126309 0.254445 0.129489 0.255301 0.130408 0.255552 0.133587 0.256408 0.134506 0.256533 0.136096 0.255803 0.136767 0.256117 0.140741 0.255386 0.141411 0.255574 0.143796 0.254844 0.144467 0.254907 0.145262 0.254176 0.145933 0.254239 0.146727
12 0.346518 0.322892 0.349440 0.320209 0.351028 0.320458 0.353220 0.318445 0.353158 0.317651 0.353888 0.316980 0.352884 0.304262 0.352028 0.303343 0.351839 0.300958 0.350983 0.300039 0.350670 0.296065 0.351400 0.295394 0.351337 0.294600 0.352798 0.293258 0.353593 0.293382 0.354323 0.292712 0.355116 0.292836 0.355847 0.292165 0.361402 0.293034 0.362132 0.292364 0.362925 0.292488 0.363657 0.291817 0.364450 0.291941 0.365181 0.291271 0.365974 0.291395 0.364405 0.271523 0.363611 0.271399 0.362755 0.270480 0.361962 0.270356 0.361105 0.269436 0.360312 0.269312 0.359456 0.268393 0.356282 0.267897 0.355426 0.266977 0.352252 0.266480 0.351521 0.267151 0.345967 0.266282 0.345235 0.266952 0.343649 0.266704 0.342918 0.267375 0.340537 0.267002 0.339807 0.267673 0.339013 0.267549 0.338282 0.268219 0.337489 0.268095 0.336028 0.269436 0.335234 0.269312 0.334503 0.269983 0.333710 0.269859 0.332978 0.270529 0.332185 0.270405 0.330724 0.271746 0.329930 0.271622 0.329993 0.272417 0.328532 0.273759 0.327738 0.273634 0.327801 0.274430 0.323416 0.278453 0.323479 0.279249 0.322749 0.279919 0.322811 0.280714 0.322081 0.281384 0.322144 0.282180 0.320682 0.283521 0.322000 0.300213 0.322857 0.301132 0.322919 0.301927 0.323775 0.302846 0.323901 0.304436 0.324757 0.305355 0.324820 0.306150 0.325676 0.307069 0.325801 0.308658 0.326657 0.309578 0.326720 0.310373 0.327577 0.311292 0.327640 0.312087 0.331065 0.315763 0.331128 0.316558 0.334553 0.320234 0.335346 0.320358 0.336202 0.321277
5 0.277949 0.496647 0.278680 0.495976 0.279474 0.496101 0.280205 0.495430 0.281792 0.495678 0.282523 0.495008 0.283316 0.495132 0.284777 0.493791 0.285571 0.493915 0.287032 0.492574 0.287825 0.492698 0.289287 0.491356 0.289224 0.490561 0.291417 0.488549 0.291291 0.486959 0.292752 0.485618 0.291560 0.470515 0.290704 0.469597 0.290641 0.468801 0.289785 0.467883 0.289660 0.466292 0.283665 0.459860 0.273350 0.458245 0.273413 0.459039 0.270490 0.461722 0.270553 0.462517 0.269822 0.463187 0.270073 0.466368 0.269342 0.467038 0.269530 0.469423 0.268069 0.470764 0.268132 0.471559 0.265209 0.474242 0.264416 0.474118 0.263684 0.474788 0.260510 0.474291 0.259654 0.473372 0.258861 0.473248 0.258005 0.472329 0.257211 0.472204 0.256355 0.471286 0.254767 0.471037 0.253911 0.470118 0.250737 0.469621 0.250007 0.470292 0.248420 0.470044 0.247689 0.470714 0.246102 0.470466 0.245371 0.471137 0.244577 0.471012 0.243847 0.471683 0.244726 0.482811 0.245519 0.482935 0.246375 0.483855 0.246438 0.484649 0.247295 0.485569 0.248088 0.485693 0.248944 0.486612 0.249738 0.486736 0.250594 0.487655 0.251387 0.487779 0.253099 0.489617 0.253894 0.489741 0.254750 0.490661 0.255543 0.490785 0.256399 0.491704 0.257193 0.491828 0.258049 0.492747 0.259637 0.492996 0.260493 0.493914
