5 0.066406 0.116211 0.064062 0.119141 0.064062 0.120117 0.063281 0.121094 0.063281 0.122070 0.062500 0.123047 0.062500 0.124023 0.061719 0.125000 0.061719 0.128906 0.060937 0.129883 0.060937 0.144531 0.061719 0.145508 0.061719 0.146484 0.063281 0.148438 0.063281 0.149414 0.064062 0.150391 0.064062 0.153320 0.064844 0.154297 0.064844 0.155273 0.065625 0.156250 0.065625 0.157227 0.067187 0.159180 0.067187 0.160156 0.070312 0.164062 0.070312 0.165039 0.071094 0.165039 0.074219 0.168945 0.075000 0.168945 0.076563 0.170898 0.077344 0.170898 0.078125 0.171875 0.079687 0.171875 0.080469 0.172852 0.081250 0.172852 0.082031 0.173828 0.103125 0.173828 0.103906 0.172852 0.104688 0.172852 0.105469 0.171875 0.106250 0.171875 0.107031 0.170898 0.107031 0.169922 0.108594 0.167969 0.109375 0.167969 0.110937 0.166016 0.111719 0.166016 0.111719 0.165039 0.113281 0.163086 0.113281 0.162109 0.114844 0.160156 0.114844 0.152344 0.110156 0.146484 0.109375 0.146484 0.108594 0.145508 0.106250 0.145508 0.105469 0.146484 0.103906 0.146484 0.103125 0.147461 0.102344 0.147461 0.101562 0.148438 0.100000 0.148438 0.099219 0.149414 0.098437 0.149414 0.097656 0.148438 0.092969 0.148438 0.091406 0.146484 0.089844 0.146484 0.088281 0.144531 0.087500 0.144531 0.086719 0.143555 0.086719 0.142578 0.084375 0.139648 0.084375 0.137695 0.083594 0.136719 0.083594 0.132812 0.082812 0.131836 0.082812 0.129883 0.083594 0.128906 0.083594 0.127930 0.082812 0.126953 0.082812 0.121094 0.082031 0.120117 0.082031 0.119141 0.081250 0.118164 0.081250 0.116211
0 0.785937 0.213867 0.785156 0.214844 0.785156 0.216797 0.784375 0.217773 0.784375 0.224609 0.785156 0.225586 0.785156 0.230469 0.785937 0.231445 0.785937 0.232422 0.786719 0.233398 0.786719 0.234375 0.787500 0.235352 0.787500 0.236328 0.788281 0.237305 0.788281 0.238281 0.790625 0.241211 0.790625 0.242188 0.792188 0.244141 0.792969 0.244141 0.795312 0.247070 0.796094 0.247070 0.797656 0.249023 0.798438 0.249023 0.799219 0.250000 0.800000 0.250000 0.800781 0.250977 0.818750 0.250977 0.819531 0.250000 0.821094 0.250000 0.821875 0.249023 0.822656 0.249023 0.828906 0.241211 0.828906 0.225586 0.827344 0.223633 0.826562 0.223633 0.825781 0.222656 0.821875 0.222656 0.821094 0.223633 0.819531 0.223633 0.818750 0.224609 0.817969 0.224609 0.816406 0.226562 0.815625 0.226562 0.814844 0.227539 0.814063 0.227539 0.813281 0.228516 0.807813 0.228516 0.805469 0.225586 0.804688 0.225586 0.803125 0.223633 0.803125 0.222656 0.802344 0.221680 0.802344 0.218750 0.801562 0.217773 0.801562 0.216797 0.799219 0.213867
11 0.615625 0.416016 0.614844 0.416992 0.614062 0.416992 0.612500 0.418945 0.611719 0.418945 0.610938 0.419922 0.610156 0.419922 0.609375 0.420898 0.607812 0.420898 0.607031 0.421875 0.605469 0.421875 0.604688 0.422852 0.603125 0.422852 0.602344 0.423828 0.600000 0.423828 0.599219 0.422852 0.598437 0.422852 0.597656 0.421875 0.595313 0.421875 0.594531 0.420898 0.592187 0.420898 0.589844 0.423828 0.589844 0.424805 0.589063 0.425781 0.589063 0.431641 0.589844 0.432617 0.589844 0.434570 0.590625 0.435547 0.590625 0.438477 0.591406 0.439453 0.591406 0.440430 0.592969 0.442383 0.592969 0.443359 0.593750 0.444336 0.593750 0.445312 0.594531 0.446289 0.594531 0.447266 0.595313 0.448242 0.595313 0.449219 0.599219 0.454102 0.599219 0.455078 0.603906 0.460938 0.604688 0.460938 0.606250 0.462891 0.607031 0.462891 0.607812 0.463867 0.627344 0.463867 0.628906 0.461914 0.629687 0.461914 0.631250 0.459961 0.631250 0.458984 0.634375 0.455078 0.634375 0.454102 0.635156 0.453125 0.635156 0.442383 0.634375 0.441406 0.634375 0.440430 0.633594 0.439453 0.633594 0.438477 0.632812 0.437500 0.632812 0.435547 0.632031 0.434570 0.632031 0.433594 0.631250 0.432617 0.631250 0.430664 0.629687 0.428711 0.629687 0.427734 0.628906 0.426758 0.628906 0.424805 0.628125 0.423828 0.628125 0.422852 0.623437 0.416992 0.622656 0.416992 0.621875 0.416016
5 0.374219 0.878906 0.373437 0.879883 0.371875 0.879883 0.371094 0.880859 0.370312 0.880859 0.370312 0.905273 0.373437 0.905273 0.374219 0.906250 0.378125 0.906250 0.378906 0.905273 0.379688 0.905273 0.380469 0.906250 0.381250 0.906250 0.382812 0.908203 0.382812 0.910156 0.383594 0.911133 0.383594 0.915039 0.384375 0.916016 0.384375 0.917969 0.385156 0.918945 0.385156 0.920898 0.385937 0.921875 0.385937 0.925781 0.386719 0.926758 0.386719 0.934570 0.387500 0.935547 0.387500 0.937500 0.388281 0.938477 0.388281 0.939453 0.390625 0.942383 0.395313 0.942383 0.396094 0.941406 0.396875 0.941406 0.397656 0.940430 0.398438 0.940430 0.401562 0.936523 0.401562 0.935547 0.403125 0.933594 0.403125 0.901367 0.402344 0.900391 0.402344 0.899414 0.400781 0.897461 0.400781 0.896484 0.400000 0.895508 0.400000 0.894531 0.396875 0.890625 0.396875 0.889648 0.396094 0.888672 0.395313 0.888672 0.394531 0.887695 0.394531 0.886719 0.393750 0.886719 0.392969 0.885742 0.392188 0.885742 0.390625 0.883789 0.389844 0.883789 0.389062 0.882812 0.388281 0.882812 0.387500 0.881836 0.386719 0.881836 0.385937 0.880859 0.383594 0.880859 0.382812 0.879883 0.380469 0.879883 0.379688 0.878906
7 0.647656 0.299805 0.643750 0.304688 0.642969 0.304688 0.642969 0.305664 0.641406 0.307617 0.641406 0.308594 0.640625 0.309570 0.640625 0.311523 0.639844 0.312500 0.639844 0.313477 0.639062 0.314453 0.639062 0.315430 0.638281 0.316406 0.638281 0.318359 0.637500 0.319336 0.637500 0.321289 0.636719 0.322266 0.636719 0.323242 0.635938 0.324219 0.635938 0.332031 0.636719 0.333008 0.636719 0.335938 0.637500 0.336914 0.637500 0.339844 0.639844 0.342773 0.639844 0.343750 0.658594 0.343750 0.660156 0.341797 0.660156 0.340820 0.660937 0.339844 0.660937 0.338867 0.661719 0.337891 0.661719 0.336914 0.662500 0.335938 0.662500 0.333984 0.663281 0.333008 0.663281 0.329102 0.664062 0.328125 0.664062 0.325195 0.664844 0.324219 0.664844 0.321289 0.665625 0.320312 0.665625 0.319336 0.667188 0.317383 0.667188 0.316406 0.667969 0.315430 0.667969 0.314453 0.668750 0.313477 0.668750 0.312500 0.667969 0.311523 0.667969 0.308594 0.667188 0.307617 0.667188 0.305664 0.666406 0.304688 0.665625 0.304688 0.664844 0.303711 0.664062 0.303711 0.663281 0.302734 0.662500 0.302734 0.661719 0.301758 0.660156 0.301758 0.658594 0.299805
2 0.257031 0.842773 0.256250 0.843750 0.255469 0.843750 0.254688 0.844727 0.253125 0.844727 0.249219 0.849609 0.249219 0.871094 0.250000 0.871094 0.250781 0.872070 0.250781 0.873047 0.257031 0.880859 0.257812 0.880859 0.259375 0.882812 0.260156 0.882812 0.260937 0.883789 0.263281 0.883789 0.264062 0.884766 0.264844 0.884766 0.266406 0.886719 0.267188 0.886719 0.268750 0.888672 0.269531 0.888672 0.270313 0.889648 0.271094 0.889648 0.271875 0.890625 0.285156 0.890625 0.285938 0.889648 0.286719 0.889648 0.289062 0.886719 0.289844 0.886719 0.290625 0.885742 0.291406 0.885742 0.292969 0.883789 0.292969 0.882812 0.296875 0.877930 0.296875 0.875977 0.297656 0.875000 0.297656 0.874023 0.298438 0.873047 0.298438 0.857422 0.300000 0.855469 0.300000 0.853516 0.299219 0.852539 0.299219 0.848633 0.298438 0.847656 0.298438 0.846680 0.296875 0.844727 0.296094 0.844727 0.295312 0.843750 0.292969 0.843750 0.292187 0.844727 0.289844 0.844727 0.289062 0.845703 0.288281 0.845703 0.284375 0.850586 0.284375 0.855469 0.283594 0.856445 0.283594 0.859375 0.282813 0.860352 0.280469 0.860352 0.279687 0.859375 0.278906 0.859375 0.277344 0.857422 0.274219 0.857422 0.273438 0.856445 0.271875 0.856445 0.270313 0.854492 0.268750 0.854492 0.264844 0.849609 0.264844 0.848633 0.264062 0.847656 0.264062 0.846680 0.263281 0.845703 0.263281 0.844727 0.262500 0.843750 0.261719 0.843750 0.260937 0.842773
3 0.903125 0.183594 0.902344 0.184570 0.900781 0.184570 0.899219 0.186523 0.897656 0.186523 0.896875 0.187500 0.896094 0.187500 0.894531 0.189453 0.893750 0.189453 0.891406 0.192383 0.890625 0.192383 0.889844 0.193359 0.889844 0.194336 0.885156 0.200195 0.885156 0.201172 0.883594 0.203125 0.883594 0.204102 0.882031 0.206055 0.882031 0.207031 0.881250 0.208008 0.881250 0.209961 0.880469 0.210938 0.880469 0.223633 0.881250 0.224609 0.881250 0.227539 0.882812 0.229492 0.882812 0.231445 0.883594 0.232422 0.883594 0.233398 0.885938 0.236328 0.885938 0.237305 0.907031 0.237305 0.907031 0.235352 0.908594 0.233398 0.908594 0.230469 0.909375 0.229492 0.909375 0.226562 0.910156 0.225586 0.910156 0.222656 0.910937 0.221680 0.910937 0.220703 0.912500 0.218750 0.912500 0.217773 0.914062 0.215820 0.915625 0.215820 0.916406 0.214844 0.924219 0.214844 0.925000 0.215820 0.925781 0.215820 0.926562 0.216797 0.927344 0.216797 0.928125 0.217773 0.928906 0.217773 0.930469 0.219727 0.932031 0.219727 0.932813 0.220703 0.933594 0.220703 0.934375 0.221680 0.935156 0.220703 0.938281 0.220703 0.939063 0.219727 0.939844 0.219727 0.942969 0.215820 0.942969 0.214844 0.944531 0.212891 0.944531 0.202148 0.943750 0.201172 0.943750 0.199219 0.941406 0.196289 0.941406 0.195312 0.936719 0.189453 0.935937 0.189453 0.934375 0.187500 0.933594 0.187500 0.932031 0.185547 0.930469 0.185547 0.928906 0.183594
2 0.773438 0.377930 0.771875 0.379883 0.771094 0.379883 0.768750 0.382812 0.768750 0.384766 0.767969 0.385742 0.767969 0.393555 0.768750 0.394531 0.768750 0.396484 0.770312 0.398438 0.770312 0.399414 0.771094 0.400391 0.771875 0.400391 0.772656 0.401367 0.773438 0.401367 0.774219 0.402344 0.775781 0.402344 0.776563 0.403320 0.780469 0.403320 0.781250 0.404297 0.782031 0.404297 0.785156 0.408203 0.785156 0.409180 0.785937 0.410156 0.785937 0.413086 0.786719 0.414062 0.786719 0.421875 0.785937 0.422852 0.785937 0.428711 0.785156 0.429688 0.785156 0.431641 0.784375 0.432617 0.784375 0.434570 0.783594 0.435547 0.783594 0.437500 0.782813 0.438477 0.782813 0.441406 0.782031 0.442383 0.782031 0.444336 0.781250 0.445312 0.781250 0.446289 0.782031 0.447266 0.781250 0.448242 0.781250 0.460938 0.782031 0.461914 0.782031 0.462891 0.782813 0.463867 0.782813 0.464844 0.800781 0.464844 0.805469 0.458984 0.805469 0.458008 0.807813 0.455078 0.807813 0.454102 0.808594 0.453125 0.808594 0.452148 0.809375 0.451172 0.809375 0.450195 0.810937 0.448242 0.810937 0.446289 0.812500 0.444336 0.812500 0.439453 0.813281 0.438477 0.813281 0.436523 0.814063 0.435547 0.814063 0.433594 0.815625 0.431641 0.815625 0.401367 0.814063 0.399414 0.814063 0.397461 0.813281 0.396484 0.813281 0.395508 0.811719 0.393555 0.811719 0.392578 0.807813 0.387695 0.807813 0.386719 0.807031 0.386719 0.802344 0.380859 0.801562 0.380859 0.800781 0.379883 0.800000 0.379883 0.798438 0.377930
5 0.129688 0.450195 0.128906 0.451172 0.128125 0.451172 0.126562 0.453125 0.125000 0.453125 0.123438 0.455078 0.122656 0.455078 0.122656 0.456055 0.121875 0.457031 0.121094 0.457031 0.114062 0.465820 0.114062 0.466797 0.112500 0.468750 0.112500 0.469727 0.111719 0.470703 0.111719 0.472656 0.110937 0.473633 0.110937 0.474609 0.110156 0.475586 0.110156 0.482422 0.110937 0.483398 0.110937 0.486328 0.112500 0.488281 0.125000 0.488281 0.125781 0.487305 0.127344 0.487305 0.128906 0.485352 0.129688 0.485352 0.130469 0.484375 0.131250 0.484375 0.132812 0.482422 0.133594 0.482422 0.134375 0.481445 0.135156 0.481445 0.136719 0.479492 0.139063 0.479492 0.139844 0.478516 0.142187 0.478516 0.142969 0.479492 0.144531 0.479492 0.146875 0.482422 0.147656 0.482422 0.148438 0.483398 0.149219 0.483398 0.150781 0.485352 0.156250 0.485352 0.157031 0.484375 0.158594 0.484375 0.160938 0.481445 0.160938 0.460938 0.156250 0.455078 0.155469 0.455078 0.153906 0.453125 0.153125 0.453125 0.151562 0.451172 0.150781 0.451172 0.150000 0.450195
4 0.714844 0.539062 0.714844 0.541016 0.714063 0.541992 0.714063 0.543945 0.713281 0.544922 0.713281 0.545898 0.712500 0.546875 0.712500 0.547852 0.711719 0.548828 0.711719 0.549805 0.709375 0.552734 0.709375 0.553711 0.707812 0.555664 0.707812 0.556641 0.706250 0.558594 0.705469 0.558594 0.703906 0.560547 0.703125 0.560547 0.702344 0.561523 0.701562 0.561523 0.700781 0.562500 0.699219 0.562500 0.698438 0.563477 0.692187 0.563477 0.691406 0.564453 0.689844 0.564453 0.689063 0.565430 0.687500 0.565430 0.686719 0.566406 0.685937 0.566406 0.685156 0.567383 0.685156 0.568359 0.684375 0.569336 0.684375 0.570312 0.683594 0.571289 0.683594 0.572266 0.682813 0.573242 0.682813 0.574219 0.682031 0.575195 0.682031 0.578125 0.682813 0.579102 0.682813 0.583008 0.684375 0.584961 0.684375 0.586914 0.687500 0.590820 0.714063 0.590820 0.715625 0.588867 0.716406 0.588867 0.717969 0.586914 0.718750 0.586914 0.721875 0.583008 0.722656 0.583008 0.724219 0.581055 0.724219 0.580078 0.726562 0.577148 0.726562 0.576172 0.727344 0.575195 0.727344 0.574219 0.728125 0.573242 0.728125 0.572266 0.728906 0.571289 0.728906 0.570312 0.729688 0.569336 0.729688 0.568359 0.730469 0.567383 0.730469 0.566406 0.731250 0.565430 0.731250 0.563477 0.732031 0.562500 0.732031 0.560547 0.732812 0.559570 0.732812 0.556641 0.733594 0.555664 0.732812 0.554688 0.732812 0.546875 0.732031 0.545898 0.732031 0.543945 0.731250 0.542969 0.731250 0.541016 0.730469 0.540039 0.730469 0.539062
8 0.853125 0.492188 0.853125 0.494141 0.852344 0.495117 0.852344 0.497070 0.851562 0.498047 0.851562 0.500000 0.850781 0.500977 0.850781 0.508789 0.850000 0.509766 0.850781 0.510742 0.850781 0.511719 0.850000 0.512695 0.850000 0.516602 0.850781 0.517578 0.850781 0.521484 0.851562 0.522461 0.851562 0.523438 0.852344 0.524414 0.852344 0.525391 0.853125 0.526367 0.853125 0.527344 0.853906 0.528320 0.853906 0.529297 0.854688 0.530273 0.854688 0.531250 0.857812 0.535156 0.857812 0.536133 0.864062 0.543945 0.864844 0.543945 0.865625 0.544922 0.888281 0.544922 0.888281 0.543945 0.889844 0.541992 0.889844 0.540039 0.890625 0.539062 0.890625 0.537109 0.891406 0.536133 0.891406 0.528320 0.890625 0.527344 0.890625 0.526367 0.889844 0.525391 0.889844 0.524414 0.889062 0.523438 0.889062 0.522461 0.888281 0.521484 0.888281 0.520508 0.887500 0.520508 0.886719 0.519531 0.885938 0.519531 0.884375 0.517578 0.882812 0.517578 0.877344 0.510742 0.877344 0.509766 0.874219 0.505859 0.874219 0.504883 0.868750 0.498047 0.868750 0.497070 0.867969 0.496094 0.867969 0.492188
12 0.529687 0.590820 0.528125 0.592773 0.526563 0.592773 0.525781 0.593750 0.525000 0.593750 0.523438 0.595703 0.522656 0.595703 0.521875 0.596680 0.521875 0.597656 0.519531 0.600586 0.519531 0.612305 0.521094 0.614258 0.521094 0.615234 0.521875 0.616211 0.522656 0.616211 0.523438 0.617188 0.525000 0.617188 0.525781 0.618164 0.535937 0.618164 0.536719 0.619141 0.537500 0.619141 0.541406 0.624023 0.541406 0.625977 0.542188 0.626953 0.542188 0.629883 0.542969 0.630859 0.542969 0.641602 0.542188 0.642578 0.542188 0.646484 0.539062 0.650391 0.539062 0.651367 0.538281 0.652344 0.538281 0.654297 0.539062 0.655273 0.539062 0.656250 0.539844 0.657227 0.539844 0.658203 0.540625 0.658203 0.541406 0.659180 0.542188 0.659180 0.546875 0.665039 0.558594 0.665039 0.560156 0.663086 0.560937 0.663086 0.561719 0.662109 0.562500 0.662109 0.563281 0.661133 0.564063 0.661133 0.565625 0.659180 0.565625 0.658203 0.567187 0.656250 0.567187 0.655273 0.567969 0.654297 0.567969 0.653320 0.568750 0.652344 0.568750 0.651367 0.569531 0.650391 0.569531 0.649414 0.570312 0.648438 0.570312 0.647461 0.571094 0.646484 0.571094 0.645508 0.572656 0.643555 0.572656 0.626953 0.571875 0.625977 0.571875 0.625000 0.571094 0.624023 0.571094 0.621094 0.570312 0.620117 0.570312 0.618164 0.569531 0.617188 0.569531 0.615234 0.568750 0.614258 0.568750 0.613281 0.567969 0.612305 0.567969 0.611328 0.567187 0.610352 0.567187 0.609375 0.564844 0.606445 0.564844 0.605469 0.559375 0.598633 0.558594 0.598633 0.557031 0.596680 0.556250 0.596680 0.554688 0.594727 0.553906 0.594727 0.553125 0.593750 0.551562 0.593750 0.550781 0.592773 0.550000 0.592773 0.549219 0.591797 0.548438 0.591797 0.547656 0.590820
12 0.094531 0.237305 0.094531 0.238281 0.093750 0.239258 0.093750 0.240234 0.092969 0.241211 0.092969 0.245117 0.092188 0.246094 0.092188 0.250000 0.092969 0.250977 0.092969 0.253906 0.093750 0.254883 0.093750 0.255859 0.097656 0.260742 0.099219 0.260742 0.102344 0.264648 0.103125 0.264648 0.104688 0.266602 0.105469 0.266602 0.106250 0.267578 0.106250 0.269531 0.107031 0.270508 0.106250 0.271484 0.106250 0.274414 0.105469 0.275391 0.105469 0.278320 0.104688 0.279297 0.104688 0.286133 0.103906 0.287109 0.103906 0.293945 0.104688 0.294922 0.104688 0.295898 0.107031 0.298828 0.107031 0.299805 0.107813 0.299805 0.109375 0.301758 0.124219 0.301758 0.126562 0.298828 0.127344 0.298828 0.132812 0.291992 0.132812 0.291016 0.134375 0.289062 0.134375 0.288086 0.135937 0.286133 0.135937 0.265625 0.135156 0.264648 0.135156 0.263672 0.134375 0.262695 0.134375 0.260742 0.133594 0.259766 0.133594 0.258789 0.132812 0.257812 0.132812 0.256836 0.131250 0.254883 0.131250 0.252930 0.130469 0.251953 0.130469 0.250977 0.128125 0.248047 0.128125 0.247070 0.125781 0.244141 0.125000 0.244141 0.122656 0.241211 0.121875 0.241211 0.121094 0.240234 0.120313 0.240234 0.118750 0.238281 0.117969 0.238281 0.117188 0.237305
7 0.597656 0.904297 0.596875 0.905273 0.596094 0.905273 0.592969 0.909180 0.592187 0.909180 0.590625 0.911133 0.590625 0.912109 0.587500 0.916016 0.587500 0.917969 0.586719 0.918945 0.586719 0.919922 0.585938 0.920898 0.585938 0.941406 0.586719 0.942383 0.586719 0.944336 0.587500 0.945312 0.587500 0.947266 0.588281 0.948242 0.588281 0.949219 0.590625 0.952148 0.590625 0.953125 0.591406 0.954102 0.591406 0.955078 0.592187 0.956055 0.592969 0.956055 0.595313 0.958984 0.608594 0.958984 0.612500 0.954102 0.612500 0.946289 0.611719 0.945312 0.611719 0.943359 0.607812 0.938477 0.607812 0.937500 0.607031 0.936523 0.607031 0.935547 0.606250 0.934570 0.606250 0.933594 0.605469 0.932617 0.605469 0.928711 0.604688 0.927734 0.604688 0.922852 0.608594 0.917969 0.610156 0.917969 0.610938 0.916992 0.612500 0.916992 0.615625 0.913086 0.615625 0.907227 0.614062 0.905273 0.614062 0.904297
5 0.662500 0.815430 0.660937 0.817383 0.660156 0.817383 0.657031 0.821289 0.656250 0.821289 0.655469 0.822266 0.655469 0.823242 0.653906 0.825195 0.653906 0.826172 0.652344 0.828125 0.652344 0.829102 0.651563 0.830078 0.651563 0.832031 0.650000 0.833984 0.650000 0.834961 0.649219 0.835938 0.649219 0.863281 0.650000 0.864258 0.650000 0.865234 0.650781 0.866211 0.650781 0.867188 0.651563 0.868164 0.651563 0.869141 0.652344 0.870117 0.652344 0.871094 0.653906 0.873047 0.653906 0.874023 0.657031 0.877930 0.657031 0.878906 0.657813 0.879883 0.658594 0.879883 0.662500 0.884766 0.663281 0.884766 0.664062 0.885742 0.664844 0.885742 0.666406 0.887695 0.667969 0.887695 0.669531 0.889648 0.677344 0.889648 0.679688 0.886719 0.680469 0.886719 0.681250 0.885742 0.681250 0.884766 0.682031 0.883789 0.682031 0.882812 0.682813 0.881836 0.682813 0.880859 0.683594 0.879883 0.683594 0.878906 0.684375 0.877930 0.684375 0.876953 0.685156 0.875977 0.684375 0.875000 0.684375 0.871094 0.683594 0.870117 0.683594 0.868164 0.682813 0.867188 0.682031 0.867188 0.678906 0.863281 0.678906 0.862305 0.677344 0.860352 0.677344 0.857422 0.676562 0.856445 0.676562 0.854492 0.675000 0.852539 0.675000 0.840820 0.675781 0.839844 0.675781 0.838867 0.678906 0.834961 0.679688 0.834961 0.684375 0.829102 0.684375 0.827148 0.685156 0.826172 0.685156 0.824219 0.684375 0.823242 0.684375 0.820312 0.683594 0.819336 0.683594 0.818359 0.681250 0.815430
10 0.407031 0.056641 0.406250 0.057617 0.405469 0.057617 0.404687 0.058594 0.403125 0.058594 0.402344 0.059570 0.400781 0.059570 0.397656 0.063477 0.397656 0.075195 0.398438 0.076172 0.400000 0.076172 0.400781 0.077148 0.401562 0.077148 0.402344 0.078125 0.403906 0.078125 0.404687 0.079102 0.405469 0.079102 0.406250 0.080078 0.408594 0.080078 0.409375 0.081055 0.418750 0.081055 0.419531 0.082031 0.419531 0.083008 0.420312 0.083984 0.420312 0.089844 0.419531 0.090820 0.419531 0.093750 0.418750 0.094727 0.418750 0.098633 0.417969 0.099609 0.417969 0.105469 0.418750 0.106445 0.418750 0.107422 0.421875 0.111328 0.421875 0.112305 0.425000 0.116211 0.434375 0.116211 0.441406 0.107422 0.441406 0.106445 0.442969 0.104492 0.442969 0.103516 0.444531 0.101562 0.444531 0.079102 0.442969 0.077148 0.442969 0.075195 0.442188 0.074219 0.442188 0.073242 0.435937 0.065430 0.435156 0.065430 0.434375 0.064453 0.433594 0.064453 0.432031 0.062500 0.431250 0.062500 0.429688 0.060547 0.428906 0.060547 0.428125 0.059570 0.426563 0.059570 0.425781 0.058594 0.424219 0.058594 0.423438 0.057617 0.421094 0.057617 0.420312 0.056641
3 0.221875 0.289062 0.220312 0.291016 0.218750 0.291016 0.217969 0.291992 0.216406 0.291992 0.215625 0.292969 0.214844 0.292969 0.214062 0.293945 0.213281 0.293945 0.210938 0.296875 0.210938 0.297852 0.209375 0.299805 0.209375 0.300781 0.208594 0.301758 0.208594 0.302734 0.206250 0.305664 0.206250 0.306641 0.205469 0.307617 0.205469 0.314453 0.206250 0.315430 0.206250 0.316406 0.208594 0.319336 0.208594 0.320312 0.209375 0.321289 0.211719 0.321289 0.212500 0.322266 0.215625 0.322266 0.216406 0.321289 0.219531 0.321289 0.220312 0.322266 0.226562 0.322266 0.227344 0.323242 0.229687 0.323242 0.230469 0.324219 0.231250 0.324219 0.232031 0.325195 0.232813 0.325195 0.233594 0.326172 0.233594 0.327148 0.235156 0.329102 0.235156 0.331055 0.235937 0.332031 0.235156 0.333008 0.235937 0.333984 0.235937 0.345703 0.236719 0.346680 0.236719 0.350586 0.251563 0.350586 0.251563 0.349609 0.252344 0.348633 0.253125 0.348633 0.254688 0.346680 0.254688 0.345703 0.256250 0.343750 0.256250 0.342773 0.257031 0.341797 0.257031 0.339844 0.257812 0.338867 0.257812 0.337891 0.258594 0.336914 0.258594 0.333984 0.259375 0.333008 0.259375 0.317383 0.258594 0.316406 0.258594 0.314453 0.257812 0.313477 0.257812 0.312500 0.257031 0.311523 0.257031 0.310547 0.256250 0.309570 0.256250 0.308594 0.255469 0.307617 0.255469 0.306641 0.254688 0.305664 0.254688 0.304688 0.252344 0.301758 0.252344 0.300781 0.250000 0.297852 0.249219 0.297852 0.247656 0.295898 0.247656 0.294922 0.246094 0.292969 0.245312 0.292969 0.244531 0.291992 0.243750 0.291992 0.242969 0.291016 0.242188 0.291016 0.240625 0.289062
4 0.159375 0.230469 0.157812 0.232422 0.157031 0.232422 0.156250 0.233398 0.155469 0.233398 0.154688 0.234375 0.153906 0.234375 0.152344 0.236328 0.151562 0.236328 0.150000 0.238281 0.150000 0.239258 0.149219 0.240234 0.149219 0.250977 0.150000 0.251953 0.150781 0.251953 0.151562 0.252930 0.153125 0.252930 0.153906 0.253906 0.158594 0.253906 0.159375 0.252930 0.162500 0.252930 0.163281 0.253906 0.164062 0.253906 0.168750 0.259766 0.168750 0.260742 0.169531 0.261719 0.169531 0.267578 0.168750 0.268555 0.168750 0.269531 0.167969 0.270508 0.167969 0.271484 0.167187 0.272461 0.167187 0.275391 0.166406 0.276367 0.166406 0.279297 0.167187 0.280273 0.167187 0.281250 0.170313 0.285156 0.170313 0.286133 0.171094 0.287109 0.171094 0.288086 0.172656 0.290039 0.172656 0.291016 0.184375 0.291016 0.186719 0.288086 0.187500 0.288086 0.187500 0.287109 0.189062 0.285156 0.189062 0.284180 0.190625 0.282227 0.190625 0.281250 0.191406 0.280273 0.191406 0.279297 0.192188 0.278320 0.192188 0.276367 0.192969 0.275391 0.192969 0.273438 0.193750 0.272461 0.193750 0.269531 0.194531 0.268555 0.194531 0.248047 0.192969 0.246094 0.192969 0.245117 0.190625 0.242188 0.190625 0.241211 0.187500 0.237305 0.186719 0.237305 0.184375 0.234375 0.182812 0.234375 0.182031 0.233398 0.181250 0.233398 0.180469 0.232422 0.178906 0.232422 0.178125 0.231445 0.176563 0.231445 0.175781 0.230469
8 0.328125 0.468750 0.327344 0.469727 0.324219 0.469727 0.323437 0.470703 0.321094 0.470703 0.320312 0.471680 0.318750 0.471680 0.317969 0.472656 0.316406 0.472656 0.314844 0.474609 0.314063 0.474609 0.313281 0.475586 0.312500 0.475586 0.310156 0.478516 0.308594 0.478516 0.303906 0.484375 0.303125 0.484375 0.301563 0.486328 0.301563 0.487305 0.300000 0.489258 0.300000 0.490234 0.298438 0.492188 0.298438 0.493164 0.297656 0.494141 0.297656 0.495117 0.296875 0.496094 0.296875 0.497070 0.296094 0.498047 0.296094 0.524414 0.296875 0.525391 0.296875 0.526367 0.298438 0.528320 0.298438 0.529297 0.299219 0.530273 0.299219 0.531250 0.300781 0.533203 0.300781 0.534180 0.302344 0.536133 0.303125 0.536133 0.306250 0.540039 0.307031 0.540039 0.307812 0.541016 0.308594 0.541016 0.310156 0.542969 0.316406 0.542969 0.317188 0.541992 0.317969 0.541992 0.321094 0.538086 0.321094 0.535156 0.321875 0.534180 0.321875 0.532227 0.322656 0.531250 0.322656 0.523438 0.321875 0.522461 0.321875 0.521484 0.321094 0.520508 0.321094 0.519531 0.320312 0.518555 0.320312 0.516602 0.319531 0.515625 0.319531 0.513672 0.318750 0.512695 0.318750 0.511719 0.319531 0.510742 0.319531 0.509766 0.320312 0.508789 0.320312 0.507812 0.321094 0.506836 0.321875 0.506836 0.322656 0.505859 0.325781 0.505859 0.326562 0.504883 0.334375 0.504883 0.335938 0.506836 0.337500 0.506836 0.338281 0.505859 0.342187 0.505859 0.342969 0.504883 0.344531 0.504883 0.345313 0.503906 0.346875 0.503906 0.348438 0.501953 0.348438 0.481445 0.347656 0.481445 0.346875 0.480469 0.346875 0.478516 0.345313 0.476562 0.345313 0.475586 0.344531 0.475586 0.342969 0.473633 0.342187 0.473633 0.340625 0.471680 0.339844 0.471680 0.339062 0.470703 0.338281 0.470703 0.337500 0.469727 0.335938 0.469727 0.335156 0.468750
10 0.046094 0.883789 0.044531 0.885742 0.043750 0.885742 0.042969 0.886719 0.041406 0.886719 0.040625 0.887695 0.039844 0.887695 0.039062 0.888672 0.038281 0.888672 0.036719 0.890625 0.035937 0.890625 0.035156 0.891602 0.035156 0.892578 0.034375 0.893555 0.034375 0.894531 0.032813 0.896484 0.032813 0.897461 0.032031 0.898438 0.031250 0.898438 0.031250 0.910156 0.032031 0.910156 0.035156 0.914062 0.035937 0.914062 0.036719 0.915039 0.037500 0.915039 0.038281 0.916016 0.046094 0.916016 0.046875 0.915039 0.048438 0.915039 0.050000 0.913086 0.050781 0.913086 0.050781 0.912109 0.051562 0.911133 0.053125 0.911133 0.053906 0.910156 0.054688 0.910156 0.055469 0.911133 0.056250 0.911133 0.058594 0.914062 0.059375 0.914062 0.060937 0.916016 0.060937 0.920898 0.060156 0.921875 0.060156 0.928711 0.060937 0.929688 0.060937 0.930664 0.061719 0.931641 0.061719 0.932617 0.062500 0.933594 0.080469 0.933594 0.080469 0.932617 0.082031 0.930664 0.082031 0.929688 0.082812 0.928711 0.082812 0.927734 0.084375 0.925781 0.084375 0.924805 0.085156 0.923828 0.085156 0.921875 0.085938 0.920898 0.085938 0.914062 0.085156 0.913086 0.085156 0.910156 0.084375 0.909180 0.084375 0.907227 0.083594 0.906250 0.083594 0.905273 0.082812 0.904297 0.082812 0.902344 0.082031 0.901367 0.082031 0.899414 0.081250 0.898438 0.081250 0.897461 0.074219 0.888672 0.073438 0.888672 0.071875 0.886719 0.071094 0.886719 0.070312 0.885742 0.069531 0.885742 0.068750 0.884766 0.067187 0.884766 0.066406 0.883789
5 0.059375 0.614258 0.058594 0.615234 0.057031 0.615234 0.056250 0.616211 0.055469 0.616211 0.054688 0.617188 0.053125 0.617188 0.052344 0.618164 0.051562 0.618164 0.050781 0.619141 0.050000 0.619141 0.048438 0.621094 0.047656 0.621094 0.046875 0.622070 0.046875 0.623047 0.046094 0.624023 0.046094 0.625000 0.045312 0.625977 0.044531 0.625977 0.043750 0.626953 0.043750 0.627930 0.042969 0.628906 0.042969 0.629883 0.041406 0.631836 0.041406 0.632812 0.039844 0.634766 0.039844 0.636719 0.039062 0.637695 0.039062 0.638672 0.038281 0.639648 0.038281 0.641602 0.037500 0.642578 0.037500 0.646484 0.038281 0.647461 0.038281 0.649414 0.039062 0.650391 0.039062 0.654297 0.053906 0.654297 0.053906 0.653320 0.054688 0.652344 0.054688 0.651367 0.056250 0.649414 0.057031 0.649414 0.059375 0.646484 0.060156 0.646484 0.060937 0.645508 0.064062 0.645508 0.064844 0.644531 0.068750 0.644531 0.069531 0.645508 0.072656 0.645508 0.073438 0.646484 0.076563 0.646484 0.077344 0.647461 0.078125 0.646484 0.078906 0.646484 0.079687 0.647461 0.081250 0.647461 0.082031 0.646484 0.084375 0.646484 0.085938 0.644531 0.086719 0.644531 0.088281 0.642578 0.089063 0.642578 0.089844 0.641602 0.089844 0.623047 0.082812 0.614258
10 0.714063 0.598633 0.713281 0.599609 0.711719 0.599609 0.705469 0.607422 0.705469 0.608398 0.703906 0.610352 0.703906 0.612305 0.703125 0.613281 0.703125 0.614258 0.702344 0.615234 0.702344 0.616211 0.701562 0.617188 0.701562 0.619141 0.700781 0.620117 0.700781 0.649414 0.701562 0.650391 0.701562 0.651367 0.702344 0.652344 0.702344 0.653320 0.705469 0.657227 0.705469 0.658203 0.708594 0.662109 0.709375 0.662109 0.711719 0.665039 0.712500 0.665039 0.713281 0.666016 0.714063 0.666016 0.714844 0.666992 0.715625 0.666992 0.717187 0.668945 0.718750 0.668945 0.720313 0.670898 0.721094 0.670898 0.721875 0.671875 0.733594 0.671875 0.734375 0.670898 0.737500 0.670898 0.739062 0.668945 0.740625 0.668945 0.741406 0.667969 0.742188 0.667969 0.742969 0.666992 0.742969 0.643555 0.742188 0.643555 0.741406 0.642578 0.739844 0.642578 0.739062 0.641602 0.738281 0.641602 0.737500 0.640625 0.735938 0.640625 0.733594 0.637695 0.732812 0.637695 0.729688 0.633789 0.729688 0.631836 0.728906 0.630859 0.728906 0.629883 0.728125 0.628906 0.728125 0.615234 0.728906 0.614258 0.728906 0.608398 0.729688 0.607422 0.729688 0.606445 0.728125 0.604492 0.728125 0.601562 0.726562 0.599609 0.726562 0.598633
8 0.370312 0.045898 0.369531 0.046875 0.368750 0.046875 0.367188 0.048828 0.367188 0.050781 0.366406 0.051758 0.366406 0.057617 0.365625 0.058594 0.365625 0.064453 0.364844 0.065430 0.364844 0.068359 0.365625 0.069336 0.365625 0.070312 0.362500 0.074219 0.350781 0.074219 0.350000 0.073242 0.347656 0.073242 0.346875 0.074219 0.345313 0.074219 0.344531 0.075195 0.343750 0.075195 0.340625 0.079102 0.340625 0.080078 0.339844 0.081055 0.339062 0.081055 0.339062 0.096680 0.340625 0.098633 0.340625 0.099609 0.342969 0.102539 0.343750 0.102539 0.344531 0.103516 0.345313 0.103516 0.346875 0.105469 0.350000 0.105469 0.351562 0.107422 0.360156 0.107422 0.360938 0.106445 0.363281 0.106445 0.364063 0.105469 0.364844 0.105469 0.365625 0.104492 0.367969 0.104492 0.368750 0.103516 0.369531 0.103516 0.370312 0.102539 0.371094 0.102539 0.375000 0.097656 0.375781 0.097656 0.377344 0.095703 0.377344 0.094727 0.378125 0.093750 0.378906 0.093750 0.379688 0.092773 0.379688 0.091797 0.380469 0.090820 0.381250 0.090820 0.381250 0.089844 0.382812 0.087891 0.382812 0.086914 0.383594 0.085938 0.383594 0.084961 0.385156 0.083008 0.385156 0.056641 0.384375 0.056641 0.383594 0.055664 0.383594 0.054688 0.381250 0.051758 0.381250 0.050781 0.379688 0.048828 0.378906 0.048828 0.377344 0.046875 0.375781 0.046875 0.375000 0.045898
2 0.418750 0.500977 0.417969 0.501953 0.413281 0.501953 0.412500 0.502930 0.411719 0.502930 0.410938 0.503906 0.410156 0.503906 0.409375 0.504883 0.408594 0.504883 0.406250 0.507812 0.406250 0.508789 0.405469 0.509766 0.405469 0.511719 0.407031 0.513672 0.410156 0.513672 0.410938 0.514648 0.411719 0.514648 0.412500 0.515625 0.412500 0.532227 0.410938 0.534180 0.410156 0.534180 0.409375 0.535156 0.406250 0.535156 0.405469 0.536133 0.401562 0.536133 0.400781 0.535156 0.399219 0.535156 0.398438 0.534180 0.396875 0.534180 0.396094 0.533203 0.389844 0.533203 0.389062 0.534180 0.388281 0.534180 0.386719 0.536133 0.385937 0.536133 0.385937 0.549805 0.387500 0.551758 0.387500 0.552734 0.389062 0.554688 0.389844 0.554688 0.390625 0.555664 0.392188 0.555664 0.392969 0.556641 0.393750 0.556641 0.394531 0.557617 0.400000 0.557617 0.400781 0.558594 0.401562 0.558594 0.403125 0.560547 0.421094 0.560547 0.421875 0.559570 0.422656 0.559570 0.423438 0.558594 0.424219 0.558594 0.425000 0.557617 0.425781 0.557617 0.426563 0.556641 0.426563 0.555664 0.427344 0.554688 0.427344 0.552734 0.428125 0.551758 0.428125 0.547852 0.429688 0.545898 0.431250 0.545898 0.432031 0.544922 0.432812 0.544922 0.435156 0.541992 0.435156 0.541016 0.436719 0.539062 0.436719 0.511719 0.434375 0.508789 0.434375 0.507812 0.428906 0.500977
2 0.485156 0.270508 0.482031 0.274414 0.482031 0.275391 0.481250 0.276367 0.481250 0.277344 0.480469 0.278320 0.480469 0.282227 0.481250 0.283203 0.481250 0.285156 0.482031 0.286133 0.482031 0.287109 0.485156 0.291016 0.485156 0.291992 0.485938 0.292969 0.485938 0.293945 0.487500 0.295898 0.487500 0.297852 0.488281 0.298828 0.487500 0.299805 0.487500 0.301758 0.485156 0.304688 0.484375 0.304688 0.482031 0.307617 0.481250 0.307617 0.478125 0.311523 0.476562 0.311523 0.475000 0.313477 0.473438 0.313477 0.472656 0.314453 0.471875 0.314453 0.469531 0.317383 0.469531 0.318359 0.468750 0.319336 0.468750 0.327148 0.469531 0.328125 0.469531 0.329102 0.470313 0.330078 0.470313 0.331055 0.471094 0.332031 0.495312 0.332031 0.496094 0.331055 0.497656 0.331055 0.498437 0.330078 0.500000 0.330078 0.502344 0.327148 0.502344 0.326172 0.507812 0.319336 0.507812 0.318359 0.509375 0.316406 0.509375 0.315430 0.510156 0.314453 0.510156 0.313477 0.510938 0.312500 0.510938 0.311523 0.511719 0.310547 0.511719 0.308594 0.512500 0.307617 0.512500 0.305664 0.513281 0.304688 0.513281 0.289062 0.512500 0.288086 0.512500 0.285156 0.511719 0.284180 0.511719 0.283203 0.510938 0.282227 0.510938 0.281250 0.508594 0.278320 0.508594 0.277344 0.503125 0.270508
12 0.264844 0.214844 0.263281 0.216797 0.262500 0.216797 0.257031 0.223633 0.257031 0.224609 0.256250 0.225586 0.256250 0.252930 0.257031 0.253906 0.257031 0.255859 0.258594 0.257812 0.258594 0.258789 0.259375 0.259766 0.259375 0.260742 0.261719 0.263672 0.261719 0.264648 0.267969 0.272461 0.268750 0.272461 0.270313 0.274414 0.271094 0.274414 0.271875 0.275391 0.273438 0.275391 0.274219 0.276367 0.275000 0.276367 0.275781 0.277344 0.276562 0.277344 0.277344 0.278320 0.293750 0.278320 0.294531 0.277344 0.296094 0.277344 0.296875 0.276367 0.297656 0.276367 0.298438 0.275391 0.299219 0.275391 0.300781 0.273438 0.301563 0.273438 0.303125 0.271484 0.303125 0.259766 0.302344 0.258789 0.301563 0.258789 0.300000 0.256836 0.299219 0.256836 0.298438 0.255859 0.296875 0.255859 0.296094 0.254883 0.294531 0.254883 0.293750 0.253906 0.292187 0.253906 0.291406 0.252930 0.287500 0.252930 0.286719 0.251953 0.285938 0.251953 0.283594 0.249023 0.283594 0.242188 0.284375 0.241211 0.284375 0.239258 0.285156 0.238281 0.285156 0.236328 0.285938 0.235352 0.285938 0.234375 0.286719 0.233398 0.286719 0.232422 0.287500 0.231445 0.287500 0.228516 0.288281 0.227539 0.288281 0.222656 0.287500 0.221680 0.287500 0.220703 0.285938 0.218750 0.285156 0.218750 0.284375 0.217773 0.283594 0.217773 0.282813 0.216797 0.280469 0.216797 0.279687 0.215820 0.278906 0.215820 0.278125 0.214844
12 0.848437 0.935547 0.847656 0.936523 0.846094 0.936523 0.845313 0.937500 0.842969 0.937500 0.842187 0.938477 0.841406 0.938477 0.840625 0.939453 0.839844 0.939453 0.839063 0.940430 0.838281 0.940430 0.837500 0.941406 0.836719 0.941406 0.832812 0.946289 0.832812 0.947266 0.832031 0.948242 0.832031 0.949219 0.830469 0.951172 0.830469 0.971680 0.832031 0.973633 0.832812 0.973633 0.834375 0.975586 0.835156 0.975586 0.835938 0.976562 0.840625 0.976562 0.841406 0.975586 0.842187 0.975586 0.842969 0.974609 0.843750 0.974609 0.846094 0.971680 0.846875 0.971680 0.847656 0.970703 0.851562 0.970703 0.852344 0.971680 0.853906 0.971680 0.855469 0.973633 0.856250 0.973633 0.857031 0.974609 0.857812 0.974609 0.858594 0.975586 0.859375 0.975586 0.860156 0.976562 0.861719 0.976562 0.865625 0.981445 0.865625 0.983398 0.867969 0.986328 0.867969 0.987305 0.868750 0.988281 0.869531 0.988281 0.871094 0.990234 0.871875 0.990234 0.872656 0.991211 0.875781 0.991211 0.876563 0.992188 0.877344 0.992188 0.878125 0.991211 0.880469 0.991211 0.881250 0.990234 0.882812 0.990234 0.882812 0.959961 0.880469 0.957031 0.880469 0.956055 0.879687 0.955078 0.879687 0.954102 0.878906 0.953125 0.878906 0.952148 0.875781 0.948242 0.875000 0.948242 0.869531 0.941406 0.868750 0.941406 0.867969 0.940430 0.867188 0.940430 0.865625 0.938477 0.864062 0.938477 0.863281 0.937500 0.860156 0.937500 0.859375 0.936523 0.857812 0.936523 0.857031 0.935547
11 0.092188 0.807617 0.091406 0.808594 0.090625 0.808594 0.089844 0.809570 0.089063 0.809570 0.088281 0.810547 0.086719 0.810547 0.085938 0.811523 0.085156 0.811523 0.084375 0.812500 0.083594 0.812500 0.082812 0.813477 0.082031 0.813477 0.079687 0.816406 0.078906 0.816406 0.078125 0.817383 0.077344 0.817383 0.072656 0.823242 0.072656 0.824219 0.071875 0.825195 0.071875 0.826172 0.071094 0.827148 0.070312 0.827148 0.066406 0.832031 0.066406 0.842773 0.068750 0.845703 0.068750 0.849609 0.069531 0.850586 0.069531 0.859375 0.070312 0.860352 0.070312 0.861328 0.071094 0.862305 0.071094 0.864258 0.071875 0.865234 0.071875 0.866211 0.072656 0.867188 0.072656 0.868164 0.075000 0.871094 0.075000 0.872070 0.079687 0.877930 0.080469 0.877930 0.081250 0.878906 0.082031 0.878906 0.083594 0.880859 0.103125 0.880859 0.107813 0.875000 0.108594 0.875000 0.109375 0.874023 0.110156 0.874023 0.110937 0.873047 0.112500 0.873047 0.113281 0.872070 0.116406 0.872070 0.117188 0.871094 0.117969 0.871094 0.118750 0.872070 0.121094 0.872070 0.121875 0.873047 0.129688 0.873047 0.130469 0.872070 0.131250 0.872070 0.132031 0.871094 0.132812 0.871094 0.138281 0.864258 0.138281 0.863281 0.140625 0.860352 0.140625 0.859375 0.142187 0.857422 0.142187 0.856445 0.142969 0.855469 0.142969 0.852539 0.144531 0.850586 0.144531 0.836914 0.143750 0.835938 0.143750 0.834961 0.142187 0.833008 0.142187 0.832031 0.137500 0.826172 0.137500 0.825195 0.135937 0.823242 0.135937 0.822266 0.135156 0.822266 0.132031 0.818359 0.131250 0.818359 0.130469 0.817383 0.129688 0.817383 0.128906 0.816406 0.128125 0.816406 0.127344 0.815430 0.126562 0.815430 0.125000 0.813477 0.124219 0.813477 0.123438 0.812500 0.122656 0.812500 0.121094 0.810547 0.120313 0.810547 0.119531 0.809570 0.117188 0.809570 0.115625 0.807617
0 0.291406 0.376953 0.290625 0.377930 0.289062 0.377930 0.287500 0.379883 0.286719 0.379883 0.285156 0.381836 0.284375 0.381836 0.283594 0.382812 0.282031 0.382812 0.281250 0.383789 0.280469 0.383789 0.278906 0.385742 0.277344 0.385742 0.276562 0.386719 0.275000 0.386719 0.275000 0.398438 0.277344 0.401367 0.278125 0.401367 0.278906 0.402344 0.279687 0.402344 0.280469 0.403320 0.281250 0.403320 0.282031 0.404297 0.282813 0.404297 0.283594 0.405273 0.284375 0.405273 0.285156 0.406250 0.286719 0.406250 0.287500 0.407227 0.288281 0.407227 0.289062 0.408203 0.293750 0.408203 0.294531 0.409180 0.303906 0.409180 0.304688 0.408203 0.306250 0.408203 0.307031 0.407227 0.308594 0.407227 0.309375 0.406250 0.310937 0.406250 0.311719 0.405273 0.312500 0.405273 0.314063 0.403320 0.314844 0.403320 0.317188 0.400391 0.317188 0.399414 0.318750 0.397461 0.318750 0.395508 0.319531 0.394531 0.319531 0.393555 0.320312 0.392578 0.320312 0.383789 0.319531 0.382812 0.319531 0.381836 0.317188 0.378906 0.316406 0.378906 0.314844 0.376953
2 0.809375 0.121094 0.808594 0.122070 0.807031 0.122070 0.804688 0.125000 0.803906 0.125000 0.799219 0.130859 0.799219 0.131836 0.798438 0.132812 0.797656 0.132812 0.797656 0.133789 0.796094 0.135742 0.796094 0.136719 0.795312 0.137695 0.795312 0.138672 0.794531 0.139648 0.794531 0.140625 0.792969 0.142578 0.792969 0.145508 0.792188 0.146484 0.792188 0.148438 0.791406 0.149414 0.791406 0.160156 0.792188 0.161133 0.792188 0.163086 0.791406 0.164062 0.791406 0.165039 0.792188 0.166016 0.792188 0.173828 0.792969 0.174805 0.792969 0.177734 0.793750 0.178711 0.793750 0.179688 0.794531 0.180664 0.794531 0.181641 0.795312 0.182617 0.795312 0.183594 0.796875 0.185547 0.796875 0.186523 0.799219 0.189453 0.800000 0.189453 0.801562 0.191406 0.802344 0.191406 0.804688 0.194336 0.817187 0.194336 0.818750 0.192383 0.818750 0.191406 0.819531 0.190430 0.819531 0.187500 0.820312 0.186523 0.820312 0.184570 0.819531 0.183594 0.819531 0.182617 0.820312 0.181641 0.820312 0.179688 0.819531 0.178711 0.819531 0.169922 0.818750 0.168945 0.818750 0.166992 0.817969 0.166016 0.817969 0.165039 0.817187 0.164062 0.817187 0.159180 0.819531 0.156250 0.819531 0.155273 0.821875 0.152344 0.822656 0.152344 0.823438 0.151367 0.824219 0.151367 0.825781 0.149414 0.826562 0.149414 0.828125 0.147461 0.828906 0.147461 0.831250 0.144531 0.831250 0.143555 0.832031 0.142578 0.832031 0.137695 0.831250 0.136719 0.831250 0.131836 0.830469 0.130859 0.830469 0.127930 0.828906 0.125977 0.828906 0.125000 0.828125 0.124023 0.828125 0.123047 0.827344 0.122070 0.827344 0.121094
10 0.092188 0.110352 0.090625 0.112305 0.089844 0.112305 0.085156 0.118164 0.085156 0.119141 0.084375 0.120117 0.084375 0.134766 0.085938 0.136719 0.087500 0.136719 0.088281 0.137695 0.089844 0.137695 0.090625 0.138672 0.097656 0.138672 0.098437 0.137695 0.099219 0.137695 0.100000 0.136719 0.100781 0.136719 0.101562 0.135742 0.105469 0.135742 0.107031 0.137695 0.107813 0.137695 0.108594 0.138672 0.110156 0.138672 0.112500 0.141602 0.113281 0.141602 0.114844 0.143555 0.114844 0.144531 0.115625 0.145508 0.115625 0.146484 0.117188 0.148438 0.117188 0.149414 0.117969 0.150391 0.133594 0.150391 0.133594 0.147461 0.134375 0.146484 0.134375 0.143555 0.133594 0.142578 0.133594 0.136719 0.132812 0.135742 0.132812 0.132812 0.132031 0.131836 0.132031 0.130859 0.131250 0.129883 0.131250 0.127930 0.129688 0.125977 0.129688 0.125000 0.127344 0.122070 0.127344 0.121094 0.125781 0.119141 0.125781 0.118164 0.123438 0.115234 0.122656 0.115234 0.119531 0.111328 0.118750 0.111328 0.117969 0.110352
11 0.028125 0.128906 0.026562 0.130859 0.024219 0.130859 0.022656 0.132812 0.021094 0.132812 0.020313 0.133789 0.018750 0.133789 0.017969 0.134766 0.017188 0.134766 0.007812 0.146484 0.007812 0.147461 0.007031 0.148438 0.007031 0.149414 0.006250 0.150391 0.006250 0.152344 0.005469 0.153320 0.005469 0.154297 0.004687 0.155273 0.004687 0.156250 0.003906 0.157227 0.003906 0.158203 0.001563 0.161133 0.001563 0.167969 0.003125 0.169922 0.003125 0.170898 0.003906 0.171875 0.006250 0.171875 0.007031 0.172852 0.010937 0.172852 0.011719 0.173828 0.013281 0.173828 0.014844 0.175781 0.016406 0.175781 0.017188 0.176758 0.017969 0.176758 0.018750 0.177734 0.021875 0.177734 0.022656 0.178711 0.023438 0.178711 0.024219 0.177734 0.025781 0.177734 0.026562 0.178711 0.028125 0.178711 0.028906 0.177734 0.032031 0.177734 0.032813 0.176758 0.035156 0.176758 0.036719 0.174805 0.037500 0.174805 0.039844 0.171875 0.040625 0.171875 0.041406 0.170898 0.042969 0.170898 0.043750 0.171875 0.044531 0.171875 0.045312 0.172852 0.045312 0.174805 0.046094 0.175781 0.046094 0.177734 0.047656 0.179688 0.053906 0.179688 0.054688 0.178711 0.055469 0.178711 0.056250 0.177734 0.057031 0.177734 0.057813 0.176758 0.058594 0.176758 0.059375 0.175781 0.060156 0.175781 0.060937 0.174805 0.063281 0.174805 0.064844 0.172852 0.067187 0.172852 0.068750 0.170898 0.069531 0.170898 0.071094 0.168945 0.071875 0.168945 0.071875 0.147461 0.069531 0.144531 0.069531 0.143555 0.062500 0.134766 0.061719 0.134766 0.060156 0.132812 0.058594 0.132812 0.057031 0.130859 0.056250 0.130859 0.054688 0.128906
4 0.107813 0.537109 0.106250 0.539062 0.105469 0.539062 0.103906 0.541016 0.103906 0.541992 0.102344 0.543945 0.102344 0.544922 0.101562 0.545898 0.101562 0.546875 0.100781 0.547852 0.100781 0.548828 0.099219 0.550781 0.099219 0.585938 0.100000 0.586914 0.100000 0.588867 0.100781 0.589844 0.100781 0.590820 0.103906 0.594727 0.103906 0.595703 0.104688 0.596680 0.104688 0.597656 0.106250 0.599609 0.107031 0.599609 0.107813 0.600586 0.107813 0.601562 0.109375 0.603516 0.110156 0.603516 0.112500 0.606445 0.113281 0.606445 0.114062 0.607422 0.114062 0.608398 0.114844 0.608398 0.115625 0.609375 0.116406 0.609375 0.117969 0.611328 0.119531 0.611328 0.120313 0.612305 0.121875 0.612305 0.122656 0.613281 0.127344 0.613281 0.128125 0.612305 0.130469 0.612305 0.131250 0.611328 0.131250 0.583984 0.130469 0.583984 0.129688 0.583008 0.128906 0.583008 0.126562 0.580078 0.125781 0.580078 0.125000 0.579102 0.124219 0.579102 0.123438 0.578125 0.123438 0.577148 0.121094 0.574219 0.121094 0.573242 0.120313 0.572266 0.120313 0.569336 0.119531 0.568359 0.119531 0.561523 0.120313 0.560547 0.120313 0.556641 0.121094 0.555664 0.121094 0.552734 0.121875 0.551758 0.121875 0.546875 0.121094 0.545898 0.121094 0.542969 0.119531 0.541016 0.119531 0.540039 0.118750 0.540039 0.117188 0.538086 0.116406 0.538086 0.115625 0.537109
11 0.883594 0.367188 0.878906 0.373047 0.878906 0.374023 0.878125 0.375000 0.878125 0.375977 0.877344 0.376953 0.877344 0.377930 0.876563 0.378906 0.876563 0.379883 0.875781 0.380859 0.875781 0.388672 0.876563 0.389648 0.876563 0.392578 0.875781 0.393555 0.875781 0.394531 0.875000 0.395508 0.875000 0.396484 0.874219 0.397461 0.874219 0.399414 0.871875 0.402344 0.869531 0.402344 0.868750 0.403320 0.864844 0.403320 0.864062 0.404297 0.863281 0.404297 0.861719 0.406250 0.860938 0.406250 0.858594 0.409180 0.858594 0.410156 0.857812 0.411133 0.857812 0.412109 0.857031 0.413086 0.857031 0.414062 0.855469 0.416016 0.855469 0.416992 0.854688 0.417969 0.854688 0.418945 0.853906 0.419922 0.854688 0.420898 0.854688 0.422852 0.855469 0.423828 0.855469 0.425781 0.856250 0.426758 0.856250 0.428711 0.857031 0.429688 0.857031 0.430664 0.858594 0.432617 0.858594 0.433594 0.859375 0.434570 0.859375 0.435547 0.866406 0.444336 0.867188 0.444336 0.868750 0.446289 0.900000 0.446289 0.900781 0.445312 0.901563 0.445312 0.902344 0.444336 0.903125 0.444336 0.903906 0.443359 0.904687 0.443359 0.905469 0.442383 0.906250 0.442383 0.910156 0.437500 0.910156 0.436523 0.914844 0.430664 0.915625 0.430664 0.919531 0.425781 0.919531 0.424805 0.920312 0.423828 0.920312 0.422852 0.921094 0.421875 0.921094 0.420898 0.922656 0.418945 0.922656 0.417969 0.923438 0.416992 0.923438 0.416016 0.924219 0.415039 0.924219 0.414062 0.925000 0.413086 0.925000 0.410156 0.925781 0.409180 0.925781 0.403320 0.926562 0.402344 0.926562 0.397461 0.925781 0.396484 0.926562 0.395508 0.926562 0.394531 0.925781 0.393555 0.925781 0.391602 0.925000 0.390625 0.925000 0.388672 0.923438 0.386719 0.921875 0.386719 0.920312 0.384766 0.920312 0.383789 0.918750 0.381836 0.918750 0.380859 0.917188 0.378906 0.917188 0.376953 0.916406 0.375977 0.916406 0.374023 0.914844 0.372070 0.914844 0.371094 0.914062 0.371094 0.913281 0.370117 0.912500 0.370117 0.910937 0.368164 0.910937 0.367188
2 0.488281 0.197266 0.487500 0.198242 0.486719 0.198242 0.485938 0.199219 0.485156 0.199219 0.483594 0.201172 0.483594 0.202148 0.482812 0.203125 0.482812 0.204102 0.482031 0.205078 0.481250 0.205078 0.481250 0.239258 0.482812 0.241211 0.482812 0.242188 0.483594 0.243164 0.483594 0.245117 0.486719 0.249023 0.486719 0.250000 0.489063 0.252930 0.489063 0.253906 0.491406 0.256836 0.492188 0.256836 0.494531 0.259766 0.495312 0.259766 0.497656 0.262695 0.499219 0.262695 0.500000 0.263672 0.500781 0.263672 0.501563 0.264648 0.502344 0.264648 0.503125 0.265625 0.504687 0.265625 0.505469 0.266602 0.522656 0.266602 0.524219 0.264648 0.525781 0.264648 0.526563 0.263672 0.527344 0.263672 0.528125 0.262695 0.528906 0.262695 0.530469 0.260742 0.531250 0.260742 0.533594 0.257812 0.534375 0.257812 0.534375 0.242188 0.533594 0.242188 0.530469 0.238281 0.530469 0.237305 0.528906 0.235352 0.526563 0.235352 0.525781 0.234375 0.525000 0.234375 0.524219 0.235352 0.521094 0.235352 0.520312 0.236328 0.519531 0.235352 0.516406 0.235352 0.515625 0.234375 0.514844 0.234375 0.513281 0.232422 0.512500 0.232422 0.505469 0.223633 0.505469 0.222656 0.504687 0.221680 0.504687 0.220703 0.503906 0.219727 0.503906 0.215820 0.503125 0.214844 0.503125 0.211914 0.502344 0.210938 0.502344 0.209961 0.501563 0.208984 0.501563 0.208008 0.499219 0.205078 0.499219 0.204102 0.498437 0.204102 0.497656 0.203125 0.497656 0.202148 0.494531 0.198242 0.492969 0.198242 0.492188 0.197266
4 0.022656 0.087891 0.021875 0.088867 0.021094 0.088867 0.020313 0.089844 0.019531 0.089844 0.015625 0.094727 0.014844 0.094727 0.010937 0.099609 0.010937 0.100586 0.010156 0.101562 0.010156 0.102539 0.009375 0.103516 0.008594 0.103516 0.007812 0.104492 0.007812 0.105469 0.007031 0.106445 0.007031 0.108398 0.006250 0.109375 0.006250 0.110352 0.005469 0.111328 0.005469 0.113281 0.004687 0.114258 0.004687 0.116211 0.003906 0.117188 0.003906 0.124023 0.003125 0.125000 0.003125 0.134766 0.003906 0.135742 0.003906 0.138672 0.004687 0.139648 0.004687 0.141602 0.005469 0.142578 0.024219 0.142578 0.024219 0.141602 0.025000 0.140625 0.025000 0.139648 0.026562 0.137695 0.026562 0.130859 0.025781 0.129883 0.025781 0.127930 0.026562 0.126953 0.026562 0.125000 0.028125 0.123047 0.028125 0.121094 0.028906 0.120117 0.028906 0.118164 0.031250 0.115234 0.033594 0.115234 0.034375 0.114258 0.036719 0.114258 0.037500 0.113281 0.039062 0.113281 0.039844 0.114258 0.043750 0.114258 0.044531 0.115234 0.045312 0.115234 0.046094 0.116211 0.046875 0.116211 0.047656 0.117188 0.048438 0.117188 0.049219 0.118164 0.054688 0.118164 0.055469 0.117188 0.056250 0.117188 0.057031 0.116211 0.057813 0.116211 0.058594 0.115234 0.058594 0.114258 0.060156 0.112305 0.060156 0.103516 0.059375 0.102539 0.059375 0.101562 0.058594 0.100586 0.058594 0.099609 0.057031 0.097656 0.057031 0.096680 0.054688 0.093750 0.053906 0.093750 0.053125 0.092773 0.051562 0.092773 0.050781 0.091797 0.049219 0.091797 0.048438 0.090820 0.046875 0.090820 0.046094 0.089844 0.045312 0.089844 0.043750 0.087891
7 0.545312 0.924805 0.542188 0.928711 0.541406 0.928711 0.538281 0.932617 0.538281 0.936523 0.537500 0.937500 0.537500 0.938477 0.536719 0.939453 0.536719 0.940430 0.535937 0.941406 0.535937 0.960938 0.536719 0.960938 0.539844 0.964844 0.541406 0.964844 0.542188 0.965820 0.544531 0.965820 0.545312 0.964844 0.546094 0.964844 0.546875 0.963867 0.548438 0.963867 0.550781 0.960938 0.551562 0.960938 0.551562 0.959961 0.557031 0.953125 0.558594 0.953125 0.559375 0.952148 0.562500 0.952148 0.563281 0.953125 0.564063 0.953125 0.566406 0.956055 0.567187 0.956055 0.569531 0.958984 0.570312 0.958984 0.571094 0.959961 0.572656 0.959961 0.573438 0.960938 0.574219 0.960938 0.575000 0.961914 0.578125 0.961914 0.578906 0.960938 0.579688 0.960938 0.580469 0.959961 0.581250 0.959961 0.582812 0.958008 0.582812 0.957031 0.584375 0.955078 0.584375 0.940430 0.583594 0.939453 0.583594 0.937500 0.579688 0.932617 0.579688 0.931641 0.578125 0.929688 0.577344 0.929688 0.576562 0.928711 0.572656 0.928711 0.571875 0.927734 0.571094 0.927734 0.570312 0.926758 0.566406 0.926758 0.565625 0.925781 0.564844 0.925781 0.564063 0.924805
8 0.369531 0.258789 0.367969 0.260742 0.367188 0.260742 0.364063 0.264648 0.364063 0.265625 0.360938 0.269531 0.360938 0.270508 0.359375 0.272461 0.359375 0.273438 0.358594 0.274414 0.358594 0.275391 0.357812 0.276367 0.357812 0.277344 0.357031 0.278320 0.357031 0.281250 0.356250 0.282227 0.356250 0.284180 0.355469 0.285156 0.355469 0.311523 0.356250 0.312500 0.356250 0.314453 0.357031 0.315430 0.357031 0.316406 0.358594 0.318359 0.358594 0.319336 0.359375 0.320312 0.359375 0.321289 0.362500 0.325195 0.363281 0.325195 0.364844 0.327148 0.365625 0.327148 0.367188 0.329102 0.367969 0.329102 0.370312 0.332031 0.394531 0.332031 0.394531 0.331055 0.396094 0.329102 0.396094 0.328125 0.396875 0.327148 0.396875 0.326172 0.398438 0.324219 0.398438 0.321289 0.399219 0.320312 0.399219 0.315430 0.398438 0.314453 0.398438 0.313477 0.396094 0.310547 0.395313 0.310547 0.394531 0.309570 0.392188 0.309570 0.391406 0.308594 0.390625 0.308594 0.389844 0.307617 0.389062 0.307617 0.384375 0.301758 0.384375 0.300781 0.383594 0.299805 0.383594 0.297852 0.382812 0.296875 0.382812 0.295898 0.381250 0.293945 0.381250 0.288086 0.382031 0.287109 0.382031 0.286133 0.383594 0.284180 0.383594 0.281250 0.385156 0.279297 0.385156 0.277344 0.385937 0.276367 0.385937 0.273438 0.386719 0.272461 0.386719 0.271484 0.385937 0.270508 0.386719 0.269531 0.386719 0.262695 0.385937 0.261719 0.385937 0.260742 0.385156 0.259766 0.385156 0.258789
4 0.827344 0.811523 0.826562 0.812500 0.826562 0.813477 0.825000 0.815430 0.825000 0.816406 0.824219 0.817383 0.824219 0.822266 0.825000 0.823242 0.825000 0.824219 0.825781 0.825195 0.825781 0.828125 0.827344 0.830078 0.827344 0.833008 0.829688 0.835938 0.829688 0.836914 0.832031 0.839844 0.832031 0.840820 0.832812 0.841797 0.832812 0.842773 0.833594 0.843750 0.833594 0.846680 0.830469 0.850586 0.825000 0.850586 0.824219 0.851562 0.821875 0.851562 0.821094 0.850586 0.819531 0.850586 0.818750 0.849609 0.814844 0.849609 0.814063 0.850586 0.810156 0.850586 0.809375 0.851562 0.807031 0.851562 0.806250 0.852539 0.804688 0.852539 0.804688 0.873047 0.807031 0.875977 0.808594 0.875977 0.809375 0.876953 0.810156 0.876953 0.811719 0.878906 0.813281 0.878906 0.814063 0.879883 0.818750 0.879883 0.819531 0.880859 0.831250 0.880859 0.832031 0.879883 0.835156 0.879883 0.835938 0.878906 0.837500 0.878906 0.838281 0.877930 0.839844 0.877930 0.840625 0.876953 0.841406 0.876953 0.842187 0.875977 0.842969 0.875977 0.843750 0.875000 0.844531 0.875000 0.845313 0.874023 0.846094 0.874023 0.848437 0.871094 0.848437 0.870117 0.851562 0.866211 0.851562 0.865234 0.852344 0.864258 0.852344 0.863281 0.853125 0.862305 0.853125 0.861328 0.855469 0.858398 0.855469 0.832031 0.853906 0.830078 0.853906 0.829102 0.851562 0.826172 0.851562 0.825195 0.850781 0.824219 0.850781 0.823242 0.844531 0.815430 0.843750 0.815430 0.842969 0.814453 0.842187 0.814453 0.841406 0.813477 0.840625 0.813477 0.839844 0.812500 0.839844 0.811523
0 0.067969 0.679688 0.067187 0.680664 0.066406 0.680664 0.065625 0.681641 0.064844 0.681641 0.063281 0.683594 0.062500 0.683594 0.061719 0.684570 0.060937 0.684570 0.059375 0.686523 0.058594 0.686523 0.056250 0.689453 0.055469 0.689453 0.054688 0.690430 0.054688 0.691406 0.053125 0.693359 0.052344 0.693359 0.049219 0.697266 0.049219 0.698242 0.046875 0.701172 0.046875 0.702148 0.046094 0.703125 0.046094 0.704102 0.045312 0.705078 0.045312 0.706055 0.043750 0.708008 0.043750 0.732422 0.044531 0.733398 0.044531 0.734375 0.045312 0.735352 0.045312 0.736328 0.047656 0.739258 0.047656 0.740234 0.048438 0.741211 0.048438 0.742188 0.049219 0.742188 0.053125 0.747070 0.065625 0.747070 0.066406 0.746094 0.067187 0.746094 0.067969 0.745117 0.069531 0.745117 0.071094 0.743164 0.071875 0.743164 0.073438 0.741211 0.073438 0.740234 0.074219 0.739258 0.074219 0.734375 0.075000 0.733398 0.075000 0.729492 0.074219 0.728516 0.074219 0.727539 0.075000 0.726562 0.074219 0.725586 0.074219 0.720703 0.075000 0.719727 0.075000 0.718750 0.075781 0.717773 0.075781 0.716797 0.078906 0.712891 0.079687 0.712891 0.079687 0.701172 0.078906 0.700195 0.078906 0.699219 0.078125 0.698242 0.078125 0.696289 0.076563 0.694336 0.076563 0.692383 0.075781 0.691406 0.075781 0.690430 0.074219 0.688477 0.074219 0.686523 0.073438 0.685547 0.073438 0.684570 0.072656 0.683594 0.072656 0.681641 0.071875 0.680664 0.071875 0.679688