2 0.712500 0.907227 0.710938 0.909180 0.709375 0.909180 0.708594 0.910156 0.708594 0.911133 0.707812 0.912109 0.707812 0.915039 0.707031 0.916016 0.707031 0.916992 0.707812 0.917969 0.707812 0.919922 0.707031 0.920898 0.707031 0.926758 0.704688 0.929688 0.703906 0.929688 0.703125 0.928711 0.701562 0.928711 0.700781 0.927734 0.699219 0.927734 0.698438 0.926758 0.691406 0.926758 0.690625 0.927734 0.689063 0.927734 0.688281 0.928711 0.687500 0.928711 0.685937 0.930664 0.685937 0.931641 0.683594 0.934570 0.683594 0.936523 0.682031 0.938477 0.682031 0.945312 0.682813 0.946289 0.682813 0.947266 0.684375 0.949219 0.684375 0.950195 0.685156 0.950195 0.688281 0.954102 0.689063 0.954102 0.689844 0.955078 0.690625 0.955078 0.691406 0.956055 0.692187 0.956055 0.692969 0.957031 0.693750 0.957031 0.694531 0.958008 0.696094 0.958008 0.696875 0.958984 0.713281 0.958984 0.714063 0.958008 0.715625 0.958008 0.716406 0.957031 0.717187 0.957031 0.718750 0.955078 0.720313 0.955078 0.721094 0.954102 0.721875 0.954102 0.723437 0.952148 0.724219 0.952148 0.724219 0.951172 0.725000 0.950195 0.725781 0.950195 0.727344 0.948242 0.727344 0.947266 0.728906 0.945312 0.728906 0.944336 0.729688 0.943359 0.729688 0.942383 0.731250 0.940430 0.731250 0.917969 0.730469 0.916992 0.730469 0.916016 0.729688 0.915039 0.729688 0.913086 0.728906 0.912109 0.728906 0.911133 0.725781 0.907227
11 0.726562 0.107422 0.725000 0.109375 0.723437 0.109375 0.721094 0.112305 0.720313 0.112305 0.718750 0.114258 0.716406 0.114258 0.715625 0.115234 0.714844 0.115234 0.714063 0.116211 0.714063 0.117188 0.712500 0.119141 0.712500 0.120117 0.711719 0.121094 0.711719 0.122070 0.710938 0.123047 0.710938 0.124023 0.710156 0.125000 0.710156 0.126953 0.709375 0.127930 0.709375 0.128906 0.708594 0.129883 0.708594 0.155273 0.710156 0.157227 0.710156 0.158203 0.710938 0.159180 0.710938 0.160156 0.711719 0.161133 0.711719 0.162109 0.712500 0.163086 0.712500 0.164062 0.714063 0.166016 0.714063 0.166992 0.715625 0.168945 0.715625 0.169922 0.717187 0.171875 0.717969 0.171875 0.721875 0.176758 0.722656 0.176758 0.725000 0.179688 0.725781 0.179688 0.726562 0.180664 0.727344 0.180664 0.730469 0.184570 0.732031 0.184570 0.732812 0.185547 0.735156 0.185547 0.735938 0.186523 0.741406 0.186523 0.742188 0.187500 0.742969 0.187500 0.743750 0.186523 0.744531 0.186523 0.745313 0.187500 0.746875 0.187500 0.747656 0.186523 0.750000 0.186523 0.750781 0.185547 0.752344 0.185547 0.753906 0.183594 0.757031 0.183594 0.757812 0.182617 0.758594 0.182617 0.762500 0.177734 0.762500 0.176758 0.763281 0.175781 0.764062 0.175781 0.764062 0.153320 0.763281 0.153320 0.762500 0.152344 0.762500 0.151367 0.761719 0.150391 0.760938 0.150391 0.760156 0.149414 0.759375 0.149414 0.757031 0.146484 0.756250 0.146484 0.755469 0.145508 0.753906 0.145508 0.750781 0.141602 0.750781 0.137695 0.750000 0.136719 0.750781 0.135742 0.750781 0.134766 0.751563 0.133789 0.751563 0.128906 0.750781 0.127930 0.750781 0.124023 0.750000 0.123047 0.750000 0.121094 0.749219 0.120117 0.749219 0.119141 0.748437 0.118164 0.748437 0.116211 0.746094 0.113281 0.745313 0.113281 0.741406 0.108398 0.739844 0.108398 0.739062 0.107422
12 0.117188 0.125977 0.116406 0.126953 0.115625 0.126953 0.114844 0.127930 0.114062 0.127930 0.112500 0.129883 0.110937 0.129883 0.110156 0.130859 0.108594 0.130859 0.107031 0.132812 0.106250 0.132812 0.104688 0.134766 0.103906 0.134766 0.102344 0.136719 0.102344 0.137695 0.096875 0.144531 0.096875 0.145508 0.096094 0.146484 0.096094 0.147461 0.095312 0.148438 0.095312 0.151367 0.094531 0.152344 0.094531 0.153320 0.093750 0.154297 0.093750 0.156250 0.092969 0.157227 0.092969 0.159180 0.092188 0.160156 0.092188 0.164062 0.091406 0.165039 0.091406 0.166016 0.092188 0.166992 0.091406 0.167969 0.091406 0.168945 0.092188 0.169922 0.092188 0.171875 0.092969 0.172852 0.092969 0.174805 0.093750 0.175781 0.093750 0.177734 0.094531 0.178711 0.094531 0.180664 0.095312 0.181641 0.095312 0.182617 0.121875 0.182617 0.121875 0.181641 0.122656 0.180664 0.122656 0.169922 0.123438 0.168945 0.123438 0.166992 0.125781 0.164062 0.126562 0.164062 0.128125 0.162109 0.128906 0.162109 0.134375 0.155273 0.138281 0.155273 0.143750 0.162109 0.143750 0.163086 0.145313 0.165039 0.145313 0.166016 0.147656 0.168945 0.148438 0.168945 0.150000 0.170898 0.150781 0.170898 0.151562 0.171875 0.154688 0.171875 0.155469 0.170898 0.157031 0.170898 0.157812 0.169922 0.159375 0.169922 0.159375 0.144531 0.157031 0.141602 0.157031 0.140625 0.152344 0.134766 0.151562 0.134766 0.150781 0.133789 0.150781 0.132812 0.150000 0.131836 0.149219 0.131836 0.147656 0.129883 0.146875 0.129883 0.146094 0.128906 0.145313 0.128906 0.144531 0.127930 0.143750 0.127930 0.142969 0.126953 0.141406 0.126953 0.140625 0.125977
2 0.377344 0.298828 0.376563 0.299805 0.375781 0.299805 0.373437 0.302734 0.372656 0.302734 0.371094 0.304688 0.370312 0.304688 0.360938 0.316406 0.360938 0.317383 0.360156 0.318359 0.360156 0.319336 0.359375 0.320312 0.359375 0.321289 0.357031 0.324219 0.357031 0.325195 0.356250 0.326172 0.356250 0.327148 0.355469 0.328125 0.355469 0.332031 0.354687 0.333008 0.354687 0.335938 0.353906 0.336914 0.353906 0.347656 0.354687 0.348633 0.354687 0.353516 0.355469 0.354492 0.355469 0.357422 0.356250 0.358398 0.356250 0.360352 0.357031 0.361328 0.374219 0.361328 0.374219 0.360352 0.375000 0.359375 0.375000 0.351562 0.375781 0.350586 0.375781 0.349609 0.375000 0.348633 0.375000 0.346680 0.374219 0.345703 0.374219 0.342773 0.373437 0.341797 0.373437 0.338867 0.377344 0.333984 0.378125 0.333984 0.380469 0.331055 0.381250 0.331055 0.383594 0.328125 0.387500 0.328125 0.388281 0.329102 0.389062 0.329102 0.393750 0.334961 0.394531 0.334961 0.396875 0.337891 0.396875 0.339844 0.397656 0.340820 0.397656 0.341797 0.399219 0.343750 0.401562 0.343750 0.402344 0.342773 0.403125 0.342773 0.405469 0.339844 0.405469 0.338867 0.406250 0.337891 0.406250 0.336914 0.407031 0.335938 0.407031 0.333984 0.407813 0.333008 0.407813 0.332031 0.408594 0.331055 0.408594 0.330078 0.410156 0.328125 0.410938 0.328125 0.410938 0.327148 0.412500 0.325195 0.412500 0.324219 0.413281 0.323242 0.413281 0.319336 0.414062 0.318359 0.413281 0.317383 0.413281 0.315430 0.412500 0.314453 0.412500 0.312500 0.411719 0.311523 0.411719 0.309570 0.410938 0.308594 0.410938 0.306641 0.404687 0.298828
10 0.539844 0.150391 0.539062 0.151367 0.537500 0.151367 0.535937 0.153320 0.535156 0.153320 0.528906 0.161133 0.528906 0.162109 0.527344 0.164062 0.527344 0.165039 0.526563 0.166016 0.526563 0.166992 0.525781 0.167969 0.525781 0.194336 0.526563 0.195312 0.526563 0.196289 0.528125 0.198242 0.528125 0.199219 0.528906 0.200195 0.528906 0.201172 0.530469 0.203125 0.530469 0.204102 0.536719 0.211914 0.537500 0.211914 0.538281 0.212891 0.539844 0.212891 0.542188 0.215820 0.542969 0.215820 0.544531 0.217773 0.546094 0.217773 0.546875 0.218750 0.555469 0.218750 0.556250 0.217773 0.557813 0.217773 0.558594 0.216797 0.560156 0.216797 0.560937 0.215820 0.560937 0.214844 0.563281 0.211914 0.563281 0.206055 0.562500 0.205078 0.562500 0.202148 0.559375 0.198242 0.559375 0.197266 0.554688 0.191406 0.554688 0.190430 0.553906 0.189453 0.553906 0.188477 0.553125 0.187500 0.553125 0.186523 0.552344 0.185547 0.552344 0.181641 0.553125 0.180664 0.553125 0.177734 0.553906 0.176758 0.553906 0.174805 0.555469 0.172852 0.555469 0.171875 0.557813 0.168945 0.558594 0.168945 0.560937 0.166016 0.560937 0.165039 0.561719 0.164062 0.561719 0.163086 0.562500 0.162109 0.562500 0.157227 0.560937 0.155273 0.560937 0.154297 0.559375 0.152344 0.559375 0.151367 0.558594 0.150391
4 0.898438 0.002930 0.897656 0.003906 0.896875 0.003906 0.896094 0.004883 0.894531 0.004883 0.893750 0.005859 0.891406 0.005859 0.890625 0.006836 0.887500 0.006836 0.886719 0.007812 0.885938 0.007812 0.885156 0.008789 0.884375 0.008789 0.880469 0.013672 0.880469 0.014648 0.878906 0.016602 0.878906 0.017578 0.876563 0.020508 0.876563 0.021484 0.875781 0.022461 0.875781 0.023438 0.874219 0.025391 0.874219 0.026367 0.873437 0.027344 0.873437 0.043945 0.875000 0.045898 0.875000 0.046875 0.875781 0.047852 0.875781 0.048828 0.878125 0.051758 0.878125 0.052734 0.878906 0.053711 0.878906 0.054688 0.880469 0.056641 0.880469 0.057617 0.882031 0.059570 0.882031 0.060547 0.885156 0.064453 0.885938 0.064453 0.886719 0.065430 0.887500 0.065430 0.889062 0.067383 0.910937 0.067383 0.910937 0.064453 0.911719 0.063477 0.910937 0.062500 0.910937 0.059570 0.910156 0.058594 0.910156 0.057617 0.907031 0.053711 0.906250 0.053711 0.899219 0.044922 0.899219 0.043945 0.898438 0.042969 0.897656 0.042969 0.896875 0.041992 0.896875 0.041016 0.895312 0.039062 0.895312 0.036133 0.894531 0.035156 0.895312 0.034180 0.895312 0.033203 0.896094 0.032227 0.896094 0.030273 0.896875 0.029297 0.896875 0.028320 0.897656 0.027344 0.897656 0.025391 0.898438 0.024414 0.898438 0.023438 0.899219 0.022461 0.899219 0.020508 0.900000 0.019531 0.899219 0.018555 0.899219 0.016602 0.900000 0.015625 0.900000 0.012695 0.900781 0.011719 0.901563 0.011719 0.902344 0.010742 0.903906 0.010742 0.904687 0.009766 0.905469 0.009766 0.906250 0.008789 0.906250 0.007812 0.907031 0.006836 0.906250 0.005859 0.906250 0.004883 0.905469 0.003906 0.904687 0.003906 0.903906 0.002930
3 0.135937 0.016602 0.135156 0.017578 0.135156 0.018555 0.133594 0.020508 0.133594 0.023438 0.132812 0.024414 0.132812 0.028320 0.133594 0.029297 0.133594 0.030273 0.139844 0.038086 0.139844 0.039062 0.141406 0.041016 0.141406 0.042969 0.142187 0.043945 0.142187 0.051758 0.141406 0.052734 0.141406 0.053711 0.142187 0.054688 0.141406 0.055664 0.141406 0.056641 0.137500 0.061523 0.135937 0.061523 0.135156 0.062500 0.134375 0.062500 0.133594 0.063477 0.130469 0.063477 0.129688 0.064453 0.128906 0.064453 0.128125 0.065430 0.127344 0.065430 0.127344 0.086914 0.128906 0.088867 0.129688 0.088867 0.131250 0.090820 0.132031 0.090820 0.132812 0.091797 0.134375 0.091797 0.135156 0.092773 0.136719 0.092773 0.137500 0.093750 0.139063 0.093750 0.139844 0.094727 0.153125 0.094727 0.154688 0.092773 0.155469 0.092773 0.156250 0.091797 0.157031 0.091797 0.157812 0.090820 0.158594 0.090820 0.161719 0.086914 0.162500 0.086914 0.163281 0.085938 0.163281 0.084961 0.166406 0.081055 0.166406 0.080078 0.167187 0.079102 0.167187 0.078125 0.167969 0.077148 0.167969 0.075195 0.168750 0.074219 0.168750 0.072266 0.169531 0.071289 0.169531 0.069336 0.170313 0.068359 0.170313 0.063477 0.171094 0.062500 0.171094 0.050781 0.170313 0.049805 0.170313 0.046875 0.169531 0.045898 0.169531 0.042969 0.168750 0.041992 0.168750 0.037109 0.167969 0.036133 0.167969 0.035156 0.167187 0.034180 0.167187 0.033203 0.166406 0.032227 0.166406 0.031250 0.165625 0.030273 0.165625 0.028320 0.164844 0.027344 0.164844 0.026367 0.159375 0.019531 0.158594 0.019531 0.156250 0.016602
3 0.167187 0.443359 0.166406 0.444336 0.165625 0.444336 0.164844 0.445312 0.163281 0.445312 0.162500 0.446289 0.161719 0.446289 0.158594 0.450195 0.158594 0.451172 0.154688 0.456055 0.154688 0.457031 0.150781 0.461914 0.150781 0.462891 0.149219 0.464844 0.149219 0.466797 0.148438 0.467773 0.148438 0.469727 0.146875 0.471680 0.146875 0.496094 0.147656 0.497070 0.147656 0.498047 0.148438 0.499023 0.148438 0.500000 0.150000 0.501953 0.150000 0.503906 0.153125 0.507812 0.153125 0.508789 0.157812 0.514648 0.158594 0.514648 0.159375 0.515625 0.160156 0.515625 0.160938 0.516602 0.161719 0.516602 0.162500 0.517578 0.171875 0.517578 0.174219 0.514648 0.174219 0.513672 0.175000 0.512695 0.175000 0.504883 0.174219 0.503906 0.174219 0.502930 0.171875 0.500000 0.171875 0.499023 0.171094 0.498047 0.171094 0.492188 0.171875 0.491211 0.171875 0.489258 0.172656 0.488281 0.172656 0.487305 0.173437 0.486328 0.173437 0.482422 0.174219 0.481445 0.174219 0.480469 0.176563 0.477539 0.177344 0.477539 0.178906 0.475586 0.179688 0.475586 0.180469 0.474609 0.183594 0.474609 0.184375 0.475586 0.185156 0.475586 0.185938 0.476562 0.186719 0.476562 0.188281 0.478516 0.189062 0.478516 0.189844 0.479492 0.191406 0.479492 0.192188 0.478516 0.192969 0.478516 0.193750 0.477539 0.194531 0.477539 0.194531 0.453125 0.192188 0.450195 0.191406 0.450195 0.189844 0.448242 0.188281 0.448242 0.187500 0.447266 0.185938 0.447266 0.184375 0.445312 0.183594 0.445312 0.182812 0.444336 0.181250 0.444336 0.180469 0.443359
12 0.053906 0.295898 0.044531 0.307617 0.044531 0.308594 0.042188 0.311523 0.042188 0.312500 0.041406 0.313477 0.041406 0.315430 0.040625 0.316406 0.040625 0.317383 0.039844 0.318359 0.039844 0.321289 0.038281 0.323242 0.038281 0.341797 0.039062 0.342773 0.039062 0.343750 0.039844 0.344727 0.039844 0.347656 0.040625 0.348633 0.040625 0.350586 0.041406 0.351562 0.041406 0.352539 0.042188 0.353516 0.042188 0.354492 0.042969 0.355469 0.042969 0.356445 0.043750 0.357422 0.043750 0.358398 0.046094 0.361328 0.046094 0.362305 0.047656 0.364258 0.047656 0.365234 0.052344 0.371094 0.053125 0.371094 0.053906 0.372070 0.054688 0.372070 0.056250 0.374023 0.057813 0.374023 0.058594 0.375000 0.082031 0.375000 0.084375 0.372070 0.085156 0.372070 0.086719 0.370117 0.087500 0.370117 0.088281 0.369141 0.088281 0.368164 0.089063 0.367188 0.089063 0.363281 0.088281 0.362305 0.088281 0.360352 0.087500 0.359375 0.087500 0.351562 0.086719 0.350586 0.086719 0.348633 0.084375 0.345703 0.082031 0.345703 0.081250 0.344727 0.078125 0.344727 0.077344 0.343750 0.073438 0.343750 0.071875 0.341797 0.071094 0.341797 0.068750 0.338867 0.068750 0.336914 0.067969 0.335938 0.067969 0.334961 0.067187 0.333984 0.067187 0.333008 0.066406 0.332031 0.066406 0.330078 0.065625 0.329102 0.065625 0.324219 0.066406 0.323242 0.066406 0.322266 0.067969 0.320312 0.067969 0.319336 0.068750 0.318359 0.069531 0.318359 0.069531 0.317383 0.071875 0.314453 0.071875 0.313477 0.073438 0.311523 0.073438 0.308594 0.074219 0.307617 0.074219 0.306641 0.075000 0.305664 0.075000 0.304688 0.074219 0.303711 0.074219 0.299805 0.072656 0.297852 0.072656 0.296875 0.071875 0.295898
4 0.410156 0.597656 0.407813 0.600586 0.407031 0.600586 0.405469 0.602539 0.404687 0.602539 0.400000 0.608398 0.400000 0.609375 0.398438 0.611328 0.398438 0.613281 0.396875 0.615234 0.396875 0.633789 0.397656 0.634766 0.397656 0.635742 0.399219 0.637695 0.399219 0.638672 0.400000 0.639648 0.400000 0.641602 0.400781 0.642578 0.400781 0.644531 0.401562 0.645508 0.401562 0.646484 0.407813 0.654297 0.408594 0.654297 0.409375 0.655273 0.425781 0.655273 0.426563 0.654297 0.427344 0.654297 0.428125 0.653320 0.428906 0.653320 0.430469 0.651367 0.430469 0.649414 0.431250 0.648438 0.431250 0.646484 0.432031 0.645508 0.432031 0.644531 0.432812 0.643555 0.432812 0.642578 0.432031 0.641602 0.432031 0.640625 0.431250 0.639648 0.431250 0.638672 0.429688 0.636719 0.428906 0.636719 0.428125 0.635742 0.425781 0.635742 0.425000 0.634766 0.424219 0.634766 0.421875 0.631836 0.421875 0.630859 0.421094 0.629883 0.421094 0.628906 0.420312 0.627930 0.420312 0.626953 0.419531 0.625977 0.419531 0.623047 0.418750 0.622070 0.418750 0.621094 0.417969 0.620117 0.417969 0.614258 0.418750 0.613281 0.418750 0.612305 0.423438 0.606445 0.423438 0.601562 0.422656 0.600586 0.422656 0.599609 0.421094 0.597656
3 0.180469 0.078125 0.179688 0.079102 0.177344 0.079102 0.176563 0.080078 0.174219 0.080078 0.173437 0.081055 0.172656 0.081055 0.171875 0.082031 0.171094 0.082031 0.170313 0.083008 0.169531 0.083008 0.168750 0.083984 0.166406 0.083984 0.164062 0.086914 0.163281 0.086914 0.160156 0.090820 0.160156 0.091797 0.158594 0.093750 0.158594 0.094727 0.157812 0.095703 0.157812 0.096680 0.156250 0.098633 0.156250 0.099609 0.155469 0.100586 0.155469 0.122070 0.156250 0.123047 0.156250 0.125000 0.157031 0.125977 0.157031 0.126953 0.157812 0.127930 0.157812 0.128906 0.158594 0.129883 0.158594 0.130859 0.159375 0.131836 0.159375 0.132812 0.160938 0.134766 0.160938 0.135742 0.165625 0.141602 0.166406 0.141602 0.167969 0.143555 0.186719 0.143555 0.186719 0.142578 0.187500 0.141602 0.187500 0.139648 0.188281 0.138672 0.188281 0.136719 0.189062 0.135742 0.188281 0.134766 0.188281 0.128906 0.187500 0.127930 0.187500 0.125000 0.186719 0.124023 0.186719 0.123047 0.185938 0.122070 0.185938 0.121094 0.185156 0.120117 0.185156 0.119141 0.184375 0.118164 0.184375 0.112305 0.189844 0.105469 0.190625 0.105469 0.191406 0.104492 0.192188 0.104492 0.192969 0.103516 0.193750 0.103516 0.194531 0.102539 0.194531 0.081055 0.192969 0.081055 0.192188 0.080078 0.190625 0.080078 0.189844 0.079102 0.188281 0.079102 0.187500 0.078125
8 0.472656 0.074219 0.472656 0.075195 0.471094 0.077148 0.471094 0.079102 0.470313 0.080078 0.470313 0.090820 0.468750 0.092773 0.464062 0.092773 0.463281 0.093750 0.462500 0.093750 0.461719 0.094727 0.460938 0.094727 0.460156 0.095703 0.459375 0.095703 0.458594 0.096680 0.453906 0.096680 0.452344 0.094727 0.450781 0.094727 0.450000 0.093750 0.448437 0.093750 0.447656 0.092773 0.446875 0.092773 0.446094 0.091797 0.443750 0.091797 0.442969 0.090820 0.439063 0.090820 0.436719 0.093750 0.436719 0.109375 0.439063 0.112305 0.439063 0.114258 0.439844 0.115234 0.440625 0.115234 0.443750 0.119141 0.444531 0.119141 0.446094 0.121094 0.446875 0.121094 0.448437 0.123047 0.472656 0.123047 0.473438 0.122070 0.475000 0.122070 0.475781 0.121094 0.476562 0.121094 0.477344 0.120117 0.478125 0.120117 0.479687 0.118164 0.481250 0.118164 0.482031 0.117188 0.482812 0.117188 0.484375 0.115234 0.485156 0.115234 0.486719 0.113281 0.487500 0.113281 0.490625 0.109375 0.490625 0.108398 0.492188 0.106445 0.492188 0.105469 0.493750 0.103516 0.493750 0.101562 0.494531 0.100586 0.494531 0.098633 0.495312 0.097656 0.495312 0.094727 0.496094 0.093750 0.496094 0.083008 0.495312 0.082031 0.495312 0.078125 0.494531 0.077148 0.494531 0.076172 0.493750 0.075195 0.493750 0.074219
10 0.624219 0.784180 0.624219 0.786133 0.622656 0.788086 0.622656 0.791016 0.621875 0.791992 0.621875 0.802734 0.622656 0.803711 0.622656 0.806641 0.623437 0.807617 0.623437 0.811523 0.624219 0.812500 0.624219 0.815430 0.625000 0.816406 0.625000 0.817383 0.626563 0.819336 0.626563 0.820312 0.628125 0.822266 0.628125 0.823242 0.628906 0.824219 0.628906 0.825195 0.636719 0.834961 0.638281 0.834961 0.639844 0.836914 0.641406 0.836914 0.642188 0.837891 0.642188 0.838867 0.669531 0.838867 0.669531 0.837891 0.670312 0.836914 0.670312 0.831055 0.669531 0.830078 0.669531 0.826172 0.668750 0.825195 0.668750 0.824219 0.665625 0.820312 0.663281 0.820312 0.661719 0.818359 0.660937 0.818359 0.657031 0.813477 0.656250 0.813477 0.655469 0.812500 0.655469 0.811523 0.654687 0.810547 0.654687 0.809570 0.658594 0.804688 0.658594 0.803711 0.659375 0.802734 0.659375 0.800781 0.658594 0.799805 0.658594 0.798828 0.657813 0.798828 0.657031 0.797852 0.654687 0.797852 0.653906 0.796875 0.650781 0.796875 0.649219 0.794922 0.649219 0.793945 0.648438 0.792969 0.648438 0.791016 0.647656 0.790039 0.647656 0.787109 0.646094 0.785156 0.646094 0.784180
3 0.836719 0.777344 0.836719 0.778320 0.835156 0.780273 0.835156 0.782227 0.834375 0.783203 0.834375 0.791016 0.835938 0.792969 0.835938 0.793945 0.836719 0.794922 0.836719 0.795898 0.837500 0.796875 0.837500 0.797852 0.839844 0.800781 0.839844 0.801758 0.843750 0.806641 0.844531 0.806641 0.845313 0.807617 0.846094 0.807617 0.846875 0.808594 0.847656 0.808594 0.849219 0.810547 0.850000 0.810547 0.850781 0.811523 0.851562 0.811523 0.852344 0.812500 0.873437 0.812500 0.875000 0.810547 0.875781 0.810547 0.878125 0.807617 0.878906 0.807617 0.882812 0.802734 0.882812 0.801758 0.884375 0.799805 0.884375 0.798828 0.885938 0.796875 0.885938 0.783203 0.885156 0.783203 0.883594 0.781250 0.882031 0.781250 0.881250 0.780273 0.878906 0.780273 0.878125 0.779297 0.870313 0.779297 0.869531 0.780273 0.867188 0.780273 0.866406 0.781250 0.864062 0.781250 0.863281 0.782227 0.861719 0.782227 0.860938 0.783203 0.856250 0.783203 0.855469 0.782227 0.854688 0.782227 0.851562 0.778320 0.851562 0.777344
11 0.162500 0.573242 0.160938 0.575195 0.160156 0.575195 0.154688 0.582031 0.154688 0.583008 0.153906 0.583984 0.153906 0.593750 0.156250 0.596680 0.156250 0.597656 0.157031 0.598633 0.157031 0.599609 0.157812 0.600586 0.157812 0.606445 0.157031 0.607422 0.157031 0.609375 0.156250 0.610352 0.156250 0.617188 0.157812 0.619141 0.158594 0.619141 0.159375 0.620117 0.160156 0.620117 0.160938 0.621094 0.161719 0.621094 0.163281 0.623047 0.164062 0.623047 0.164844 0.624023 0.165625 0.624023 0.166406 0.625000 0.167187 0.625000 0.167969 0.625977 0.169531 0.625977 0.172656 0.629883 0.172656 0.630859 0.173437 0.631836 0.173437 0.632812 0.174219 0.633789 0.174219 0.634766 0.175000 0.635742 0.175000 0.636719 0.175781 0.637695 0.175781 0.638672 0.177344 0.640625 0.177344 0.641602 0.182812 0.641602 0.183594 0.640625 0.183594 0.639648 0.187500 0.634766 0.187500 0.633789 0.189844 0.630859 0.189844 0.629883 0.190625 0.628906 0.190625 0.608398 0.189062 0.606445 0.189062 0.604492 0.187500 0.602539 0.187500 0.601562 0.185938 0.599609 0.185938 0.594727 0.186719 0.593750 0.186719 0.586914 0.185938 0.585938 0.185938 0.583984 0.185156 0.583008 0.185156 0.581055 0.184375 0.580078 0.184375 0.579102 0.182812 0.577148 0.182812 0.576172 0.180469 0.573242
5 0.877344 0.791016 0.876563 0.791992 0.875781 0.791992 0.874219 0.793945 0.872656 0.793945 0.871875 0.794922 0.871094 0.794922 0.867188 0.799805 0.867188 0.800781 0.864062 0.804688 0.864062 0.805664 0.863281 0.806641 0.863281 0.824219 0.864062 0.825195 0.864062 0.826172 0.864844 0.827148 0.864844 0.828125 0.865625 0.829102 0.865625 0.830078 0.866406 0.831055 0.867188 0.831055 0.868750 0.833008 0.871094 0.833008 0.871875 0.833984 0.875781 0.833984 0.876563 0.833008 0.878125 0.833008 0.878906 0.832031 0.879687 0.832031 0.882031 0.829102 0.882031 0.828125 0.882812 0.827148 0.882812 0.826172 0.884375 0.824219 0.884375 0.823242 0.886719 0.820312 0.888281 0.820312 0.889062 0.819336 0.889844 0.820312 0.890625 0.820312 0.891406 0.821289 0.892969 0.821289 0.893750 0.822266 0.896875 0.822266 0.897656 0.823242 0.905469 0.823242 0.906250 0.822266 0.907031 0.822266 0.907813 0.823242 0.914062 0.823242 0.914844 0.822266 0.915625 0.822266 0.915625 0.808594 0.914062 0.806641 0.914062 0.805664 0.913281 0.804688 0.913281 0.803711 0.912500 0.802734 0.911719 0.802734 0.910937 0.801758 0.910937 0.800781 0.910156 0.799805 0.909375 0.799805 0.907031 0.796875 0.906250 0.796875 0.905469 0.795898 0.904687 0.795898 0.903125 0.793945 0.901563 0.793945 0.900781 0.792969 0.899219 0.792969 0.897656 0.791016
0 0.054688 0.765625 0.050781 0.770508 0.050000 0.770508 0.047656 0.773438 0.046875 0.773438 0.043750 0.777344 0.042969 0.777344 0.042188 0.778320 0.041406 0.778320 0.040625 0.779297 0.039844 0.779297 0.039062 0.780273 0.035937 0.780273 0.035156 0.781250 0.031250 0.781250 0.030469 0.782227 0.028906 0.782227 0.028125 0.783203 0.027344 0.783203 0.026562 0.784180 0.025781 0.784180 0.024219 0.786133 0.024219 0.803711 0.025781 0.805664 0.025781 0.806641 0.026562 0.807617 0.026562 0.808594 0.030469 0.813477 0.031250 0.813477 0.032813 0.815430 0.036719 0.815430 0.037500 0.816406 0.054688 0.816406 0.057031 0.813477 0.057813 0.813477 0.064062 0.805664 0.064062 0.804688 0.065625 0.802734 0.065625 0.801758 0.067969 0.798828 0.067969 0.796875 0.068750 0.795898 0.068750 0.794922 0.069531 0.793945 0.069531 0.792969 0.070312 0.791992 0.070312 0.789062 0.071875 0.787109 0.071875 0.782227 0.072656 0.781250 0.072656 0.779297 0.073438 0.778320 0.073438 0.774414 0.074219 0.773438 0.074219 0.772461 0.073438 0.771484 0.073438 0.769531 0.072656 0.768555 0.072656 0.767578 0.071875 0.766602 0.071875 0.765625
8 0.230469 0.087891 0.228125 0.090820 0.228125 0.091797 0.227344 0.092773 0.227344 0.094727 0.226562 0.095703 0.226562 0.096680 0.225781 0.097656 0.225781 0.099609 0.225000 0.100586 0.225000 0.101562 0.224219 0.102539 0.224219 0.103516 0.222656 0.105469 0.222656 0.106445 0.221094 0.108398 0.220312 0.108398 0.219531 0.109375 0.217969 0.109375 0.217188 0.110352 0.215625 0.110352 0.214844 0.109375 0.213281 0.109375 0.212500 0.108398 0.211719 0.108398 0.210938 0.107422 0.210156 0.107422 0.208594 0.105469 0.207813 0.105469 0.206250 0.103516 0.204687 0.103516 0.203906 0.102539 0.198437 0.102539 0.197656 0.103516 0.196875 0.103516 0.195312 0.105469 0.194531 0.105469 0.194531 0.121094 0.196094 0.123047 0.196094 0.124023 0.201563 0.130859 0.202344 0.130859 0.203906 0.132812 0.204687 0.132812 0.206250 0.134766 0.207031 0.134766 0.207813 0.135742 0.208594 0.135742 0.210156 0.137695 0.229687 0.137695 0.230469 0.136719 0.232031 0.136719 0.232813 0.135742 0.233594 0.135742 0.236719 0.131836 0.236719 0.130859 0.240625 0.125977 0.241406 0.125977 0.242188 0.125000 0.242188 0.124023 0.245312 0.120117 0.245312 0.119141 0.246875 0.117188 0.246875 0.097656 0.245312 0.095703 0.245312 0.093750 0.244531 0.092773 0.244531 0.091797 0.242969 0.089844 0.242188 0.089844 0.240625 0.087891
4 0.032813 0.885742 0.031250 0.887695 0.029687 0.887695 0.028906 0.888672 0.028125 0.888672 0.024219 0.893555 0.024219 0.894531 0.023438 0.895508 0.023438 0.896484 0.021875 0.898438 0.021875 0.899414 0.021094 0.900391 0.021094 0.901367 0.020313 0.902344 0.020313 0.923828 0.022656 0.926758 0.022656 0.927734 0.023438 0.928711 0.023438 0.929688 0.024219 0.930664 0.024219 0.931641 0.025000 0.932617 0.025000 0.934570 0.025781 0.935547 0.025781 0.936523 0.026562 0.937500 0.026562 0.938477 0.028125 0.940430 0.028125 0.941406 0.028906 0.942383 0.028906 0.943359 0.032813 0.948242 0.034375 0.948242 0.035156 0.949219 0.036719 0.949219 0.037500 0.950195 0.039062 0.950195 0.039844 0.951172 0.040625 0.951172 0.041406 0.952148 0.042188 0.952148 0.042969 0.953125 0.043750 0.953125 0.044531 0.954102 0.061719 0.954102 0.063281 0.952148 0.064844 0.952148 0.065625 0.951172 0.067187 0.951172 0.067969 0.950195 0.068750 0.950195 0.073438 0.944336 0.074219 0.944336 0.074219 0.926758 0.072656 0.924805 0.067969 0.924805 0.067187 0.925781 0.066406 0.925781 0.065625 0.926758 0.064844 0.926758 0.060937 0.931641 0.060156 0.931641 0.059375 0.932617 0.054688 0.932617 0.053906 0.931641 0.051562 0.931641 0.050781 0.930664 0.050000 0.930664 0.049219 0.929688 0.049219 0.928711 0.048438 0.927734 0.048438 0.922852 0.047656 0.921875 0.047656 0.920898 0.046875 0.919922 0.046875 0.916992 0.046094 0.916016 0.046094 0.912109 0.047656 0.910156 0.047656 0.909180 0.048438 0.908203 0.048438 0.907227 0.049219 0.906250 0.049219 0.905273 0.050000 0.904297 0.050000 0.898438 0.049219 0.897461 0.049219 0.896484 0.048438 0.895508 0.048438 0.894531 0.046875 0.892578 0.046875 0.891602 0.042188 0.885742
4 0.089063 0.792969 0.089063 0.793945 0.088281 0.794922 0.088281 0.795898 0.087500 0.796875 0.087500 0.805664 0.088281 0.806641 0.088281 0.811523 0.089063 0.812500 0.089063 0.813477 0.089844 0.814453 0.089844 0.816406 0.090625 0.817383 0.090625 0.818359 0.091406 0.819336 0.091406 0.820312 0.092188 0.821289 0.092188 0.822266 0.092969 0.823242 0.092969 0.824219 0.093750 0.825195 0.093750 0.826172 0.094531 0.827148 0.094531 0.828125 0.095312 0.829102 0.095312 0.830078 0.096094 0.831055 0.096094 0.835938 0.095312 0.836914 0.095312 0.838867 0.094531 0.839844 0.094531 0.840820 0.093750 0.841797 0.093750 0.842773 0.092969 0.843750 0.092188 0.843750 0.091406 0.844727 0.089844 0.844727 0.089063 0.845703 0.086719 0.845703 0.082812 0.850586 0.082812 0.865234 0.085938 0.869141 0.103906 0.869141 0.104688 0.868164 0.105469 0.868164 0.106250 0.867188 0.107031 0.867188 0.108594 0.865234 0.109375 0.865234 0.114062 0.859375 0.114062 0.858398 0.114844 0.857422 0.114844 0.855469 0.115625 0.854492 0.115625 0.853516 0.116406 0.852539 0.116406 0.851562 0.117188 0.850586 0.117188 0.849609 0.117969 0.848633 0.117969 0.822266 0.117188 0.821289 0.117188 0.819336 0.116406 0.818359 0.116406 0.815430 0.115625 0.814453 0.115625 0.813477 0.114062 0.811523 0.114062 0.810547 0.112500 0.808594 0.112500 0.807617 0.106250 0.799805 0.105469 0.799805 0.101562 0.794922 0.100781 0.794922 0.099219 0.792969
11 0.207031 0.851562 0.206250 0.852539 0.200781 0.852539 0.200000 0.853516 0.198437 0.853516 0.196875 0.855469 0.196094 0.855469 0.196094 0.856445 0.193750 0.859375 0.192969 0.859375 0.189844 0.863281 0.189844 0.864258 0.186719 0.868164 0.185938 0.868164 0.185156 0.869141 0.182812 0.869141 0.182031 0.868164 0.176563 0.868164 0.175781 0.869141 0.175000 0.869141 0.172656 0.872070 0.171875 0.872070 0.169531 0.875000 0.168750 0.875000 0.168750 0.875977 0.167187 0.877930 0.167187 0.895508 0.167969 0.896484 0.167969 0.897461 0.168750 0.898438 0.168750 0.899414 0.169531 0.900391 0.169531 0.902344 0.170313 0.903320 0.170313 0.904297 0.171875 0.906250 0.171875 0.907227 0.172656 0.908203 0.173437 0.908203 0.175000 0.910156 0.176563 0.910156 0.177344 0.911133 0.179688 0.911133 0.181250 0.913086 0.196875 0.913086 0.197656 0.912109 0.199219 0.912109 0.200000 0.911133 0.201563 0.911133 0.202344 0.910156 0.203906 0.910156 0.204687 0.909180 0.205469 0.909180 0.206250 0.908203 0.207031 0.908203 0.210938 0.903320 0.211719 0.903320 0.213281 0.901367 0.214062 0.901367 0.214844 0.900391 0.215625 0.900391 0.217188 0.898438 0.217188 0.897461 0.218750 0.895508 0.218750 0.894531 0.221094 0.891602 0.221094 0.866211 0.220312 0.865234 0.220312 0.864258 0.219531 0.863281 0.219531 0.861328 0.217188 0.858398 0.217188 0.857422 0.215625 0.855469 0.214844 0.855469 0.214062 0.854492 0.213281 0.854492 0.212500 0.853516 0.211719 0.853516 0.210938 0.852539 0.210156 0.852539 0.209375 0.851562
5 0.638281 0.309570 0.636719 0.311523 0.635156 0.311523 0.634375 0.312500 0.633594 0.312500 0.629687 0.317383 0.628906 0.317383 0.628125 0.318359 0.628125 0.319336 0.626563 0.321289 0.626563 0.322266 0.624219 0.325195 0.624219 0.326172 0.621094 0.330078 0.621094 0.331055 0.620313 0.332031 0.620313 0.333984 0.619531 0.334961 0.619531 0.335938 0.618750 0.336914 0.618750 0.338867 0.617969 0.339844 0.617969 0.341797 0.617188 0.342773 0.617188 0.347656 0.616406 0.348633 0.616406 0.351562 0.617188 0.352539 0.617188 0.355469 0.617969 0.356445 0.617969 0.359375 0.618750 0.360352 0.618750 0.361328 0.620313 0.363281 0.620313 0.364258 0.621094 0.365234 0.637500 0.365234 0.642188 0.359375 0.642188 0.356445 0.641406 0.355469 0.641406 0.351562 0.640625 0.350586 0.640625 0.345703 0.639844 0.344727 0.639844 0.343750 0.640625 0.342773 0.640625 0.341797 0.641406 0.340820 0.641406 0.339844 0.642969 0.337891 0.643750 0.337891 0.648438 0.332031 0.649219 0.332031 0.650000 0.331055 0.652344 0.331055 0.653125 0.332031 0.653906 0.332031 0.654687 0.331055 0.656250 0.331055 0.657031 0.332031 0.657813 0.332031 0.658594 0.331055 0.659375 0.331055 0.660156 0.330078 0.661719 0.330078 0.663281 0.328125 0.664062 0.328125 0.665625 0.326172 0.665625 0.325195 0.666406 0.324219 0.666406 0.322266 0.667188 0.321289 0.667188 0.320312 0.666406 0.319336 0.666406 0.315430 0.664062 0.312500 0.663281 0.312500 0.661719 0.310547 0.660937 0.310547 0.660156 0.309570
0 0.850781 0.254883 0.850000 0.255859 0.849219 0.255859 0.847656 0.257812 0.846875 0.257812 0.845313 0.259766 0.844531 0.259766 0.842969 0.261719 0.842187 0.261719 0.840625 0.263672 0.840625 0.273438 0.841406 0.274414 0.841406 0.275391 0.842187 0.276367 0.842187 0.278320 0.843750 0.280273 0.843750 0.281250 0.844531 0.281250 0.845313 0.282227 0.846094 0.282227 0.846875 0.283203 0.848437 0.283203 0.849219 0.284180 0.853906 0.284180 0.854688 0.283203 0.856250 0.283203 0.857031 0.284180 0.858594 0.284180 0.859375 0.285156 0.860156 0.285156 0.861719 0.287109 0.863281 0.287109 0.864062 0.288086 0.864844 0.288086 0.865625 0.289062 0.867188 0.289062 0.868750 0.291016 0.887500 0.291016 0.888281 0.290039 0.888281 0.287109 0.889062 0.286133 0.889062 0.283203 0.888281 0.282227 0.888281 0.279297 0.887500 0.278320 0.887500 0.276367 0.886719 0.275391 0.886719 0.273438 0.885938 0.272461 0.885938 0.270508 0.884375 0.268555 0.884375 0.267578 0.882812 0.265625 0.882812 0.264648 0.878906 0.259766 0.878125 0.259766 0.876563 0.257812 0.874219 0.257812 0.872656 0.255859 0.870313 0.255859 0.869531 0.254883
8 0.060937 0.557617 0.060156 0.558594 0.059375 0.558594 0.057813 0.560547 0.057031 0.560547 0.054688 0.563477 0.053906 0.563477 0.052344 0.565430 0.051562 0.565430 0.047656 0.570312 0.047656 0.571289 0.045312 0.574219 0.045312 0.575195 0.044531 0.576172 0.044531 0.577148 0.043750 0.578125 0.043750 0.579102 0.042969 0.580078 0.042969 0.581055 0.042188 0.582031 0.042188 0.614258 0.043750 0.616211 0.043750 0.617188 0.045312 0.619141 0.045312 0.620117 0.046094 0.621094 0.046094 0.622070 0.052344 0.629883 0.053125 0.629883 0.055469 0.632812 0.069531 0.632812 0.072656 0.628906 0.072656 0.627930 0.073438 0.626953 0.073438 0.625000 0.074219 0.624023 0.074219 0.622070 0.075000 0.621094 0.075000 0.618164 0.075781 0.617188 0.075781 0.611328 0.075000 0.610352 0.075000 0.608398 0.072656 0.605469 0.072656 0.604492 0.068750 0.599609 0.068750 0.598633 0.067969 0.597656 0.067969 0.594727 0.067187 0.593750 0.067187 0.590820 0.067969 0.589844 0.067969 0.588867 0.070312 0.585938 0.071094 0.585938 0.071875 0.584961 0.072656 0.584961 0.073438 0.583984 0.075000 0.583984 0.076563 0.582031 0.077344 0.582031 0.078125 0.581055 0.078906 0.581055 0.080469 0.579102 0.081250 0.579102 0.085156 0.574219 0.085156 0.562500 0.082812 0.559570 0.082031 0.559570 0.081250 0.558594 0.080469 0.558594 0.079687 0.557617
2 0.178906 0.483398 0.177344 0.485352 0.176563 0.485352 0.175781 0.486328 0.174219 0.486328 0.173437 0.487305 0.170313 0.487305 0.169531 0.488281 0.167969 0.488281 0.167187 0.489258 0.165625 0.489258 0.164844 0.490234 0.162500 0.490234 0.161719 0.491211 0.160156 0.491211 0.159375 0.492188 0.158594 0.492188 0.158594 0.493164 0.157812 0.494141 0.157812 0.495117 0.156250 0.497070 0.156250 0.498047 0.155469 0.499023 0.155469 0.500000 0.154688 0.500977 0.154688 0.501953 0.153906 0.502930 0.153906 0.507812 0.153125 0.508789 0.153125 0.510742 0.151562 0.512695 0.151562 0.520508 0.153125 0.522461 0.153125 0.523438 0.153906 0.524414 0.153906 0.525391 0.154688 0.526367 0.154688 0.527344 0.155469 0.528320 0.155469 0.529297 0.157812 0.532227 0.158594 0.532227 0.160156 0.534180 0.160938 0.534180 0.162500 0.536133 0.168750 0.536133 0.169531 0.535156 0.170313 0.535156 0.171094 0.534180 0.171875 0.534180 0.172656 0.533203 0.172656 0.532227 0.173437 0.531250 0.173437 0.529297 0.174219 0.528320 0.174219 0.524414 0.175781 0.522461 0.175781 0.521484 0.177344 0.519531 0.177344 0.518555 0.178125 0.517578 0.178125 0.516602 0.178906 0.515625 0.178906 0.514648 0.182031 0.510742 0.182031 0.509766 0.185938 0.504883 0.186719 0.504883 0.187500 0.503906 0.187500 0.502930 0.189062 0.500977 0.189062 0.486328 0.187500 0.484375 0.187500 0.483398
2 0.130469 0.898438 0.128906 0.900391 0.128125 0.900391 0.125781 0.903320 0.125781 0.917969 0.127344 0.919922 0.127344 0.920898 0.132812 0.927734 0.133594 0.927734 0.134375 0.928711 0.135156 0.928711 0.136719 0.930664 0.136719 0.931641 0.137500 0.932617 0.137500 0.935547 0.136719 0.936523 0.136719 0.938477 0.135937 0.939453 0.135937 0.941406 0.135156 0.942383 0.135156 0.945312 0.132812 0.948242 0.132812 0.949219 0.126562 0.957031 0.126562 0.958008 0.127344 0.958984 0.127344 0.959961 0.133594 0.967773 0.152344 0.967773 0.153906 0.965820 0.154688 0.965820 0.157031 0.962891 0.157031 0.961914 0.159375 0.958984 0.159375 0.958008 0.161719 0.955078 0.161719 0.954102 0.162500 0.953125 0.162500 0.952148 0.163281 0.951172 0.163281 0.925781 0.161719 0.923828 0.161719 0.921875 0.160938 0.920898 0.160938 0.919922 0.160156 0.918945 0.160156 0.917969 0.157031 0.914062 0.157031 0.913086 0.153906 0.909180 0.153125 0.909180 0.150000 0.905273 0.149219 0.905273 0.146875 0.902344 0.145313 0.902344 0.144531 0.901367 0.142969 0.901367 0.142187 0.900391 0.141406 0.900391 0.140625 0.899414 0.139844 0.899414 0.139063 0.898438
10 0.402344 0.408203 0.402344 0.409180 0.401562 0.410156 0.401562 0.411133 0.400781 0.412109 0.400781 0.413086 0.400000 0.414062 0.400000 0.415039 0.399219 0.416016 0.399219 0.416992 0.394531 0.422852 0.392188 0.422852 0.391406 0.421875 0.389062 0.421875 0.388281 0.420898 0.386719 0.420898 0.385937 0.419922 0.385156 0.419922 0.384375 0.418945 0.383594 0.418945 0.381250 0.416016 0.380469 0.416016 0.379688 0.415039 0.377344 0.415039 0.376563 0.414062 0.374219 0.414062 0.373437 0.415039 0.371875 0.415039 0.371094 0.416016 0.369531 0.416016 0.368750 0.416992 0.367969 0.416992 0.367969 0.437500 0.375781 0.447266 0.376563 0.447266 0.377344 0.448242 0.378125 0.448242 0.379688 0.450195 0.402344 0.450195 0.403125 0.449219 0.403906 0.449219 0.404687 0.448242 0.405469 0.448242 0.407031 0.446289 0.408594 0.446289 0.410938 0.443359 0.411719 0.443359 0.416406 0.437500 0.416406 0.436523 0.417187 0.435547 0.417187 0.434570 0.417969 0.433594 0.417969 0.432617 0.418750 0.431641 0.418750 0.430664 0.419531 0.429688 0.419531 0.428711 0.420312 0.427734 0.420312 0.421875 0.421094 0.420898 0.421094 0.416016 0.420312 0.415039 0.420312 0.410156 0.418750 0.408203
7 0.451562 0.542969 0.451562 0.543945 0.450781 0.544922 0.450781 0.545898 0.451562 0.546875 0.451562 0.558594 0.452344 0.559570 0.452344 0.560547 0.450781 0.562500 0.450781 0.563477 0.448437 0.566406 0.447656 0.566406 0.446875 0.567383 0.445312 0.567383 0.443750 0.569336 0.442188 0.569336 0.441406 0.568359 0.439063 0.568359 0.438281 0.567383 0.433594 0.567383 0.432812 0.568359 0.430469 0.568359 0.429688 0.569336 0.428125 0.569336 0.427344 0.570312 0.426563 0.570312 0.426563 0.571289 0.425000 0.573242 0.425000 0.581055 0.425781 0.582031 0.425781 0.583984 0.426563 0.584961 0.426563 0.585938 0.427344 0.586914 0.427344 0.587891 0.428125 0.588867 0.428125 0.589844 0.429688 0.591797 0.430469 0.591797 0.431250 0.592773 0.432031 0.592773 0.434375 0.595703 0.458594 0.595703 0.460156 0.593750 0.460938 0.593750 0.461719 0.592773 0.462500 0.592773 0.463281 0.591797 0.464062 0.591797 0.466406 0.588867 0.467187 0.588867 0.470313 0.584961 0.470313 0.583008 0.471094 0.582031 0.471094 0.581055 0.471875 0.580078 0.471875 0.578125 0.473438 0.576172 0.473438 0.575195 0.474219 0.574219 0.474219 0.572266 0.475000 0.571289 0.475000 0.557617 0.474219 0.556641 0.474219 0.554688 0.473438 0.553711 0.473438 0.552734 0.472656 0.551758 0.472656 0.550781 0.471875 0.549805 0.471875 0.548828 0.467969 0.543945 0.467969 0.542969
5 0.820312 0.565430 0.819531 0.566406 0.810937 0.566406 0.809375 0.568359 0.808594 0.568359 0.807031 0.570312 0.806250 0.570312 0.804688 0.572266 0.803906 0.572266 0.801562 0.575195 0.801562 0.596680 0.802344 0.596680 0.803906 0.598633 0.804688 0.598633 0.805469 0.599609 0.807813 0.599609 0.808594 0.600586 0.809375 0.600586 0.810156 0.599609 0.810937 0.599609 0.811719 0.598633 0.812500 0.598633 0.814063 0.596680 0.814844 0.596680 0.815625 0.595703 0.821094 0.595703 0.821875 0.596680 0.823438 0.596680 0.825781 0.599609 0.825781 0.600586 0.827344 0.602539 0.827344 0.605469 0.828125 0.606445 0.828125 0.608398 0.828906 0.609375 0.828906 0.616211 0.830469 0.618164 0.830469 0.619141 0.832812 0.622070 0.833594 0.622070 0.834375 0.623047 0.835156 0.623047 0.835938 0.624023 0.840625 0.624023 0.841406 0.623047 0.842187 0.623047 0.842969 0.622070 0.843750 0.622070 0.845313 0.620117 0.846094 0.620117 0.848437 0.617188 0.848437 0.586914 0.846875 0.584961 0.846875 0.583984 0.843750 0.580078 0.843750 0.579102 0.842969 0.579102 0.838281 0.573242 0.837500 0.573242 0.835156 0.570312 0.833594 0.570312 0.832812 0.569336 0.832031 0.569336 0.831250 0.568359 0.829688 0.568359 0.828906 0.567383 0.826562 0.567383 0.825781 0.566406 0.821094 0.566406
7 0.349219 0.611328 0.348438 0.612305 0.347656 0.612305 0.346875 0.613281 0.345313 0.613281 0.344531 0.614258 0.343750 0.614258 0.339844 0.619141 0.339844 0.643555 0.341406 0.645508 0.341406 0.646484 0.342187 0.647461 0.342187 0.648438 0.343750 0.650391 0.343750 0.651367 0.344531 0.652344 0.344531 0.653320 0.346875 0.656250 0.347656 0.656250 0.349219 0.658203 0.350000 0.658203 0.351562 0.660156 0.367969 0.660156 0.367969 0.659180 0.368750 0.658203 0.369531 0.658203 0.372656 0.654297 0.372656 0.652344 0.375781 0.648438 0.375781 0.647461 0.378125 0.644531 0.378906 0.644531 0.380469 0.642578 0.381250 0.642578 0.381250 0.628906 0.380469 0.628906 0.379688 0.627930 0.379688 0.626953 0.378125 0.625000 0.377344 0.625000 0.376563 0.624023 0.375000 0.624023 0.374219 0.623047 0.371875 0.623047 0.371094 0.624023 0.369531 0.624023 0.368750 0.625000 0.367188 0.625000 0.366406 0.625977 0.365625 0.625977 0.364844 0.626953 0.360938 0.626953 0.360156 0.625977 0.360156 0.625000 0.359375 0.624023 0.359375 0.619141 0.358594 0.618164 0.358594 0.616211 0.356250 0.613281 0.355469 0.613281 0.354687 0.612305 0.353906 0.612305 0.353125 0.611328
7 0.548438 0.110352 0.547656 0.111328 0.545312 0.111328 0.544531 0.112305 0.542188 0.112305 0.541406 0.113281 0.540625 0.113281 0.539844 0.114258 0.539062 0.114258 0.538281 0.115234 0.537500 0.115234 0.535937 0.117188 0.535156 0.117188 0.534375 0.118164 0.533594 0.118164 0.532031 0.120117 0.531250 0.120117 0.530469 0.121094 0.530469 0.122070 0.529687 0.123047 0.528906 0.123047 0.528125 0.124023 0.528125 0.125000 0.525781 0.127930 0.525781 0.129883 0.523438 0.132812 0.523438 0.133789 0.522656 0.134766 0.522656 0.135742 0.521875 0.136719 0.521875 0.162109 0.522656 0.163086 0.523438 0.163086 0.524219 0.164062 0.525000 0.164062 0.525781 0.165039 0.532031 0.165039 0.532813 0.164062 0.535937 0.164062 0.536719 0.163086 0.538281 0.163086 0.539844 0.161133 0.540625 0.161133 0.541406 0.160156 0.541406 0.159180 0.542188 0.158203 0.542969 0.158203 0.544531 0.156250 0.544531 0.155273 0.546094 0.153320 0.546094 0.152344 0.546875 0.151367 0.547656 0.151367 0.549219 0.149414 0.550781 0.149414 0.553125 0.146484 0.553906 0.146484 0.554688 0.145508 0.557813 0.145508 0.558594 0.146484 0.559375 0.146484 0.560156 0.147461 0.560937 0.147461 0.561719 0.148438 0.564844 0.148438 0.565625 0.149414 0.571094 0.149414 0.572656 0.147461 0.573438 0.147461 0.575000 0.145508 0.575000 0.144531 0.575781 0.143555 0.575781 0.142578 0.576562 0.141602 0.576562 0.124023 0.572656 0.119141 0.571875 0.119141 0.568750 0.115234 0.567969 0.115234 0.567187 0.114258 0.565625 0.114258 0.564063 0.112305 0.561719 0.112305 0.560156 0.110352
8 0.595313 0.319336 0.594531 0.320312 0.592969 0.320312 0.591406 0.322266 0.590625 0.322266 0.589844 0.323242 0.589063 0.323242 0.588281 0.324219 0.587500 0.324219 0.583594 0.329102 0.583594 0.330078 0.580469 0.333984 0.580469 0.335938 0.579688 0.336914 0.579688 0.337891 0.578125 0.339844 0.578125 0.359375 0.580469 0.362305 0.580469 0.363281 0.581250 0.364258 0.581250 0.365234 0.583594 0.368164 0.583594 0.369141 0.597656 0.369141 0.599219 0.367188 0.599219 0.365234 0.600000 0.364258 0.600000 0.357422 0.603125 0.353516 0.603906 0.353516 0.604688 0.352539 0.607031 0.352539 0.607812 0.351562 0.609375 0.351562 0.610156 0.352539 0.610938 0.352539 0.616406 0.359375 0.617969 0.359375 0.620313 0.362305 0.621094 0.362305 0.621875 0.363281 0.622656 0.363281 0.624219 0.365234 0.631250 0.365234 0.634375 0.361328 0.634375 0.344727 0.633594 0.343750 0.633594 0.342773 0.632812 0.341797 0.632812 0.340820 0.632031 0.339844 0.632031 0.338867 0.630469 0.336914 0.630469 0.335938 0.629687 0.335938 0.628906 0.334961 0.628906 0.333984 0.621875 0.325195 0.621094 0.325195 0.620313 0.324219 0.619531 0.324219 0.618750 0.323242 0.617969 0.323242 0.617188 0.322266 0.616406 0.322266 0.615625 0.321289 0.614844 0.321289 0.614062 0.320312 0.613281 0.320312 0.612500 0.319336
2 0.343750 0.301758 0.343750 0.302734 0.340625 0.306641 0.340625 0.307617 0.339844 0.308594 0.339844 0.314453 0.339062 0.315430 0.339062 0.318359 0.338281 0.319336 0.338281 0.320312 0.337500 0.321289 0.337500 0.322266 0.336719 0.323242 0.336719 0.324219 0.332813 0.329102 0.332813 0.330078 0.330469 0.333008 0.327344 0.333008 0.326562 0.332031 0.325000 0.332031 0.324219 0.331055 0.323437 0.331055 0.321875 0.329102 0.319531 0.329102 0.318750 0.328125 0.317969 0.329102 0.316406 0.329102 0.315625 0.330078 0.314844 0.330078 0.314063 0.331055 0.313281 0.331055 0.307812 0.337891 0.307031 0.337891 0.307031 0.348633 0.308594 0.350586 0.308594 0.351562 0.310156 0.353516 0.310156 0.354492 0.315625 0.361328 0.316406 0.361328 0.317188 0.362305 0.317969 0.362305 0.319531 0.364258 0.320312 0.364258 0.321094 0.365234 0.321875 0.365234 0.322656 0.366211 0.323437 0.366211 0.324219 0.367188 0.341406 0.367188 0.342187 0.366211 0.343750 0.366211 0.344531 0.365234 0.345313 0.365234 0.346094 0.364258 0.346875 0.364258 0.350000 0.360352 0.350781 0.360352 0.356250 0.353516 0.356250 0.352539 0.357031 0.351562 0.357031 0.350586 0.358594 0.348633 0.358594 0.347656 0.359375 0.346680 0.359375 0.344727 0.360156 0.343750 0.360156 0.342773 0.360938 0.341797 0.360938 0.316406 0.359375 0.314453 0.359375 0.312500 0.358594 0.311523 0.358594 0.310547 0.357812 0.309570 0.357812 0.308594 0.355469 0.305664 0.355469 0.304688 0.353125 0.301758
7 0.752344 0.873047 0.751563 0.874023 0.751563 0.875000 0.750000 0.876953 0.750000 0.877930 0.748437 0.879883 0.748437 0.881836 0.747656 0.882812 0.747656 0.883789 0.748437 0.884766 0.748437 0.887695 0.747656 0.888672 0.747656 0.896484 0.746875 0.897461 0.746875 0.899414 0.746094 0.900391 0.746094 0.903320 0.743750 0.906250 0.742969 0.906250 0.741406 0.908203 0.740625 0.908203 0.739844 0.909180 0.739062 0.909180 0.738281 0.910156 0.737500 0.910156 0.736719 0.911133 0.732812 0.911133 0.732031 0.912109 0.726562 0.912109 0.726562 0.923828 0.727344 0.923828 0.730469 0.927734 0.731250 0.927734 0.732812 0.929688 0.733594 0.929688 0.735156 0.931641 0.735938 0.931641 0.736719 0.932617 0.737500 0.932617 0.738281 0.933594 0.739062 0.933594 0.739844 0.934570 0.749219 0.934570 0.750000 0.933594 0.751563 0.933594 0.752344 0.932617 0.753125 0.932617 0.753906 0.931641 0.754687 0.931641 0.755469 0.930664 0.757031 0.930664 0.757812 0.929688 0.758594 0.929688 0.759375 0.928711 0.760156 0.928711 0.761719 0.926758 0.761719 0.925781 0.762500 0.924805 0.763281 0.924805 0.765625 0.921875 0.766406 0.921875 0.766406 0.920898 0.768750 0.917969 0.768750 0.916016 0.769531 0.915039 0.769531 0.914062 0.770312 0.913086 0.770312 0.888672 0.768750 0.886719 0.768750 0.885742 0.767969 0.884766 0.767969 0.883789 0.766406 0.881836 0.766406 0.880859 0.761719 0.875000 0.760938 0.875000 0.759375 0.873047
11 0.128125 0.690430 0.127344 0.691406 0.125781 0.691406 0.125000 0.692383 0.124219 0.692383 0.123438 0.693359 0.122656 0.693359 0.121875 0.694336 0.121094 0.694336 0.119531 0.696289 0.117969 0.696289 0.117188 0.697266 0.116406 0.697266 0.114844 0.699219 0.114844 0.700195 0.114062 0.701172 0.113281 0.701172 0.111719 0.703125 0.110937 0.703125 0.110937 0.704102 0.110156 0.705078 0.109375 0.705078 0.106250 0.708984 0.106250 0.709961 0.105469 0.710938 0.105469 0.711914 0.104688 0.712891 0.104688 0.716797 0.103906 0.717773 0.103906 0.719727 0.102344 0.721680 0.102344 0.742188 0.103125 0.743164 0.103125 0.744141 0.103906 0.745117 0.103906 0.746094 0.105469 0.748047 0.105469 0.749023 0.106250 0.750000 0.106250 0.750977 0.107031 0.751953 0.107031 0.752930 0.107813 0.753906 0.107813 0.754883 0.108594 0.755859 0.108594 0.756836 0.110156 0.758789 0.110156 0.759766 0.117188 0.768555 0.118750 0.768555 0.120313 0.770508 0.123438 0.770508 0.125000 0.772461 0.125781 0.772461 0.126562 0.773438 0.126562 0.774414 0.136719 0.774414 0.137500 0.773438 0.137500 0.772461 0.139063 0.770508 0.139063 0.767578 0.140625 0.765625 0.140625 0.763672 0.141406 0.762695 0.141406 0.761719 0.142187 0.760742 0.142187 0.759766 0.142969 0.758789 0.142969 0.756836 0.142187 0.755859 0.142969 0.754883 0.142969 0.749023 0.142187 0.748047 0.142187 0.747070 0.142969 0.746094 0.142969 0.744141 0.142187 0.743164 0.142187 0.742188 0.140625 0.742188 0.138281 0.745117 0.136719 0.745117 0.135937 0.746094 0.133594 0.743164 0.133594 0.739258 0.134375 0.738281 0.134375 0.737305 0.135937 0.735352 0.135937 0.734375 0.137500 0.732422 0.138281 0.732422 0.139063 0.731445 0.143750 0.731445 0.144531 0.732422 0.148438 0.732422 0.149219 0.731445 0.150781 0.731445 0.152344 0.729492 0.153125 0.729492 0.153906 0.728516 0.155469 0.728516 0.156250 0.727539 0.157031 0.727539 0.157031 0.702148 0.156250 0.702148 0.153906 0.699219 0.153125 0.699219 0.151562 0.697266 0.150781 0.697266 0.149219 0.695312 0.148438 0.695312 0.147656 0.694336 0.146875 0.694336 0.146094 0.693359 0.143750 0.693359 0.142187 0.691406 0.140625 0.691406 0.139844 0.692383 0.139063 0.691406 0.137500 0.691406 0.136719 0.690430
5 0.847656 0.722656 0.846875 0.723633 0.845313 0.723633 0.844531 0.724609 0.843750 0.724609 0.842969 0.725586 0.841406 0.725586 0.840625 0.726562 0.839844 0.726562 0.838281 0.728516 0.837500 0.728516 0.831250 0.736328 0.831250 0.737305 0.830469 0.738281 0.830469 0.739258 0.829688 0.740234 0.829688 0.741211 0.828906 0.742188 0.828906 0.744141 0.828125 0.745117 0.828125 0.746094 0.827344 0.747070 0.827344 0.748047 0.826562 0.749023 0.826562 0.751953 0.825781 0.752930 0.825781 0.762695 0.826562 0.763672 0.826562 0.766602 0.827344 0.767578 0.827344 0.771484 0.828906 0.773438 0.828906 0.774414 0.843750 0.774414 0.843750 0.773438 0.844531 0.772461 0.844531 0.770508 0.845313 0.769531 0.845313 0.767578 0.846094 0.766602 0.846094 0.765625 0.846875 0.764648 0.846875 0.763672 0.847656 0.762695 0.847656 0.760742 0.848437 0.759766 0.848437 0.758789 0.852344 0.753906 0.853125 0.753906 0.853906 0.752930 0.856250 0.752930 0.857031 0.751953 0.860156 0.751953 0.860938 0.752930 0.861719 0.752930 0.862500 0.753906 0.863281 0.753906 0.864844 0.755859 0.865625 0.755859 0.866406 0.756836 0.867188 0.756836 0.867969 0.757812 0.871094 0.757812 0.871875 0.758789 0.874219 0.758789 0.875781 0.756836 0.876563 0.756836 0.877344 0.755859 0.878125 0.755859 0.879687 0.753906 0.879687 0.738281 0.876563 0.734375 0.876563 0.733398 0.871094 0.726562 0.870313 0.726562 0.869531 0.725586 0.867969 0.725586 0.866406 0.723633 0.865625 0.723633 0.864844 0.722656
2 0.060156 0.466797 0.059375 0.467773 0.057031 0.467773 0.056250 0.468750 0.055469 0.468750 0.053906 0.470703 0.052344 0.470703 0.051562 0.471680 0.050000 0.471680 0.043750 0.479492 0.043750 0.480469 0.041406 0.483398 0.041406 0.484375 0.040625 0.485352 0.040625 0.486328 0.039844 0.487305 0.039844 0.488281 0.039062 0.489258 0.039062 0.492188 0.038281 0.493164 0.038281 0.496094 0.037500 0.497070 0.037500 0.507812 0.038281 0.508789 0.038281 0.509766 0.039062 0.510742 0.039062 0.511719 0.041406 0.514648 0.042188 0.514648 0.042969 0.515625 0.047656 0.515625 0.048438 0.514648 0.050000 0.514648 0.050781 0.513672 0.051562 0.513672 0.052344 0.512695 0.053906 0.512695 0.055469 0.510742 0.056250 0.510742 0.058594 0.507812 0.060156 0.507812 0.061719 0.505859 0.062500 0.505859 0.069531 0.497070 0.074219 0.497070 0.076563 0.500000 0.076563 0.500977 0.078125 0.502930 0.078125 0.503906 0.080469 0.506836 0.080469 0.508789 0.081250 0.509766 0.081250 0.516602 0.082812 0.518555 0.086719 0.518555 0.087500 0.517578 0.088281 0.517578 0.092188 0.512695 0.092969 0.512695 0.093750 0.511719 0.094531 0.511719 0.094531 0.486328 0.092969 0.484375 0.092969 0.483398 0.091406 0.481445 0.091406 0.480469 0.087500 0.475586 0.086719 0.475586 0.084375 0.472656 0.083594 0.472656 0.082031 0.470703 0.080469 0.470703 0.079687 0.469727 0.078906 0.469727 0.078125 0.468750 0.075781 0.468750 0.075000 0.467773 0.073438 0.467773 0.072656 0.466797
10 0.028906 0.794922 0.028125 0.795898 0.027344 0.795898 0.025781 0.797852 0.025000 0.797852 0.023438 0.799805 0.022656 0.799805 0.015625 0.808594 0.015625 0.809570 0.014844 0.810547 0.014844 0.811523 0.014063 0.812500 0.014063 0.837891 0.015625 0.839844 0.015625 0.840820 0.017188 0.842773 0.018750 0.842773 0.019531 0.843750 0.022656 0.843750 0.023438 0.844727 0.024219 0.844727 0.025000 0.843750 0.029687 0.843750 0.034375 0.837891 0.034375 0.836914 0.035156 0.835938 0.035156 0.834961 0.035937 0.833984 0.035937 0.833008 0.036719 0.832031 0.036719 0.831055 0.037500 0.830078 0.037500 0.829102 0.038281 0.828125 0.038281 0.827148 0.039062 0.826172 0.039844 0.826172 0.040625 0.825195 0.042188 0.825195 0.045312 0.829102 0.045312 0.830078 0.050000 0.835938 0.050781 0.835938 0.051562 0.836914 0.051562 0.837891 0.057031 0.844727 0.057813 0.844727 0.060156 0.847656 0.068750 0.847656 0.071094 0.844727 0.071094 0.843750 0.071875 0.842773 0.071875 0.840820 0.072656 0.839844 0.072656 0.838867 0.073438 0.837891 0.073438 0.836914 0.074219 0.835938 0.074219 0.834961 0.075000 0.833984 0.075000 0.827148 0.074219 0.826172 0.074219 0.821289 0.073438 0.820312 0.073438 0.819336 0.072656 0.818359 0.072656 0.817383 0.071875 0.816406 0.071875 0.815430 0.071094 0.814453 0.071094 0.813477 0.069531 0.811523 0.069531 0.810547 0.065625 0.805664 0.065625 0.804688 0.064844 0.803711 0.064062 0.803711 0.060156 0.798828 0.059375 0.798828 0.058594 0.797852 0.057813 0.797852 0.057031 0.796875 0.055469 0.796875 0.053906 0.794922
4 0.109375 0.616211 0.108594 0.617188 0.107031 0.617188 0.106250 0.618164 0.105469 0.618164 0.104688 0.619141 0.103906 0.619141 0.103125 0.620117 0.102344 0.620117 0.101562 0.621094 0.100781 0.621094 0.097656 0.625000 0.096875 0.625000 0.095312 0.626953 0.094531 0.626953 0.093750 0.627930 0.093750 0.628906 0.092188 0.630859 0.092188 0.631836 0.091406 0.632812 0.090625 0.632812 0.090625 0.654297 0.091406 0.655273 0.092188 0.655273 0.092969 0.656250 0.095312 0.656250 0.096094 0.655273 0.096875 0.655273 0.098437 0.653320 0.099219 0.653320 0.100000 0.652344 0.101562 0.652344 0.104688 0.648438 0.105469 0.648438 0.108594 0.644531 0.110156 0.644531 0.110937 0.643555 0.111719 0.643555 0.112500 0.644531 0.114844 0.644531 0.116406 0.646484 0.117969 0.646484 0.119531 0.648438 0.121094 0.648438 0.122656 0.650391 0.128906 0.650391 0.129688 0.649414 0.130469 0.649414 0.131250 0.648438 0.133594 0.648438 0.134375 0.647461 0.135937 0.647461 0.137500 0.645508 0.138281 0.645508 0.139063 0.644531 0.139063 0.628906 0.136719 0.625977 0.136719 0.625000 0.135937 0.624023 0.135156 0.624023 0.132031 0.620117 0.129688 0.620117 0.128906 0.619141 0.127344 0.619141 0.125781 0.617188 0.124219 0.617188 0.123438 0.616211 0.121094 0.616211 0.120313 0.617188 0.119531 0.616211
3 0.100781 0.292969 0.100000 0.293945 0.099219 0.293945 0.096094 0.297852 0.095312 0.297852 0.094531 0.298828 0.094531 0.299805 0.093750 0.300781 0.093750 0.302734 0.092969 0.303711 0.092969 0.317383 0.093750 0.318359 0.093750 0.319336 0.095312 0.321289 0.096094 0.321289 0.096875 0.322266 0.106250 0.322266 0.107031 0.323242 0.109375 0.323242 0.111719 0.326172 0.112500 0.326172 0.115625 0.330078 0.116406 0.330078 0.117969 0.332031 0.117969 0.334961 0.115625 0.337891 0.115625 0.338867 0.112500 0.342773 0.112500 0.344727 0.111719 0.345703 0.111719 0.347656 0.110937 0.348633 0.110937 0.352539 0.111719 0.353516 0.111719 0.356445 0.112500 0.357422 0.112500 0.358398 0.131250 0.358398 0.135937 0.352539 0.135937 0.351562 0.137500 0.349609 0.137500 0.348633 0.138281 0.347656 0.138281 0.346680 0.139063 0.345703 0.139063 0.342773 0.139844 0.341797 0.139844 0.339844 0.140625 0.338867 0.140625 0.337891 0.141406 0.336914 0.141406 0.327148 0.140625 0.326172 0.140625 0.322266 0.139844 0.321289 0.139844 0.317383 0.139063 0.316406 0.139063 0.313477 0.137500 0.311523 0.137500 0.309570 0.135156 0.306641 0.135156 0.305664 0.134375 0.304688 0.134375 0.303711 0.133594 0.302734 0.133594 0.301758 0.132812 0.300781 0.132031 0.300781 0.130469 0.298828 0.129688 0.298828 0.125781 0.293945 0.125000 0.293945 0.124219 0.292969
5 0.646875 0.441406 0.646875 0.442383 0.646094 0.443359 0.645312 0.443359 0.644531 0.444336 0.643750 0.444336 0.642188 0.446289 0.642188 0.447266 0.641406 0.448242 0.641406 0.449219 0.640625 0.450195 0.640625 0.460938 0.639844 0.461914 0.639844 0.471680 0.639062 0.472656 0.639062 0.474609 0.636719 0.477539 0.635156 0.477539 0.634375 0.478516 0.631250 0.478516 0.630469 0.479492 0.627344 0.479492 0.626563 0.480469 0.625000 0.480469 0.621094 0.485352 0.621094 0.496094 0.621875 0.497070 0.622656 0.497070 0.625781 0.500977 0.643750 0.500977 0.644531 0.500000 0.645312 0.500000 0.646094 0.499023 0.646875 0.499023 0.647656 0.498047 0.648438 0.498047 0.649219 0.497070 0.650781 0.497070 0.657813 0.488281 0.657813 0.487305 0.660937 0.483398 0.660937 0.482422 0.661719 0.481445 0.661719 0.480469 0.662500 0.479492 0.662500 0.478516 0.663281 0.477539 0.663281 0.455078 0.661719 0.453125 0.661719 0.452148 0.660937 0.451172 0.660937 0.449219 0.654687 0.441406
11 0.782031 0.750000 0.779687 0.752930 0.778906 0.752930 0.778125 0.753906 0.777344 0.753906 0.776563 0.754883 0.775781 0.754883 0.774219 0.756836 0.773438 0.756836 0.772656 0.757812 0.771875 0.757812 0.771094 0.758789 0.771094 0.759766 0.769531 0.761719 0.769531 0.762695 0.767969 0.764648 0.767969 0.789062 0.771875 0.793945 0.772656 0.793945 0.773438 0.794922 0.775000 0.794922 0.775781 0.795898 0.777344 0.795898 0.778906 0.797852 0.782031 0.797852 0.782813 0.798828 0.783594 0.798828 0.785937 0.801758 0.785937 0.802734 0.785156 0.803711 0.785156 0.806641 0.785937 0.807617 0.785937 0.810547 0.786719 0.811523 0.786719 0.813477 0.787500 0.814453 0.787500 0.815430 0.789844 0.818359 0.789844 0.819336 0.792969 0.823242 0.804688 0.823242 0.805469 0.822266 0.807031 0.822266 0.807813 0.821289 0.809375 0.821289 0.810156 0.820312 0.812500 0.820312 0.813281 0.819336 0.814844 0.819336 0.815625 0.818359 0.815625 0.789062 0.814844 0.788086 0.814844 0.787109 0.814063 0.786133 0.814063 0.785156 0.813281 0.784180 0.813281 0.783203 0.811719 0.781250 0.811719 0.780273 0.810937 0.779297 0.810937 0.778320 0.809375 0.776367 0.809375 0.774414 0.807813 0.772461 0.807813 0.771484 0.806250 0.769531 0.806250 0.768555 0.802344 0.763672 0.802344 0.760742 0.801562 0.759766 0.801562 0.753906 0.800000 0.751953 0.799219 0.751953 0.797656 0.750000
7 0.205469 0.830078 0.205469 0.831055 0.203125 0.833984 0.203125 0.836914 0.202344 0.837891 0.202344 0.853516 0.203125 0.854492 0.203125 0.855469 0.203906 0.856445 0.203906 0.857422 0.205469 0.859375 0.205469 0.863281 0.206250 0.864258 0.206250 0.865234 0.207813 0.867188 0.208594 0.867188 0.210156 0.869141 0.210156 0.870117 0.212500 0.873047 0.213281 0.873047 0.214844 0.875000 0.215625 0.875000 0.217969 0.877930 0.239063 0.877930 0.239844 0.876953 0.240625 0.876953 0.243750 0.873047 0.243750 0.872070 0.244531 0.871094 0.244531 0.870117 0.246094 0.868164 0.246094 0.854492 0.244531 0.852539 0.243750 0.852539 0.242969 0.851562 0.242188 0.851562 0.241406 0.850586 0.234375 0.850586 0.233594 0.851562 0.231250 0.851562 0.230469 0.852539 0.228906 0.852539 0.228125 0.853516 0.226562 0.853516 0.225781 0.854492 0.223438 0.854492 0.222656 0.853516 0.221875 0.853516 0.219531 0.850586 0.219531 0.844727 0.220312 0.843750 0.220312 0.841797 0.219531 0.840820 0.219531 0.837891 0.218750 0.836914 0.218750 0.834961 0.217969 0.833984 0.217969 0.833008 0.217188 0.832031 0.217188 0.831055 0.216406 0.830078
12 0.392188 0.623047 0.390625 0.625000 0.389062 0.625000 0.388281 0.625977 0.387500 0.625977 0.386719 0.626953 0.385937 0.626953 0.385156 0.627930 0.384375 0.627930 0.382812 0.629883 0.382031 0.629883 0.381250 0.630859 0.381250 0.631836 0.379688 0.633789 0.379688 0.634766 0.376563 0.638672 0.376563 0.639648 0.374219 0.642578 0.374219 0.643555 0.373437 0.644531 0.373437 0.678711 0.375781 0.681641 0.375781 0.682617 0.376563 0.683594 0.376563 0.684570 0.377344 0.685547 0.377344 0.686523 0.378125 0.687500 0.378125 0.688477 0.382031 0.693359 0.382812 0.693359 0.385156 0.696289 0.385937 0.696289 0.386719 0.697266 0.387500 0.697266 0.388281 0.698242 0.400781 0.698242 0.402344 0.696289 0.402344 0.694336 0.403125 0.693359 0.403125 0.690430 0.403906 0.689453 0.403906 0.685547 0.404687 0.684570 0.404687 0.680664 0.403906 0.679688 0.403906 0.678711 0.403125 0.677734 0.403125 0.676758 0.402344 0.675781 0.402344 0.674805 0.401562 0.673828 0.401562 0.666992 0.404687 0.663086 0.405469 0.663086 0.406250 0.662109 0.407031 0.662109 0.407813 0.661133 0.414844 0.661133 0.415625 0.660156 0.417187 0.660156 0.420312 0.656250 0.421094 0.656250 0.421094 0.633789 0.420312 0.632812 0.420312 0.631836 0.414062 0.624023 0.413281 0.624023 0.412500 0.623047
7 0.785937 0.170898 0.784375 0.172852 0.783594 0.172852 0.782031 0.174805 0.781250 0.174805 0.778125 0.178711 0.778125 0.179688 0.774219 0.184570 0.774219 0.210938 0.775781 0.212891 0.775781 0.214844 0.778125 0.217773 0.778125 0.218750 0.782813 0.224609 0.783594 0.224609 0.785156 0.226562 0.785937 0.226562 0.786719 0.227539 0.787500 0.227539 0.788281 0.228516 0.789844 0.228516 0.791406 0.230469 0.792969 0.230469 0.794531 0.232422 0.810156 0.232422 0.810937 0.231445 0.812500 0.231445 0.813281 0.230469 0.814844 0.230469 0.815625 0.229492 0.816406 0.229492 0.817187 0.228516 0.817969 0.228516 0.820312 0.225586 0.821094 0.225586 0.822656 0.223633 0.822656 0.222656 0.824219 0.220703 0.824219 0.219727 0.825000 0.218750 0.825000 0.217773 0.825781 0.216797 0.825781 0.215820 0.826562 0.214844 0.826562 0.197266 0.825781 0.196289 0.825000 0.196289 0.824219 0.195312 0.822656 0.195312 0.821875 0.194336 0.818750 0.194336 0.817187 0.196289 0.816406 0.196289 0.815625 0.197266 0.814844 0.197266 0.814063 0.198242 0.814063 0.199219 0.812500 0.201172 0.812500 0.202148 0.811719 0.203125 0.810937 0.203125 0.808594 0.206055 0.804688 0.206055 0.803906 0.205078 0.803125 0.205078 0.802344 0.204102 0.802344 0.202148 0.801562 0.201172 0.801562 0.199219 0.800000 0.197266 0.800000 0.194336 0.799219 0.193359 0.799219 0.190430 0.798438 0.189453 0.798438 0.185547 0.797656 0.184570 0.797656 0.178711 0.796875 0.177734 0.796875 0.176758 0.796094 0.176758 0.792188 0.171875 0.791406 0.171875 0.790625 0.170898
8 0.033594 0.377930 0.032813 0.378906 0.032031 0.378906 0.031250 0.379883 0.030469 0.379883 0.029687 0.380859 0.028906 0.380859 0.026562 0.383789 0.026562 0.384766 0.025781 0.385742 0.025781 0.388672 0.025000 0.389648 0.025000 0.393555 0.025781 0.394531 0.025781 0.398438 0.027344 0.400391 0.027344 0.401367 0.028906 0.403320 0.029687 0.403320 0.031250 0.405273 0.032031 0.405273 0.033594 0.407227 0.034375 0.407227 0.035156 0.408203 0.035937 0.408203 0.037500 0.410156 0.038281 0.410156 0.040625 0.413086 0.041406 0.413086 0.042188 0.414062 0.042188 0.417969 0.042969 0.418945 0.042969 0.424805 0.043750 0.425781 0.043750 0.428711 0.044531 0.429688 0.044531 0.431641 0.043750 0.432617 0.043750 0.435547 0.042188 0.437500 0.042188 0.439453 0.041406 0.440430 0.041406 0.443359 0.040625 0.444336 0.040625 0.449219 0.041406 0.450195 0.041406 0.451172 0.054688 0.451172 0.058594 0.446289 0.059375 0.446289 0.059375 0.445312 0.060156 0.444336 0.060937 0.444336 0.062500 0.442383 0.062500 0.441406 0.064062 0.439453 0.064062 0.437500 0.064844 0.436523 0.064844 0.435547 0.065625 0.434570 0.065625 0.433594 0.066406 0.432617 0.066406 0.421875 0.067187 0.420898 0.067187 0.418945 0.067969 0.417969 0.067969 0.416016 0.067187 0.415039 0.067187 0.407227 0.066406 0.406250 0.066406 0.404297 0.065625 0.403320 0.065625 0.400391 0.064844 0.399414 0.064844 0.396484 0.063281 0.394531 0.063281 0.393555 0.062500 0.392578 0.062500 0.391602 0.060937 0.389648 0.060937 0.388672 0.052344 0.377930
12 0.434375 0.055664 0.433594 0.056641 0.428125 0.056641 0.427344 0.057617 0.426563 0.057617 0.423438 0.061523 0.423438 0.062500 0.421875 0.064453 0.421875 0.065430 0.421094 0.066406 0.421094 0.068359 0.420312 0.069336 0.421094 0.070312 0.420312 0.071289 0.420312 0.072266 0.419531 0.073242 0.419531 0.074219 0.416406 0.078125 0.415625 0.078125 0.414844 0.079102 0.410156 0.079102 0.409375 0.080078 0.408594 0.079102 0.405469 0.079102 0.401562 0.074219 0.400781 0.074219 0.399219 0.072266 0.398438 0.072266 0.397656 0.071289 0.396875 0.071289 0.395313 0.069336 0.394531 0.069336 0.393750 0.070312 0.390625 0.070312 0.389062 0.072266 0.388281 0.072266 0.388281 0.092773 0.389844 0.094727 0.389844 0.095703 0.390625 0.096680 0.390625 0.097656 0.392969 0.100586 0.392969 0.101562 0.397656 0.107422 0.398438 0.107422 0.399219 0.108398 0.400781 0.108398 0.401562 0.109375 0.403125 0.109375 0.403906 0.110352 0.405469 0.110352 0.406250 0.111328 0.407031 0.111328 0.407813 0.112305 0.423438 0.112305 0.424219 0.111328 0.425781 0.111328 0.426563 0.110352 0.428125 0.110352 0.428906 0.109375 0.429688 0.109375 0.430469 0.108398 0.431250 0.108398 0.432031 0.107422 0.432812 0.107422 0.433594 0.106445 0.434375 0.106445 0.435156 0.105469 0.435937 0.105469 0.440625 0.099609 0.440625 0.098633 0.442188 0.096680 0.442188 0.095703 0.442969 0.094727 0.442969 0.093750 0.443750 0.092773 0.443750 0.061523 0.442188 0.059570 0.441406 0.059570 0.439844 0.057617 0.439063 0.057617 0.438281 0.056641 0.436719 0.056641 0.435937 0.055664
12 0.784375 0.468750 0.780469 0.473633 0.779687 0.473633 0.775000 0.479492 0.775000 0.480469 0.774219 0.481445 0.773438 0.481445 0.771094 0.484375 0.771094 0.485352 0.770312 0.486328 0.770312 0.487305 0.769531 0.488281 0.769531 0.490234 0.768750 0.491211 0.768750 0.492188 0.767188 0.494141 0.767188 0.498047 0.766406 0.499023 0.766406 0.500977 0.765625 0.501953 0.765625 0.503906 0.766406 0.504883 0.765625 0.505859 0.765625 0.506836 0.764844 0.507812 0.764844 0.524414 0.766406 0.526367 0.766406 0.527344 0.772656 0.535156 0.772656 0.536133 0.775000 0.539062 0.775000 0.540039 0.775781 0.540039 0.776563 0.541016 0.777344 0.541016 0.778125 0.541992 0.779687 0.541992 0.780469 0.542969 0.790625 0.542969 0.792969 0.540039 0.793750 0.540039 0.795312 0.538086 0.795312 0.537109 0.796094 0.536133 0.796094 0.534180 0.796875 0.533203 0.796875 0.531250 0.797656 0.530273 0.797656 0.528320 0.798438 0.527344 0.798438 0.526367 0.797656 0.525391 0.797656 0.523438 0.796875 0.522461 0.796875 0.517578 0.796094 0.516602 0.796094 0.507812 0.795312 0.506836 0.795312 0.499023 0.794531 0.498047 0.794531 0.491211 0.795312 0.490234 0.795312 0.487305 0.800000 0.481445 0.800000 0.480469 0.800781 0.479492 0.800781 0.471680 0.799219 0.469727 0.799219 0.468750
0 0.578906 0.262695 0.577344 0.264648 0.575781 0.264648 0.575000 0.265625 0.574219 0.265625 0.573438 0.266602 0.572656 0.266602 0.571875 0.267578 0.571094 0.267578 0.568750 0.270508 0.567969 0.270508 0.567187 0.271484 0.566406 0.271484 0.563281 0.275391 0.563281 0.276367 0.561719 0.278320 0.561719 0.279297 0.560156 0.281250 0.560156 0.282227 0.559375 0.283203 0.559375 0.284180 0.558594 0.285156 0.558594 0.286133 0.557813 0.287109 0.557813 0.289062 0.556250 0.291016 0.556250 0.301758 0.557031 0.302734 0.569531 0.302734 0.570312 0.301758 0.572656 0.301758 0.573438 0.300781 0.578906 0.300781 0.579688 0.299805 0.580469 0.299805 0.581250 0.298828 0.582031 0.298828 0.583594 0.296875 0.584375 0.296875 0.585156 0.295898 0.585938 0.295898 0.586719 0.294922 0.587500 0.294922 0.588281 0.293945 0.589844 0.293945 0.590625 0.292969 0.592187 0.292969 0.592969 0.291992 0.593750 0.291992 0.594531 0.291016 0.595313 0.291016 0.596094 0.290039 0.596875 0.290039 0.597656 0.289062 0.598437 0.289062 0.598437 0.288086 0.599219 0.287109 0.599219 0.286133 0.600781 0.284180 0.600781 0.270508 0.599219 0.268555 0.599219 0.267578 0.597656 0.265625 0.596875 0.265625 0.594531 0.262695
4 0.518750 0.226562 0.515625 0.230469 0.515625 0.231445 0.513281 0.234375 0.513281 0.238281 0.512500 0.239258 0.512500 0.250977 0.513281 0.251953 0.513281 0.252930 0.514062 0.253906 0.514062 0.256836 0.514844 0.257812 0.514844 0.258789 0.516406 0.260742 0.516406 0.261719 0.517188 0.262695 0.517188 0.263672 0.517969 0.264648 0.517969 0.265625 0.518750 0.265625 0.523438 0.271484 0.524219 0.271484 0.525781 0.273438 0.526563 0.273438 0.528125 0.275391 0.528906 0.275391 0.529687 0.276367 0.531250 0.276367 0.532031 0.277344 0.534375 0.277344 0.535156 0.278320 0.551562 0.278320 0.552344 0.277344 0.553125 0.277344 0.553906 0.276367 0.555469 0.276367 0.556250 0.275391 0.557031 0.275391 0.557813 0.274414 0.560156 0.274414 0.560937 0.273438 0.561719 0.273438 0.562500 0.272461 0.563281 0.272461 0.564844 0.270508 0.565625 0.270508 0.567187 0.268555 0.567969 0.268555 0.575781 0.258789 0.575781 0.257812 0.576562 0.256836 0.576562 0.255859 0.578125 0.253906 0.578125 0.239258 0.576562 0.237305 0.576562 0.236328 0.575781 0.235352 0.575000 0.235352 0.574219 0.234375 0.572656 0.234375 0.571875 0.233398 0.568750 0.233398 0.567969 0.232422 0.567187 0.232422 0.566406 0.233398 0.562500 0.233398 0.561719 0.234375 0.560156 0.234375 0.559375 0.235352 0.558594 0.235352 0.556250 0.238281 0.555469 0.238281 0.554688 0.239258 0.553906 0.239258 0.553125 0.240234 0.552344 0.240234 0.551562 0.241211 0.548438 0.241211 0.547656 0.242188 0.546875 0.242188 0.544531 0.239258 0.544531 0.238281 0.543750 0.237305 0.543750 0.235352 0.542969 0.234375 0.542969 0.232422 0.542188 0.231445 0.542188 0.229492 0.541406 0.228516 0.541406 0.226562
4 0.529687 0.502930 0.528906 0.503906 0.527344 0.503906 0.526563 0.504883 0.524219 0.504883 0.522656 0.506836 0.521875 0.506836 0.520312 0.508789 0.519531 0.508789 0.515625 0.513672 0.514844 0.513672 0.514844 0.514648 0.514062 0.515625 0.514062 0.516602 0.512500 0.518555 0.512500 0.519531 0.510938 0.521484 0.510938 0.538086 0.511719 0.539062 0.512500 0.539062 0.513281 0.540039 0.514062 0.540039 0.514844 0.541016 0.517969 0.541016 0.519531 0.539062 0.520312 0.539062 0.522656 0.536133 0.523438 0.536133 0.526563 0.532227 0.526563 0.531250 0.528906 0.528320 0.529687 0.528320 0.531250 0.526367 0.535156 0.526367 0.535937 0.527344 0.536719 0.527344 0.537500 0.528320 0.538281 0.528320 0.541406 0.532227 0.541406 0.534180 0.542969 0.536133 0.542969 0.537109 0.543750 0.538086 0.543750 0.541016 0.545312 0.542969 0.545312 0.543945 0.546094 0.544922 0.546094 0.546875 0.547656 0.548828 0.547656 0.549805 0.548438 0.550781 0.549219 0.550781 0.550000 0.551758 0.550781 0.550781 0.551562 0.551758 0.553125 0.551758 0.553906 0.550781 0.557813 0.550781 0.559375 0.548828 0.560937 0.548828 0.561719 0.547852 0.562500 0.547852 0.563281 0.546875 0.564063 0.546875 0.564063 0.521484 0.562500 0.519531 0.562500 0.518555 0.561719 0.517578 0.561719 0.516602 0.560156 0.514648 0.560156 0.513672 0.555469 0.507812 0.554688 0.507812 0.553906 0.506836 0.552344 0.506836 0.551562 0.505859 0.550000 0.505859 0.549219 0.504883 0.546094 0.504883 0.545312 0.503906 0.542969 0.503906 0.542188 0.502930
0 0.409375 0.912109 0.409375 0.913086 0.407813 0.915039 0.407031 0.915039 0.405469 0.916992 0.405469 0.917969 0.403906 0.919922 0.403906 0.920898 0.402344 0.922852 0.402344 0.923828 0.401562 0.924805 0.401562 0.925781 0.400781 0.926758 0.400781 0.927734 0.399219 0.929688 0.399219 0.931641 0.398438 0.932617 0.398438 0.933594 0.397656 0.934570 0.397656 0.948242 0.398438 0.949219 0.398438 0.950195 0.400781 0.953125 0.400781 0.956055 0.399219 0.958008 0.398438 0.958008 0.396875 0.959961 0.396094 0.959961 0.394531 0.961914 0.392969 0.961914 0.392188 0.962891 0.391406 0.962891 0.389844 0.964844 0.389062 0.964844 0.386719 0.967773 0.386719 0.968750 0.385937 0.969727 0.385937 0.974609 0.388281 0.977539 0.388281 0.978516 0.389062 0.979492 0.389062 0.981445 0.389844 0.982422 0.389844 0.984375 0.390625 0.985352 0.390625 0.987305 0.391406 0.988281 0.391406 0.989258 0.395313 0.994141 0.417187 0.994141 0.418750 0.992188 0.419531 0.992188 0.421875 0.989258 0.422656 0.989258 0.428125 0.982422 0.428125 0.981445 0.431250 0.977539 0.431250 0.976562 0.432031 0.975586 0.432031 0.973633 0.432812 0.972656 0.432812 0.971680 0.434375 0.969727 0.434375 0.968750 0.435937 0.966797 0.435937 0.942383 0.432812 0.938477 0.432031 0.938477 0.429688 0.935547 0.429688 0.934570 0.428906 0.933594 0.428906 0.932617 0.428125 0.931641 0.428125 0.929688 0.427344 0.928711 0.427344 0.921875 0.426563 0.920898 0.426563 0.918945 0.425781 0.917969 0.425781 0.916992 0.424219 0.915039 0.423438 0.915039 0.422656 0.914062 0.421875 0.914062 0.420312 0.912109
10 0.573438 0.399414 0.573438 0.400391 0.572656 0.401367 0.572656 0.403320 0.571875 0.404297 0.571875 0.409180 0.571094 0.410156 0.571094 0.413086 0.571875 0.414062 0.571875 0.416992 0.572656 0.417969 0.572656 0.420898 0.573438 0.421875 0.573438 0.425781 0.574219 0.426758 0.574219 0.427734 0.576562 0.430664 0.576562 0.431641 0.577344 0.432617 0.577344 0.433594 0.583594 0.441406 0.584375 0.441406 0.585938 0.443359 0.586719 0.443359 0.588281 0.445312 0.589063 0.445312 0.589844 0.446289 0.611719 0.446289 0.613281 0.444336 0.614844 0.444336 0.615625 0.443359 0.616406 0.443359 0.620313 0.438477 0.620313 0.437500 0.622656 0.434570 0.622656 0.433594 0.623437 0.432617 0.623437 0.431641 0.624219 0.430664 0.624219 0.409180 0.623437 0.408203 0.622656 0.408203 0.621875 0.407227 0.617969 0.407227 0.617188 0.406250 0.614062 0.406250 0.613281 0.407227 0.612500 0.407227 0.611719 0.408203 0.610938 0.408203 0.608594 0.411133 0.608594 0.412109 0.607031 0.414062 0.606250 0.414062 0.605469 0.415039 0.603906 0.415039 0.603125 0.416016 0.600781 0.416016 0.599219 0.414062 0.598437 0.414062 0.596875 0.412109 0.596094 0.412109 0.594531 0.410156 0.593750 0.410156 0.591406 0.407227 0.591406 0.405273 0.589063 0.402344 0.588281 0.402344 0.585938 0.399414
8 0.207031 0.638672 0.206250 0.639648 0.205469 0.639648 0.204687 0.640625 0.203906 0.640625 0.202344 0.642578 0.202344 0.643555 0.201563 0.644531 0.201563 0.645508 0.200000 0.647461 0.200000 0.653320 0.199219 0.654297 0.199219 0.658203 0.198437 0.659180 0.198437 0.661133 0.197656 0.662109 0.197656 0.664062 0.196875 0.665039 0.196875 0.666992 0.196094 0.667969 0.196094 0.668945 0.194531 0.670898 0.193750 0.670898 0.192969 0.671875 0.184375 0.671875 0.183594 0.670898 0.182812 0.670898 0.182031 0.669922 0.180469 0.669922 0.179688 0.668945 0.178125 0.668945 0.177344 0.667969 0.174219 0.667969 0.173437 0.666992 0.171094 0.666992 0.170313 0.667969 0.169531 0.667969 0.164844 0.673828 0.164844 0.690430 0.165625 0.690430 0.166406 0.691406 0.166406 0.692383 0.167187 0.693359 0.167969 0.693359 0.170313 0.696289 0.170313 0.697266 0.171094 0.697266 0.172656 0.699219 0.173437 0.699219 0.174219 0.700195 0.175000 0.700195 0.176563 0.702148 0.177344 0.702148 0.178125 0.703125 0.178906 0.703125 0.179688 0.704102 0.180469 0.704102 0.181250 0.705078 0.183594 0.705078 0.184375 0.706055 0.197656 0.706055 0.198437 0.705078 0.200000 0.705078 0.200781 0.704102 0.202344 0.704102 0.203125 0.703125 0.203906 0.703125 0.204687 0.702148 0.205469 0.702148 0.206250 0.701172 0.207031 0.701172 0.210938 0.696289 0.211719 0.696289 0.214844 0.692383 0.214844 0.691406 0.217188 0.688477 0.217188 0.687500 0.218750 0.685547 0.218750 0.684570 0.219531 0.683594 0.219531 0.682617 0.221094 0.680664 0.221094 0.679688 0.221875 0.678711 0.221875 0.655273 0.221094 0.654297 0.221094 0.652344 0.220312 0.651367 0.220312 0.650391 0.219531 0.649414 0.219531 0.648438 0.218750 0.647461 0.218750 0.646484 0.217969 0.645508 0.217969 0.644531 0.215625 0.641602 0.214844 0.641602 0.213281 0.639648 0.212500 0.639648 0.211719 0.638672
3 0.167187 0.160156 0.165625 0.162109 0.164844 0.162109 0.164844 0.181641 0.165625 0.182617 0.165625 0.183594 0.169531 0.188477 0.169531 0.189453 0.173437 0.194336 0.174219 0.194336 0.175781 0.196289 0.176563 0.196289 0.178125 0.198242 0.178906 0.198242 0.179688 0.199219 0.180469 0.199219 0.182031 0.201172 0.200000 0.201172 0.200781 0.200195 0.201563 0.200195 0.202344 0.199219 0.203125 0.199219 0.203906 0.198242 0.205469 0.198242 0.206250 0.197266 0.207031 0.197266 0.214844 0.187500 0.214844 0.186523 0.216406 0.184570 0.216406 0.166016 0.215625 0.166016 0.213281 0.163086 0.212500 0.163086 0.211719 0.162109 0.205469 0.162109 0.204687 0.163086 0.203906 0.163086 0.203125 0.164062 0.202344 0.164062 0.201563 0.165039 0.201563 0.166016 0.198437 0.169922 0.197656 0.169922 0.196875 0.170898 0.196094 0.170898 0.195312 0.171875 0.189844 0.171875 0.189062 0.170898 0.188281 0.170898 0.187500 0.169922 0.186719 0.169922 0.185156 0.167969 0.184375 0.167969 0.181250 0.164062 0.180469 0.164062 0.179688 0.163086 0.178906 0.163086 0.176563 0.160156
8 0.143750 0.565430 0.142187 0.567383 0.141406 0.567383 0.138281 0.571289 0.137500 0.571289 0.135937 0.573242 0.135937 0.575195 0.135156 0.576172 0.135156 0.578125 0.134375 0.579102 0.134375 0.580078 0.135156 0.581055 0.135156 0.583008 0.135937 0.583984 0.135937 0.584961 0.136719 0.585938 0.136719 0.587891 0.137500 0.588867 0.137500 0.593750 0.138281 0.594727 0.138281 0.596680 0.137500 0.597656 0.137500 0.600586 0.138281 0.601562 0.138281 0.603516 0.137500 0.604492 0.137500 0.609375 0.135156 0.612305 0.133594 0.612305 0.132812 0.613281 0.132031 0.612305 0.127344 0.612305 0.126562 0.613281 0.125781 0.613281 0.125781 0.636719 0.127344 0.636719 0.128125 0.637695 0.128906 0.637695 0.129688 0.638672 0.132031 0.638672 0.132812 0.639648 0.138281 0.639648 0.139063 0.638672 0.141406 0.638672 0.142187 0.637695 0.143750 0.637695 0.144531 0.636719 0.145313 0.636719 0.146875 0.634766 0.148438 0.634766 0.150000 0.632812 0.150781 0.632812 0.151562 0.631836 0.151562 0.630859 0.154688 0.626953 0.155469 0.626953 0.155469 0.625977 0.157031 0.624023 0.157031 0.623047 0.157812 0.622070 0.157812 0.621094 0.158594 0.620117 0.158594 0.619141 0.159375 0.618164 0.159375 0.616211 0.160156 0.615234 0.160156 0.614258 0.160938 0.613281 0.160938 0.611328 0.162500 0.609375 0.162500 0.571289 0.159375 0.567383 0.158594 0.567383 0.157812 0.566406 0.157031 0.566406 0.156250 0.565430