7 0.582031 0.322266 0.581250 0.323242 0.580469 0.323242 0.579688 0.324219 0.579688 0.325195 0.578125 0.327148 0.578125 0.330078 0.577344 0.331055 0.577344 0.332031 0.578125 0.333008 0.578125 0.334961 0.577344 0.335938 0.577344 0.337891 0.576562 0.338867 0.576562 0.339844 0.573438 0.343750 0.572656 0.343750 0.571094 0.345703 0.569531 0.345703 0.568750 0.346680 0.567969 0.346680 0.567187 0.347656 0.566406 0.347656 0.565625 0.348633 0.563281 0.348633 0.562500 0.347656 0.560156 0.347656 0.559375 0.346680 0.557031 0.346680 0.555469 0.344727 0.554688 0.344727 0.553906 0.343750 0.553125 0.343750 0.551562 0.341797 0.547656 0.341797 0.546094 0.343750 0.545312 0.343750 0.545312 0.363281 0.546094 0.363281 0.550781 0.369141 0.551562 0.369141 0.553125 0.371094 0.554688 0.371094 0.555469 0.372070 0.556250 0.372070 0.557031 0.373047 0.559375 0.373047 0.560156 0.374023 0.561719 0.374023 0.562500 0.375000 0.575781 0.375000 0.576562 0.374023 0.578125 0.374023 0.578906 0.373047 0.579688 0.373047 0.580469 0.372070 0.582031 0.372070 0.582812 0.371094 0.583594 0.371094 0.585156 0.369141 0.585938 0.369141 0.587500 0.367188 0.588281 0.367188 0.589063 0.366211 0.590625 0.366211 0.592187 0.364258 0.592969 0.364258 0.597656 0.358398 0.597656 0.357422 0.598437 0.356445 0.598437 0.332031 0.597656 0.331055 0.597656 0.330078 0.592969 0.324219 0.592187 0.324219 0.591406 0.323242 0.588281 0.323242 0.587500 0.322266
6 0.879687 0.618164 0.878906 0.619141 0.878125 0.619141 0.871875 0.626953 0.871875 0.627930 0.870313 0.629883 0.870313 0.630859 0.869531 0.631836 0.869531 0.632812 0.868750 0.633789 0.868750 0.634766 0.867969 0.635742 0.867969 0.636719 0.867188 0.637695 0.867188 0.639648 0.866406 0.640625 0.866406 0.655273 0.867188 0.656250 0.867188 0.657227 0.867969 0.658203 0.867969 0.659180 0.868750 0.660156 0.868750 0.661133 0.869531 0.662109 0.869531 0.664062 0.870313 0.665039 0.870313 0.666016 0.871875 0.667969 0.871875 0.668945 0.872656 0.669922 0.872656 0.670898 0.877344 0.676758 0.877344 0.677734 0.878125 0.678711 0.878906 0.678711 0.882812 0.683594 0.883594 0.683594 0.884375 0.684570 0.885156 0.684570 0.885938 0.685547 0.909375 0.685547 0.909375 0.684570 0.910937 0.682617 0.911719 0.682617 0.912500 0.681641 0.912500 0.680664 0.913281 0.679688 0.913281 0.678711 0.914062 0.677734 0.914062 0.670898 0.912500 0.668945 0.912500 0.667969 0.908594 0.663086 0.907031 0.663086 0.905469 0.661133 0.903906 0.661133 0.903125 0.660156 0.900781 0.660156 0.895312 0.653320 0.895312 0.648438 0.896094 0.647461 0.896094 0.646484 0.897656 0.644531 0.897656 0.643555 0.898438 0.642578 0.898438 0.641602 0.900000 0.639648 0.900000 0.638672 0.902344 0.635742 0.903125 0.635742 0.903906 0.634766 0.904687 0.634766 0.906250 0.632812 0.906250 0.630859 0.905469 0.629883 0.905469 0.627930 0.904687 0.626953 0.904687 0.625977 0.903125 0.624023 0.901563 0.624023 0.900000 0.622070 0.899219 0.622070 0.897656 0.620117 0.897656 0.619141 0.896875 0.618164
11 0.432031 0.711914 0.431250 0.712891 0.425781 0.712891 0.425000 0.713867 0.424219 0.713867 0.423438 0.714844 0.419531 0.714844 0.418750 0.715820 0.417187 0.715820 0.415625 0.717773 0.415625 0.718750 0.414844 0.719727 0.414844 0.720703 0.414062 0.721680 0.414062 0.722656 0.412500 0.724609 0.412500 0.725586 0.409375 0.729492 0.409375 0.755859 0.414844 0.762695 0.417187 0.762695 0.417969 0.763672 0.421875 0.763672 0.422656 0.764648 0.424219 0.764648 0.426563 0.767578 0.426563 0.768555 0.427344 0.769531 0.427344 0.777344 0.428125 0.778320 0.428125 0.781250 0.428906 0.782227 0.428906 0.785156 0.429688 0.786133 0.429688 0.788086 0.430469 0.789062 0.430469 0.790039 0.431250 0.791016 0.431250 0.793945 0.432031 0.794922 0.432031 0.795898 0.433594 0.797852 0.433594 0.798828 0.435937 0.801758 0.436719 0.801758 0.437500 0.802734 0.438281 0.802734 0.439063 0.803711 0.453125 0.803711 0.453906 0.802734 0.455469 0.802734 0.456250 0.801758 0.457031 0.801758 0.458594 0.799805 0.459375 0.799805 0.460938 0.797852 0.461719 0.797852 0.464844 0.793945 0.464844 0.792969 0.466406 0.791016 0.466406 0.790039 0.468750 0.787109 0.468750 0.786133 0.471875 0.782227 0.471875 0.781250 0.473438 0.779297 0.473438 0.746094 0.472656 0.745117 0.472656 0.744141 0.471875 0.743164 0.471875 0.739258 0.471094 0.738281 0.471094 0.737305 0.470313 0.736328 0.470313 0.735352 0.469531 0.734375 0.469531 0.732422 0.467969 0.730469 0.467969 0.729492 0.467187 0.728516 0.467187 0.727539 0.465625 0.725586 0.465625 0.724609 0.464844 0.723633 0.464062 0.723633 0.460156 0.718750 0.458594 0.718750 0.457813 0.717773 0.457031 0.717773 0.455469 0.715820 0.453906 0.715820 0.453125 0.714844 0.452344 0.714844 0.451562 0.713867 0.449219 0.713867 0.448437 0.712891 0.446875 0.712891 0.446094 0.711914
3 0.142187 0.722656 0.137500 0.728516 0.137500 0.729492 0.135156 0.732422 0.135156 0.733398 0.134375 0.734375 0.134375 0.735352 0.133594 0.736328 0.133594 0.737305 0.132812 0.738281 0.132812 0.739258 0.132031 0.740234 0.132031 0.741211 0.131250 0.742188 0.131250 0.765625 0.132031 0.766602 0.132031 0.767578 0.132812 0.768555 0.132812 0.770508 0.133594 0.771484 0.133594 0.772461 0.135156 0.774414 0.135156 0.775391 0.135937 0.776367 0.135937 0.777344 0.136719 0.778320 0.136719 0.779297 0.139063 0.782227 0.139063 0.783203 0.140625 0.785156 0.141406 0.785156 0.144531 0.789062 0.145313 0.789062 0.147656 0.791992 0.167969 0.791992 0.169531 0.790039 0.170313 0.790039 0.172656 0.787109 0.173437 0.787109 0.175000 0.785156 0.175000 0.784180 0.175781 0.783203 0.175781 0.781250 0.176563 0.780273 0.176563 0.771484 0.175781 0.770508 0.175781 0.768555 0.175000 0.767578 0.175000 0.765625 0.171094 0.760742 0.169531 0.760742 0.168750 0.759766 0.167187 0.759766 0.166406 0.758789 0.160938 0.758789 0.160156 0.757812 0.159375 0.757812 0.154688 0.751953 0.154688 0.750977 0.153906 0.750000 0.153906 0.748047 0.154688 0.747070 0.154688 0.746094 0.155469 0.745117 0.155469 0.744141 0.156250 0.743164 0.156250 0.742188 0.157031 0.741211 0.157031 0.740234 0.157812 0.739258 0.157812 0.733398 0.158594 0.732422 0.158594 0.726562 0.157031 0.724609 0.157031 0.723633 0.156250 0.722656
12 0.275000 0.124023 0.274219 0.125000 0.273438 0.125000 0.272656 0.125977 0.271875 0.125977 0.271094 0.126953 0.270313 0.126953 0.269531 0.127930 0.268750 0.127930 0.266406 0.130859 0.266406 0.131836 0.264844 0.133789 0.264844 0.134766 0.261719 0.138672 0.261719 0.139648 0.259375 0.142578 0.258594 0.142578 0.257031 0.144531 0.255469 0.144531 0.254688 0.145508 0.253906 0.145508 0.251563 0.142578 0.251563 0.141602 0.247656 0.136719 0.247656 0.135742 0.246094 0.133789 0.246094 0.132812 0.245312 0.132812 0.244531 0.131836 0.244531 0.130859 0.243750 0.129883 0.242969 0.129883 0.242188 0.128906 0.241406 0.128906 0.240625 0.127930 0.238281 0.127930 0.237500 0.126953 0.232813 0.126953 0.232031 0.127930 0.231250 0.127930 0.229687 0.129883 0.228906 0.129883 0.228125 0.130859 0.228125 0.131836 0.227344 0.132812 0.227344 0.133789 0.226562 0.134766 0.226562 0.135742 0.225781 0.136719 0.225781 0.146484 0.226562 0.147461 0.226562 0.149414 0.227344 0.150391 0.227344 0.151367 0.228125 0.152344 0.228125 0.155273 0.228906 0.156250 0.228906 0.158203 0.230469 0.160156 0.230469 0.161133 0.231250 0.162109 0.231250 0.163086 0.232031 0.164062 0.232031 0.165039 0.232813 0.166016 0.232813 0.166992 0.235937 0.170898 0.236719 0.170898 0.237500 0.171875 0.238281 0.171875 0.240625 0.174805 0.242188 0.174805 0.242969 0.175781 0.243750 0.175781 0.244531 0.176758 0.245312 0.176758 0.246094 0.177734 0.267969 0.177734 0.268750 0.176758 0.269531 0.176758 0.271094 0.174805 0.272656 0.174805 0.273438 0.173828 0.274219 0.173828 0.275000 0.172852 0.275000 0.171875 0.275781 0.170898 0.276562 0.170898 0.277344 0.169922 0.278125 0.169922 0.278906 0.168945 0.278906 0.167969 0.281250 0.165039 0.281250 0.164062 0.282031 0.163086 0.282031 0.162109 0.283594 0.160156 0.283594 0.158203 0.284375 0.157227 0.284375 0.129883 0.282813 0.127930 0.282813 0.126953 0.281250 0.125000 0.279687 0.125000 0.278906 0.124023
4 0.139844 0.337891 0.139063 0.338867 0.138281 0.338867 0.137500 0.339844 0.136719 0.339844 0.135937 0.340820 0.135937 0.341797 0.135156 0.342773 0.135156 0.343750 0.134375 0.344727 0.134375 0.350586 0.133594 0.351562 0.133594 0.355469 0.134375 0.356445 0.134375 0.357422 0.133594 0.358398 0.133594 0.363281 0.132812 0.364258 0.132031 0.364258 0.130469 0.366211 0.127344 0.366211 0.126562 0.367188 0.124219 0.367188 0.123438 0.366211 0.116406 0.366211 0.115625 0.367188 0.114844 0.367188 0.111719 0.371094 0.110937 0.371094 0.109375 0.373047 0.109375 0.374023 0.108594 0.375000 0.107813 0.375000 0.107813 0.392578 0.110156 0.395508 0.110937 0.395508 0.113281 0.398438 0.114062 0.398438 0.114844 0.399414 0.117969 0.399414 0.118750 0.400391 0.118750 0.401367 0.128906 0.401367 0.129688 0.400391 0.131250 0.400391 0.132031 0.399414 0.132812 0.399414 0.133594 0.398438 0.135156 0.398438 0.135937 0.397461 0.136719 0.397461 0.137500 0.396484 0.138281 0.396484 0.140625 0.393555 0.141406 0.393555 0.143750 0.390625 0.144531 0.390625 0.149219 0.384766 0.149219 0.383789 0.150781 0.381836 0.150781 0.380859 0.153125 0.377930 0.153125 0.346680 0.152344 0.345703 0.152344 0.344727 0.149219 0.340820 0.148438 0.340820 0.146875 0.338867 0.143750 0.338867 0.142969 0.337891
9 0.403125 0.337891 0.402344 0.338867 0.400781 0.338867 0.400000 0.339844 0.396875 0.339844 0.396094 0.340820 0.394531 0.340820 0.393750 0.341797 0.392969 0.341797 0.392188 0.342773 0.391406 0.342773 0.389844 0.344727 0.389062 0.344727 0.388281 0.345703 0.387500 0.345703 0.385937 0.347656 0.385156 0.347656 0.382812 0.350586 0.382812 0.352539 0.381250 0.354492 0.381250 0.362305 0.384375 0.366211 0.385156 0.366211 0.385937 0.367188 0.387500 0.367188 0.388281 0.368164 0.390625 0.368164 0.391406 0.369141 0.393750 0.369141 0.394531 0.370117 0.396094 0.370117 0.396875 0.369141 0.397656 0.369141 0.399219 0.371094 0.400781 0.371094 0.401562 0.372070 0.403906 0.372070 0.404687 0.373047 0.405469 0.373047 0.406250 0.374023 0.407031 0.374023 0.408594 0.375977 0.409375 0.375977 0.410156 0.376953 0.410156 0.385742 0.410938 0.386719 0.410938 0.387695 0.411719 0.388672 0.411719 0.389648 0.427344 0.389648 0.427344 0.388672 0.429688 0.385742 0.429688 0.384766 0.431250 0.382812 0.431250 0.379883 0.432812 0.377930 0.432812 0.376953 0.433594 0.375977 0.433594 0.364258 0.432812 0.363281 0.432812 0.362305 0.432031 0.361328 0.432031 0.360352 0.430469 0.358398 0.430469 0.356445 0.429688 0.355469 0.429688 0.353516 0.428906 0.352539 0.428906 0.351562 0.427344 0.349609 0.427344 0.348633 0.421094 0.340820 0.420312 0.340820 0.419531 0.339844 0.418750 0.339844 0.417969 0.338867 0.417187 0.338867 0.416406 0.337891
3 0.110156 0.561523 0.108594 0.563477 0.106250 0.563477 0.105469 0.564453 0.104688 0.564453 0.103906 0.565430 0.102344 0.565430 0.100781 0.567383 0.100000 0.567383 0.099219 0.568359 0.098437 0.568359 0.096094 0.571289 0.095312 0.571289 0.094531 0.572266 0.093750 0.572266 0.092188 0.574219 0.091406 0.574219 0.085938 0.581055 0.085938 0.582031 0.084375 0.583984 0.084375 0.584961 0.082812 0.586914 0.082812 0.588867 0.082031 0.589844 0.082031 0.590820 0.081250 0.591797 0.081250 0.593750 0.080469 0.594727 0.080469 0.596680 0.079687 0.597656 0.079687 0.614258 0.080469 0.615234 0.080469 0.617188 0.081250 0.618164 0.081250 0.619141 0.082031 0.620117 0.082031 0.623047 0.083594 0.625000 0.083594 0.625977 0.084375 0.626953 0.084375 0.627930 0.085156 0.628906 0.085156 0.629883 0.089063 0.634766 0.089844 0.634766 0.091406 0.636719 0.092188 0.636719 0.093750 0.638672 0.115625 0.638672 0.115625 0.637695 0.117188 0.635742 0.117188 0.634766 0.118750 0.632812 0.118750 0.630859 0.119531 0.629883 0.119531 0.626953 0.120313 0.625977 0.120313 0.623047 0.119531 0.622070 0.119531 0.618164 0.117969 0.616211 0.117969 0.615234 0.117188 0.614258 0.117188 0.613281 0.116406 0.612305 0.116406 0.611328 0.114844 0.609375 0.114844 0.608398 0.114062 0.607422 0.114062 0.602539 0.115625 0.600586 0.118750 0.600586 0.119531 0.599609 0.121094 0.599609 0.121875 0.598633 0.122656 0.598633 0.123438 0.597656 0.128125 0.597656 0.128906 0.598633 0.132031 0.598633 0.132812 0.599609 0.133594 0.599609 0.134375 0.598633 0.137500 0.598633 0.138281 0.597656 0.141406 0.597656 0.142187 0.596680 0.145313 0.596680 0.146094 0.595703 0.147656 0.595703 0.148438 0.594727 0.149219 0.594727 0.150781 0.592773 0.151562 0.592773 0.152344 0.591797 0.153125 0.591797 0.153906 0.590820 0.153906 0.589844 0.155469 0.587891 0.155469 0.586914 0.156250 0.585938 0.156250 0.583008 0.155469 0.582031 0.155469 0.580078 0.153125 0.577148 0.153125 0.576172 0.150781 0.573242 0.150781 0.572266 0.150000 0.571289 0.149219 0.571289 0.148438 0.570312 0.148438 0.569336 0.147656 0.568359 0.146875 0.568359 0.145313 0.566406 0.144531 0.566406 0.142187 0.563477 0.140625 0.563477 0.139844 0.562500 0.138281 0.562500 0.137500 0.561523
10 0.171094 0.286133 0.168750 0.289062 0.167969 0.289062 0.166406 0.291016 0.165625 0.291016 0.160156 0.297852 0.160156 0.298828 0.159375 0.299805 0.159375 0.300781 0.157812 0.302734 0.157812 0.329102 0.158594 0.330078 0.158594 0.331055 0.159375 0.332031 0.159375 0.333008 0.160156 0.333984 0.160156 0.334961 0.160938 0.335938 0.160938 0.336914 0.161719 0.337891 0.161719 0.338867 0.162500 0.339844 0.162500 0.340820 0.169531 0.349609 0.170313 0.349609 0.171875 0.351562 0.172656 0.351562 0.173437 0.352539 0.174219 0.352539 0.175000 0.353516 0.176563 0.353516 0.177344 0.354492 0.178125 0.354492 0.178906 0.355469 0.180469 0.355469 0.181250 0.356445 0.182812 0.356445 0.183594 0.357422 0.184375 0.357422 0.185938 0.359375 0.194531 0.359375 0.195312 0.358398 0.196094 0.358398 0.196875 0.357422 0.197656 0.357422 0.198437 0.356445 0.199219 0.356445 0.199219 0.345703 0.194531 0.339844 0.194531 0.338867 0.189844 0.333008 0.189844 0.326172 0.192969 0.322266 0.193750 0.322266 0.196094 0.319336 0.196094 0.318359 0.196875 0.317383 0.196875 0.316406 0.197656 0.315430 0.197656 0.312500 0.198437 0.311523 0.198437 0.309570 0.199219 0.308594 0.199219 0.298828 0.196094 0.294922 0.195312 0.294922 0.194531 0.293945 0.193750 0.293945 0.190625 0.290039 0.189844 0.290039 0.189062 0.289062 0.188281 0.289062 0.187500 0.288086 0.186719 0.288086 0.185156 0.286133
1 0.103906 0.467773 0.103125 0.468750 0.101562 0.468750 0.100781 0.469727 0.096094 0.469727 0.095312 0.470703 0.093750 0.470703 0.092969 0.471680 0.092188 0.471680 0.091406 0.472656 0.090625 0.472656 0.089844 0.473633 0.089063 0.473633 0.088281 0.474609 0.087500 0.474609 0.086719 0.475586 0.085938 0.475586 0.085156 0.476562 0.083594 0.476562 0.082031 0.478516 0.081250 0.478516 0.078906 0.481445 0.078125 0.481445 0.077344 0.482422 0.077344 0.483398 0.074219 0.487305 0.074219 0.488281 0.072656 0.490234 0.072656 0.491211 0.071094 0.493164 0.071094 0.524414 0.071875 0.525391 0.071875 0.527344 0.073438 0.529297 0.073438 0.530273 0.074219 0.531250 0.074219 0.532227 0.076563 0.535156 0.078906 0.535156 0.079687 0.536133 0.083594 0.536133 0.084375 0.535156 0.085156 0.535156 0.085938 0.534180 0.086719 0.534180 0.088281 0.532227 0.089063 0.532227 0.092188 0.528320 0.092969 0.528320 0.093750 0.527344 0.093750 0.526367 0.095312 0.524414 0.095312 0.521484 0.096094 0.520508 0.096094 0.519531 0.096875 0.518555 0.096875 0.517578 0.097656 0.516602 0.097656 0.515625 0.099219 0.513672 0.099219 0.512695 0.101562 0.509766 0.103125 0.509766 0.103906 0.510742 0.105469 0.510742 0.107031 0.512695 0.107813 0.512695 0.108594 0.513672 0.109375 0.513672 0.111719 0.516602 0.112500 0.516602 0.113281 0.517578 0.114062 0.517578 0.114844 0.518555 0.117188 0.518555 0.117969 0.519531 0.118750 0.518555 0.121875 0.518555 0.122656 0.517578 0.122656 0.516602 0.124219 0.514648 0.125000 0.514648 0.126562 0.512695 0.127344 0.512695 0.128906 0.510742 0.128906 0.483398 0.125781 0.479492 0.125781 0.478516 0.122656 0.474609 0.121875 0.474609 0.120313 0.472656 0.119531 0.472656 0.118750 0.471680 0.117969 0.471680 0.117188 0.470703 0.115625 0.470703 0.114844 0.469727 0.112500 0.469727 0.111719 0.468750 0.110156 0.468750 0.109375 0.467773
9 0.914062 0.715820 0.913281 0.716797 0.910937 0.716797 0.910156 0.717773 0.909375 0.717773 0.907031 0.720703 0.907031 0.722656 0.906250 0.723633 0.906250 0.741211 0.904687 0.743164 0.904687 0.744141 0.903906 0.745117 0.903125 0.745117 0.902344 0.746094 0.895312 0.746094 0.894531 0.745117 0.890625 0.745117 0.889844 0.746094 0.886719 0.746094 0.885938 0.747070 0.885156 0.746094 0.882812 0.746094 0.882812 0.775391 0.883594 0.775391 0.884375 0.776367 0.885938 0.776367 0.887500 0.778320 0.889062 0.778320 0.889844 0.779297 0.892188 0.779297 0.892969 0.780273 0.897656 0.780273 0.898438 0.781250 0.900000 0.781250 0.900781 0.782227 0.909375 0.782227 0.910156 0.781250 0.910937 0.781250 0.911719 0.780273 0.913281 0.780273 0.914062 0.779297 0.915625 0.779297 0.916406 0.778320 0.917188 0.778320 0.917969 0.777344 0.918750 0.777344 0.920312 0.775391 0.921094 0.775391 0.921094 0.774414 0.922656 0.772461 0.923438 0.772461 0.925781 0.769531 0.925781 0.768555 0.928125 0.765625 0.928125 0.764648 0.928906 0.763672 0.928906 0.762695 0.929688 0.761719 0.929688 0.760742 0.930469 0.759766 0.930469 0.738281 0.928906 0.736328 0.928906 0.733398 0.928125 0.732422 0.928125 0.731445 0.927344 0.730469 0.927344 0.729492 0.926562 0.728516 0.926562 0.727539 0.925000 0.725586 0.925000 0.724609 0.920312 0.718750 0.919531 0.718750 0.917969 0.716797 0.917188 0.716797 0.916406 0.715820
3 0.200000 0.524414 0.199219 0.525391 0.198437 0.525391 0.196094 0.528320 0.195312 0.528320 0.192969 0.531250 0.192188 0.531250 0.191406 0.532227 0.191406 0.533203 0.190625 0.534180 0.190625 0.535156 0.189844 0.536133 0.189844 0.537109 0.189062 0.538086 0.189062 0.540039 0.187500 0.541992 0.187500 0.574219 0.188281 0.575195 0.188281 0.577148 0.189062 0.578125 0.189062 0.580078 0.191406 0.583008 0.191406 0.583984 0.192969 0.585938 0.192969 0.586914 0.196875 0.591797 0.196875 0.592773 0.197656 0.592773 0.200000 0.595703 0.200781 0.595703 0.201563 0.596680 0.202344 0.596680 0.203906 0.598633 0.204687 0.598633 0.205469 0.599609 0.207031 0.599609 0.207813 0.600586 0.209375 0.600586 0.210156 0.601562 0.211719 0.601562 0.212500 0.602539 0.213281 0.601562 0.214062 0.602539 0.221094 0.602539 0.221875 0.601562 0.223438 0.601562 0.224219 0.600586 0.226562 0.600586 0.227344 0.599609 0.228906 0.599609 0.229687 0.598633 0.230469 0.598633 0.230469 0.576172 0.229687 0.575195 0.227344 0.575195 0.226562 0.574219 0.222656 0.574219 0.221875 0.575195 0.217969 0.575195 0.217188 0.574219 0.216406 0.574219 0.214062 0.571289 0.214062 0.570312 0.213281 0.569336 0.213281 0.568359 0.212500 0.567383 0.212500 0.565430 0.211719 0.564453 0.211719 0.561523 0.210938 0.560547 0.210938 0.558594 0.210156 0.557617 0.210938 0.556641 0.210938 0.554688 0.210156 0.553711 0.210156 0.552734 0.210938 0.551758 0.210938 0.548828 0.211719 0.547852 0.211719 0.546875 0.212500 0.545898 0.212500 0.544922 0.214062 0.542969 0.214844 0.542969 0.214844 0.541992 0.216406 0.540039 0.216406 0.539062 0.217188 0.538086 0.217188 0.532227 0.216406 0.531250 0.216406 0.530273 0.217188 0.529297 0.216406 0.528320 0.216406 0.527344 0.215625 0.526367 0.215625 0.525391 0.214844 0.524414
1 0.860938 0.192383 0.860156 0.193359 0.859375 0.193359 0.858594 0.194336 0.857812 0.194336 0.853906 0.199219 0.853906 0.200195 0.852344 0.202148 0.852344 0.203125 0.850000 0.206055 0.850000 0.207031 0.849219 0.208008 0.849219 0.208984 0.848437 0.209961 0.847656 0.209961 0.847656 0.230469 0.850781 0.234375 0.852344 0.234375 0.853906 0.236328 0.856250 0.236328 0.857031 0.237305 0.857812 0.237305 0.858594 0.238281 0.859375 0.238281 0.860156 0.239258 0.860938 0.239258 0.861719 0.238281 0.863281 0.238281 0.864062 0.239258 0.864844 0.239258 0.865625 0.238281 0.867188 0.238281 0.867969 0.237305 0.868750 0.237305 0.869531 0.236328 0.869531 0.235352 0.871094 0.233398 0.871875 0.233398 0.872656 0.232422 0.873437 0.232422 0.874219 0.231445 0.875000 0.231445 0.875781 0.232422 0.878125 0.232422 0.879687 0.234375 0.880469 0.234375 0.882812 0.237305 0.882812 0.238281 0.883594 0.239258 0.884375 0.239258 0.885156 0.240234 0.885156 0.241211 0.900781 0.241211 0.900781 0.239258 0.901563 0.238281 0.901563 0.237305 0.902344 0.236328 0.902344 0.228516 0.903125 0.227539 0.903125 0.226562 0.902344 0.225586 0.902344 0.224609 0.903125 0.223633 0.903125 0.222656 0.902344 0.221680 0.902344 0.217773 0.901563 0.216797 0.901563 0.215820 0.900781 0.214844 0.900781 0.212891 0.899219 0.210938 0.899219 0.209961 0.898438 0.208984 0.898438 0.208008 0.897656 0.207031 0.897656 0.206055 0.893750 0.201172 0.892969 0.201172 0.890625 0.198242 0.889844 0.198242 0.887500 0.195312 0.886719 0.195312 0.885938 0.194336 0.885156 0.194336 0.884375 0.193359 0.884375 0.192383
9 0.800781 0.058594 0.799219 0.060547 0.798438 0.060547 0.797656 0.061523 0.796875 0.061523 0.796094 0.062500 0.795312 0.062500 0.793750 0.064453 0.792969 0.064453 0.792188 0.065430 0.791406 0.065430 0.785937 0.072266 0.785937 0.073242 0.785156 0.074219 0.785156 0.075195 0.783594 0.077148 0.783594 0.078125 0.782813 0.079102 0.782813 0.080078 0.782031 0.081055 0.782031 0.082031 0.781250 0.083008 0.781250 0.083984 0.780469 0.084961 0.780469 0.102539 0.781250 0.103516 0.781250 0.104492 0.782031 0.105469 0.782031 0.106445 0.782813 0.107422 0.782813 0.108398 0.784375 0.110352 0.784375 0.111328 0.785937 0.113281 0.785937 0.114258 0.788281 0.117188 0.788281 0.118164 0.789062 0.118164 0.791406 0.121094 0.792188 0.121094 0.796094 0.125977 0.796875 0.125977 0.797656 0.126953 0.810937 0.126953 0.813281 0.124023 0.814063 0.124023 0.814844 0.123047 0.814844 0.122070 0.815625 0.121094 0.815625 0.119141 0.816406 0.118164 0.816406 0.114258 0.815625 0.113281 0.815625 0.112305 0.814844 0.111328 0.814844 0.109375 0.814063 0.108398 0.814063 0.107422 0.813281 0.107422 0.810156 0.103516 0.810156 0.102539 0.809375 0.101562 0.809375 0.096680 0.810156 0.095703 0.810156 0.093750 0.811719 0.091797 0.811719 0.088867 0.812500 0.087891 0.812500 0.086914 0.815625 0.083008 0.816406 0.083008 0.817187 0.082031 0.817969 0.082031 0.818750 0.081055 0.820312 0.081055 0.821094 0.080078 0.822656 0.080078 0.824219 0.078125 0.825000 0.078125 0.825000 0.077148 0.827344 0.074219 0.827344 0.066406 0.826562 0.065430 0.826562 0.063477 0.822656 0.058594
9 0.253906 0.175781 0.253125 0.176758 0.251563 0.176758 0.250781 0.177734 0.250000 0.177734 0.249219 0.178711 0.248438 0.178711 0.247656 0.179688 0.246875 0.179688 0.245312 0.181641 0.244531 0.181641 0.239844 0.187500 0.239844 0.188477 0.237500 0.191406 0.237500 0.192383 0.236719 0.193359 0.236719 0.194336 0.235156 0.196289 0.235156 0.197266 0.234375 0.198242 0.234375 0.202148 0.233594 0.203125 0.233594 0.205078 0.232813 0.206055 0.232813 0.208008 0.232031 0.208984 0.232813 0.209961 0.232813 0.215820 0.234375 0.217773 0.234375 0.218750 0.237500 0.222656 0.241406 0.222656 0.242188 0.221680 0.244531 0.221680 0.245312 0.220703 0.247656 0.220703 0.249219 0.218750 0.250000 0.218750 0.252344 0.215820 0.252344 0.214844 0.257812 0.208008 0.258594 0.208008 0.260156 0.206055 0.260937 0.206055 0.261719 0.205078 0.264062 0.205078 0.264844 0.204102 0.268750 0.204102 0.269531 0.205078 0.270313 0.205078 0.274219 0.209961 0.274219 0.210938 0.275000 0.211914 0.275000 0.212891 0.275781 0.213867 0.275781 0.214844 0.279687 0.219727 0.280469 0.219727 0.281250 0.220703 0.283594 0.220703 0.284375 0.219727 0.286719 0.219727 0.287500 0.218750 0.289062 0.218750 0.290625 0.216797 0.291406 0.216797 0.291406 0.193359 0.290625 0.193359 0.289844 0.192383 0.289844 0.191406 0.288281 0.189453 0.287500 0.189453 0.284375 0.185547 0.283594 0.185547 0.279687 0.180664 0.278906 0.180664 0.276562 0.177734 0.275000 0.177734 0.273438 0.175781
2 0.884375 0.774414 0.883594 0.775391 0.882031 0.775391 0.880469 0.777344 0.878906 0.777344 0.878125 0.778320 0.877344 0.778320 0.876563 0.779297 0.875781 0.779297 0.873437 0.782227 0.872656 0.782227 0.871094 0.784180 0.871094 0.785156 0.868750 0.788086 0.868750 0.789062 0.866406 0.791992 0.866406 0.792969 0.865625 0.793945 0.865625 0.795898 0.864844 0.796875 0.864844 0.797852 0.864062 0.798828 0.864062 0.799805 0.863281 0.800781 0.863281 0.802734 0.862500 0.803711 0.862500 0.804688 0.861719 0.805664 0.861719 0.820312 0.862500 0.821289 0.862500 0.825195 0.863281 0.826172 0.863281 0.828125 0.864062 0.829102 0.864062 0.831055 0.865625 0.833008 0.865625 0.833984 0.866406 0.834961 0.866406 0.835938 0.881250 0.835938 0.882031 0.834961 0.882031 0.833008 0.882812 0.832031 0.882812 0.831055 0.884375 0.829102 0.884375 0.828125 0.885156 0.827148 0.885156 0.826172 0.885938 0.825195 0.885938 0.823242 0.886719 0.822266 0.886719 0.819336 0.887500 0.818359 0.887500 0.817383 0.888281 0.816406 0.889062 0.816406 0.889844 0.815430 0.890625 0.815430 0.891406 0.814453 0.892969 0.814453 0.893750 0.813477 0.895312 0.813477 0.896875 0.811523 0.898438 0.811523 0.899219 0.810547 0.900781 0.810547 0.901563 0.811523 0.902344 0.811523 0.903906 0.813477 0.907031 0.813477 0.907813 0.814453 0.909375 0.814453 0.910156 0.813477 0.910937 0.813477 0.911719 0.812500 0.913281 0.812500 0.915625 0.809570 0.916406 0.809570 0.916406 0.808594 0.917969 0.806641 0.917969 0.805664 0.918750 0.804688 0.918750 0.799805 0.919531 0.798828 0.918750 0.797852 0.918750 0.796875 0.919531 0.795898 0.919531 0.794922 0.920312 0.793945 0.920312 0.791016 0.919531 0.790039 0.919531 0.787109 0.918750 0.786133 0.918750 0.785156 0.917188 0.783203 0.917188 0.782227 0.916406 0.781250 0.915625 0.781250 0.914062 0.779297 0.913281 0.779297 0.910937 0.776367 0.910156 0.776367 0.908594 0.774414
5 0.425000 0.610352 0.420312 0.616211 0.419531 0.616211 0.418750 0.617188 0.418750 0.618164 0.415625 0.622070 0.415625 0.623047 0.414844 0.624023 0.414844 0.625000 0.414062 0.625977 0.414062 0.626953 0.413281 0.627930 0.413281 0.628906 0.412500 0.629883 0.412500 0.631836 0.411719 0.632812 0.411719 0.651367 0.412500 0.652344 0.412500 0.653320 0.413281 0.654297 0.413281 0.655273 0.414062 0.656250 0.414062 0.657227 0.414844 0.658203 0.414844 0.659180 0.417187 0.662109 0.417187 0.663086 0.420312 0.666992 0.420312 0.667969 0.421875 0.669922 0.422656 0.669922 0.426563 0.674805 0.428125 0.674805 0.428906 0.675781 0.445312 0.675781 0.448437 0.671875 0.449219 0.671875 0.450781 0.669922 0.451562 0.669922 0.453125 0.667969 0.453125 0.666016 0.453906 0.665039 0.453906 0.660156 0.450781 0.656250 0.449219 0.656250 0.447656 0.654297 0.446094 0.654297 0.445312 0.653320 0.442969 0.653320 0.442188 0.652344 0.441406 0.652344 0.439844 0.650391 0.439063 0.650391 0.437500 0.648438 0.437500 0.647461 0.436719 0.646484 0.436719 0.644531 0.435937 0.643555 0.435937 0.634766 0.436719 0.633789 0.436719 0.630859 0.438281 0.628906 0.438281 0.627930 0.439063 0.626953 0.439063 0.623047 0.439844 0.622070 0.439063 0.621094 0.439063 0.612305 0.438281 0.611328 0.438281 0.610352
2 0.804688 0.393555 0.803125 0.395508 0.802344 0.395508 0.801562 0.396484 0.800781 0.396484 0.800000 0.397461 0.799219 0.397461 0.798438 0.398438 0.797656 0.398438 0.792188 0.405273 0.792188 0.406250 0.790625 0.408203 0.790625 0.409180 0.789844 0.410156 0.789844 0.434570 0.790625 0.435547 0.790625 0.437500 0.791406 0.438477 0.791406 0.439453 0.792188 0.440430 0.792188 0.441406 0.792969 0.442383 0.792969 0.443359 0.794531 0.445312 0.794531 0.446289 0.796875 0.449219 0.808594 0.449219 0.808594 0.448242 0.810937 0.445312 0.810937 0.442383 0.811719 0.441406 0.811719 0.429688 0.810937 0.428711 0.810937 0.422852 0.811719 0.421875 0.812500 0.421875 0.813281 0.420898 0.821875 0.420898 0.822656 0.421875 0.823438 0.421875 0.825000 0.423828 0.825781 0.423828 0.827344 0.425781 0.828125 0.425781 0.830469 0.428711 0.831250 0.428711 0.832812 0.430664 0.833594 0.430664 0.834375 0.431641 0.835938 0.431641 0.836719 0.432617 0.842187 0.432617 0.842969 0.431641 0.843750 0.431641 0.845313 0.429688 0.845313 0.413086 0.844531 0.412109 0.844531 0.410156 0.842969 0.408203 0.842969 0.407227 0.837500 0.400391 0.836719 0.400391 0.835938 0.399414 0.835156 0.399414 0.834375 0.398438 0.833594 0.398438 0.832031 0.396484 0.830469 0.396484 0.829688 0.395508 0.828125 0.395508 0.827344 0.394531 0.826562 0.394531 0.825781 0.393555
0 0.943750 0.539062 0.942969 0.540039 0.942969 0.541016 0.942187 0.541992 0.942187 0.543945 0.941406 0.544922 0.941406 0.548828 0.942187 0.549805 0.942187 0.554688 0.942969 0.555664 0.942969 0.556641 0.943750 0.557617 0.943750 0.558594 0.946094 0.561523 0.946094 0.562500 0.946875 0.563477 0.946875 0.564453 0.947656 0.565430 0.947656 0.571289 0.946875 0.572266 0.946875 0.575195 0.946094 0.576172 0.946094 0.578125 0.942187 0.583008 0.941406 0.583008 0.940625 0.583984 0.939844 0.583984 0.938281 0.585938 0.935937 0.585938 0.935156 0.586914 0.934375 0.586914 0.933594 0.587891 0.932813 0.587891 0.931250 0.589844 0.930469 0.589844 0.927344 0.593750 0.927344 0.594727 0.926562 0.595703 0.926562 0.597656 0.925781 0.598633 0.925781 0.602539 0.926562 0.603516 0.926562 0.607422 0.927344 0.608398 0.927344 0.609375 0.928125 0.610352 0.928125 0.611328 0.928906 0.612305 0.950000 0.612305 0.950781 0.611328 0.951562 0.611328 0.953125 0.609375 0.953906 0.609375 0.954688 0.608398 0.955469 0.608398 0.959375 0.603516 0.959375 0.602539 0.960938 0.600586 0.960938 0.599609 0.962500 0.597656 0.962500 0.596680 0.964063 0.594727 0.964063 0.593750 0.964844 0.592773 0.964844 0.591797 0.965625 0.590820 0.965625 0.589844 0.966406 0.588867 0.966406 0.586914 0.967187 0.585938 0.967187 0.583008 0.967969 0.582031 0.967969 0.564453 0.967187 0.563477 0.967187 0.560547 0.966406 0.559570 0.966406 0.555664 0.965625 0.554688 0.965625 0.553711 0.964844 0.552734 0.964844 0.550781 0.962500 0.547852 0.962500 0.546875 0.957812 0.541016 0.957031 0.541016 0.955469 0.539062
1 0.589063 0.412109 0.587500 0.414062 0.586719 0.414062 0.585938 0.415039 0.585156 0.415039 0.582031 0.418945 0.582031 0.419922 0.578906 0.423828 0.578906 0.424805 0.577344 0.426758 0.577344 0.428711 0.575781 0.430664 0.575781 0.452148 0.581250 0.458984 0.581250 0.459961 0.582812 0.461914 0.582812 0.462891 0.584375 0.464844 0.585156 0.464844 0.585938 0.465820 0.586719 0.465820 0.587500 0.466797 0.588281 0.466797 0.589844 0.468750 0.590625 0.468750 0.592187 0.470703 0.604688 0.470703 0.605469 0.469727 0.610156 0.469727 0.610938 0.470703 0.618750 0.470703 0.619531 0.469727 0.621094 0.469727 0.623437 0.466797 0.624219 0.466797 0.625000 0.465820 0.625000 0.464844 0.626563 0.462891 0.626563 0.461914 0.629687 0.458008 0.629687 0.457031 0.630469 0.456055 0.630469 0.439453 0.627344 0.435547 0.625781 0.435547 0.624219 0.433594 0.621875 0.433594 0.621094 0.432617 0.618750 0.432617 0.617969 0.433594 0.617188 0.433594 0.616406 0.434570 0.614062 0.434570 0.613281 0.435547 0.607031 0.435547 0.606250 0.434570 0.605469 0.434570 0.604688 0.433594 0.603906 0.433594 0.601562 0.430664 0.601562 0.429688 0.600781 0.428711 0.600781 0.426758 0.601562 0.425781 0.601562 0.420898 0.597656 0.416016 0.596875 0.416016 0.593750 0.412109
6 0.137500 0.222656 0.137500 0.224609 0.136719 0.225586 0.136719 0.232422 0.137500 0.233398 0.137500 0.237305 0.138281 0.238281 0.138281 0.240234 0.139063 0.241211 0.139063 0.242188 0.139844 0.243164 0.139844 0.244141 0.141406 0.246094 0.141406 0.247070 0.142187 0.248047 0.142187 0.249023 0.142969 0.250000 0.143750 0.250000 0.144531 0.250977 0.144531 0.251953 0.145313 0.252930 0.145313 0.255859 0.144531 0.256836 0.144531 0.258789 0.141406 0.262695 0.141406 0.263672 0.139844 0.265625 0.139844 0.273438 0.140625 0.274414 0.140625 0.276367 0.141406 0.277344 0.141406 0.278320 0.142969 0.280273 0.142969 0.281250 0.143750 0.281250 0.145313 0.283203 0.146094 0.283203 0.148438 0.286133 0.149219 0.286133 0.150781 0.288086 0.161719 0.288086 0.164062 0.285156 0.164844 0.285156 0.166406 0.283203 0.167187 0.283203 0.168750 0.281250 0.168750 0.280273 0.169531 0.279297 0.169531 0.278320 0.170313 0.277344 0.170313 0.276367 0.171094 0.275391 0.171094 0.274414 0.171875 0.273438 0.171875 0.271484 0.172656 0.270508 0.172656 0.269531 0.173437 0.268555 0.173437 0.266602 0.174219 0.265625 0.174219 0.250977 0.173437 0.250000 0.173437 0.249023 0.172656 0.248047 0.172656 0.247070 0.171094 0.245117 0.171094 0.244141 0.170313 0.243164 0.170313 0.242188 0.169531 0.241211 0.169531 0.240234 0.167187 0.237305 0.167187 0.236328 0.164844 0.233398 0.164062 0.233398 0.160938 0.229492 0.160156 0.229492 0.157031 0.225586 0.156250 0.225586 0.154688 0.223633 0.153906 0.223633 0.153125 0.222656
0 0.113281 0.013672 0.112500 0.014648 0.111719 0.014648 0.109375 0.017578 0.108594 0.017578 0.107813 0.018555 0.107031 0.018555 0.106250 0.019531 0.105469 0.019531 0.105469 0.020508 0.101562 0.025391 0.101562 0.026367 0.100781 0.027344 0.100781 0.028320 0.100000 0.029297 0.099219 0.029297 0.099219 0.049805 0.100000 0.050781 0.100781 0.050781 0.102344 0.052734 0.103906 0.052734 0.104688 0.053711 0.107031 0.053711 0.107813 0.054688 0.112500 0.054688 0.113281 0.053711 0.114062 0.053711 0.114844 0.052734 0.116406 0.052734 0.117188 0.051758 0.118750 0.051758 0.119531 0.050781 0.128125 0.050781 0.128906 0.051758 0.130469 0.051758 0.131250 0.050781 0.133594 0.050781 0.134375 0.049805 0.135156 0.049805 0.135937 0.048828 0.136719 0.048828 0.137500 0.047852 0.137500 0.046875 0.138281 0.045898 0.138281 0.032227 0.136719 0.030273 0.136719 0.029297 0.135156 0.027344 0.135156 0.026367 0.133594 0.024414 0.133594 0.023438 0.132812 0.022461 0.132812 0.021484 0.128906 0.016602 0.128125 0.016602 0.127344 0.015625 0.127344 0.014648 0.126562 0.013672
8 0.402344 0.724609 0.401562 0.725586 0.401562 0.727539 0.400781 0.728516 0.400781 0.736328 0.396875 0.741211 0.389062 0.741211 0.388281 0.742188 0.387500 0.742188 0.386719 0.741211 0.378906 0.741211 0.378125 0.740234 0.375781 0.740234 0.375000 0.739258 0.372656 0.739258 0.371875 0.738281 0.367969 0.738281 0.367188 0.739258 0.364844 0.739258 0.364063 0.740234 0.363281 0.740234 0.362500 0.741211 0.362500 0.757812 0.363281 0.757812 0.364063 0.758789 0.364063 0.759766 0.364844 0.760742 0.364844 0.761719 0.368750 0.766602 0.369531 0.766602 0.371094 0.768555 0.371875 0.768555 0.373437 0.770508 0.374219 0.770508 0.375000 0.771484 0.375781 0.771484 0.377344 0.773438 0.380469 0.773438 0.381250 0.774414 0.382031 0.774414 0.382812 0.775391 0.403906 0.775391 0.404687 0.774414 0.406250 0.774414 0.407031 0.773438 0.407813 0.773438 0.408594 0.772461 0.410156 0.772461 0.410938 0.771484 0.411719 0.771484 0.412500 0.770508 0.413281 0.770508 0.414062 0.769531 0.414844 0.769531 0.417969 0.765625 0.418750 0.765625 0.422656 0.760742 0.422656 0.759766 0.423438 0.758789 0.423438 0.757812 0.425000 0.755859 0.425000 0.754883 0.426563 0.752930 0.426563 0.750977 0.427344 0.750000 0.427344 0.748047 0.428125 0.747070 0.428125 0.737305 0.427344 0.736328 0.427344 0.734375 0.426563 0.733398 0.426563 0.731445 0.425781 0.730469 0.425781 0.729492 0.424219 0.727539 0.424219 0.726562 0.422656 0.724609
1 0.485156 0.889648 0.484375 0.890625 0.483594 0.890625 0.482812 0.891602 0.482031 0.891602 0.479687 0.894531 0.478906 0.894531 0.477344 0.896484 0.476562 0.896484 0.474219 0.899414 0.473438 0.899414 0.472656 0.900391 0.472656 0.901367 0.471875 0.902344 0.471875 0.903320 0.468750 0.907227 0.468750 0.908203 0.467969 0.909180 0.467969 0.910156 0.467187 0.911133 0.467187 0.912109 0.466406 0.913086 0.466406 0.914062 0.465625 0.915039 0.465625 0.916016 0.464844 0.916992 0.464844 0.931641 0.466406 0.933594 0.466406 0.937500 0.467187 0.938477 0.467187 0.939453 0.467969 0.940430 0.467969 0.941406 0.470313 0.944336 0.470313 0.945312 0.471875 0.947266 0.487500 0.947266 0.489063 0.945312 0.489063 0.944336 0.489844 0.943359 0.489844 0.942383 0.491406 0.940430 0.491406 0.939453 0.492188 0.938477 0.492188 0.937500 0.493750 0.935547 0.493750 0.934570 0.500781 0.925781 0.502344 0.925781 0.503125 0.924805 0.504687 0.924805 0.505469 0.923828 0.506250 0.923828 0.507812 0.921875 0.508594 0.921875 0.510938 0.918945 0.510938 0.917969 0.512500 0.916016 0.512500 0.905273 0.510938 0.903320 0.510938 0.902344 0.510156 0.901367 0.510156 0.900391 0.509375 0.899414 0.509375 0.898438 0.506250 0.894531 0.506250 0.893555 0.505469 0.893555 0.503125 0.890625 0.502344 0.890625 0.501563 0.889648
12 0.355469 0.391602 0.354687 0.392578 0.353906 0.392578 0.351562 0.395508 0.351562 0.396484 0.350781 0.397461 0.350781 0.398438 0.350000 0.399414 0.350000 0.400391 0.349219 0.401367 0.349219 0.410156 0.347656 0.412109 0.342969 0.412109 0.342187 0.411133 0.339844 0.411133 0.339062 0.410156 0.338281 0.410156 0.337500 0.409180 0.335938 0.409180 0.335156 0.408203 0.327344 0.408203 0.326562 0.409180 0.321875 0.409180 0.321094 0.410156 0.319531 0.410156 0.318750 0.411133 0.317969 0.411133 0.316406 0.413086 0.315625 0.413086 0.314844 0.414062 0.314844 0.431641 0.322656 0.441406 0.323437 0.441406 0.324219 0.442383 0.325000 0.442383 0.325781 0.443359 0.326562 0.443359 0.327344 0.444336 0.328125 0.444336 0.328906 0.445312 0.329688 0.445312 0.330469 0.446289 0.332813 0.446289 0.333594 0.447266 0.334375 0.447266 0.335156 0.446289 0.340625 0.446289 0.341406 0.447266 0.342187 0.446289 0.347656 0.446289 0.348438 0.445312 0.350000 0.445312 0.350781 0.444336 0.352344 0.444336 0.353125 0.443359 0.354687 0.443359 0.355469 0.442383 0.357812 0.442383 0.360156 0.439453 0.360938 0.439453 0.369531 0.428711 0.369531 0.427734 0.370312 0.426758 0.370312 0.400391 0.367969 0.397461 0.367969 0.396484 0.365625 0.393555 0.364844 0.393555 0.364063 0.392578 0.363281 0.392578 0.362500 0.391602
12 0.367188 0.160156 0.367188 0.161133 0.366406 0.162109 0.363281 0.162109 0.362500 0.163086 0.361719 0.163086 0.360938 0.164062 0.359375 0.164062 0.357812 0.166016 0.357031 0.166016 0.356250 0.166992 0.355469 0.166992 0.354687 0.167969 0.354687 0.168945 0.353906 0.169922 0.353125 0.169922 0.353125 0.170898 0.352344 0.171875 0.351562 0.171875 0.350000 0.173828 0.350000 0.174805 0.346875 0.178711 0.346875 0.180664 0.345313 0.182617 0.345313 0.183594 0.344531 0.184570 0.344531 0.185547 0.343750 0.186523 0.343750 0.198242 0.344531 0.199219 0.344531 0.202148 0.346094 0.204102 0.346094 0.205078 0.348438 0.208008 0.365625 0.208008 0.365625 0.207031 0.366406 0.206055 0.366406 0.205078 0.367188 0.204102 0.367188 0.202148 0.367969 0.201172 0.367969 0.199219 0.369531 0.197266 0.369531 0.196289 0.371094 0.194336 0.371875 0.194336 0.372656 0.193359 0.373437 0.193359 0.374219 0.192383 0.375781 0.192383 0.376563 0.191406 0.382031 0.191406 0.383594 0.193359 0.384375 0.193359 0.388281 0.198242 0.389062 0.198242 0.392969 0.203125 0.393750 0.203125 0.394531 0.204102 0.396875 0.204102 0.397656 0.205078 0.399219 0.205078 0.400000 0.204102 0.403125 0.204102 0.403906 0.203125 0.406250 0.203125 0.407813 0.201172 0.408594 0.201172 0.408594 0.179688 0.407813 0.179688 0.407031 0.178711 0.407031 0.177734 0.404687 0.174805 0.404687 0.173828 0.400000 0.167969 0.399219 0.167969 0.397656 0.166016 0.396875 0.166016 0.395313 0.164062 0.393750 0.164062 0.392188 0.162109 0.390625 0.162109 0.389844 0.161133 0.388281 0.161133 0.387500 0.160156
5 0.496875 0.432617 0.496094 0.433594 0.495312 0.433594 0.494531 0.434570 0.493750 0.434570 0.492969 0.435547 0.492188 0.435547 0.491406 0.436523 0.490625 0.436523 0.487500 0.440430 0.486719 0.440430 0.484375 0.443359 0.484375 0.444336 0.483594 0.445312 0.483594 0.446289 0.482812 0.447266 0.482812 0.448242 0.482031 0.449219 0.482031 0.450195 0.480469 0.452148 0.480469 0.454102 0.478906 0.456055 0.478906 0.473633 0.479687 0.474609 0.479687 0.476562 0.480469 0.477539 0.480469 0.479492 0.481250 0.480469 0.481250 0.482422 0.482812 0.484375 0.482812 0.485352 0.483594 0.486328 0.483594 0.487305 0.488281 0.493164 0.506250 0.493164 0.506250 0.492188 0.508594 0.489258 0.508594 0.488281 0.509375 0.487305 0.508594 0.486328 0.508594 0.480469 0.507031 0.478516 0.507031 0.477539 0.506250 0.476562 0.506250 0.474609 0.504687 0.472656 0.504687 0.470703 0.503906 0.469727 0.504687 0.468750 0.504687 0.466797 0.505469 0.465820 0.505469 0.462891 0.507031 0.460938 0.507031 0.459961 0.508594 0.458008 0.510938 0.458008 0.511719 0.458984 0.515625 0.458984 0.516406 0.459961 0.522656 0.459961 0.524219 0.458008 0.525000 0.458008 0.526563 0.456055 0.526563 0.455078 0.527344 0.454102 0.527344 0.452148 0.528125 0.451172 0.528125 0.448242 0.528906 0.447266 0.528906 0.440430 0.524219 0.434570 0.523438 0.434570 0.522656 0.433594 0.522656 0.432617
4 0.832812 0.259766 0.831250 0.261719 0.829688 0.261719 0.825781 0.266602 0.825000 0.266602 0.825000 0.267578 0.824219 0.268555 0.824219 0.269531 0.821875 0.272461 0.821875 0.273438 0.820312 0.275391 0.820312 0.281250 0.822656 0.284180 0.822656 0.285156 0.825781 0.289062 0.826562 0.289062 0.827344 0.290039 0.829688 0.290039 0.830469 0.291016 0.831250 0.291016 0.832031 0.290039 0.833594 0.290039 0.834375 0.289062 0.835156 0.289062 0.837500 0.286133 0.838281 0.286133 0.839844 0.284180 0.840625 0.284180 0.841406 0.283203 0.842187 0.283203 0.842969 0.282227 0.843750 0.283203 0.846094 0.283203 0.849219 0.287109 0.849219 0.288086 0.850000 0.289062 0.850000 0.292969 0.850781 0.293945 0.850781 0.295898 0.851562 0.296875 0.851562 0.301758 0.852344 0.302734 0.852344 0.304688 0.853125 0.305664 0.853125 0.306641 0.853906 0.307617 0.853906 0.309570 0.854688 0.310547 0.854688 0.311523 0.869531 0.311523 0.870313 0.310547 0.870313 0.309570 0.871094 0.308594 0.871094 0.304688 0.871875 0.303711 0.871875 0.300781 0.872656 0.299805 0.872656 0.288086 0.871875 0.287109 0.871875 0.285156 0.871094 0.284180 0.871094 0.282227 0.870313 0.281250 0.870313 0.280273 0.869531 0.279297 0.869531 0.278320 0.867969 0.276367 0.867969 0.274414 0.867188 0.273438 0.866406 0.273438 0.865625 0.272461 0.865625 0.271484 0.864062 0.269531 0.864062 0.268555 0.863281 0.267578 0.862500 0.267578 0.861719 0.266602 0.861719 0.265625 0.860938 0.265625 0.858594 0.262695 0.857812 0.262695 0.856250 0.260742 0.855469 0.260742 0.854688 0.259766
12 0.627344 0.557617 0.626563 0.558594 0.624219 0.558594 0.623437 0.559570 0.621094 0.559570 0.620313 0.560547 0.620313 0.576172 0.623437 0.576172 0.624219 0.577148 0.626563 0.577148 0.627344 0.578125 0.630469 0.578125 0.632031 0.580078 0.632031 0.585938 0.631250 0.586914 0.631250 0.591797 0.630469 0.592773 0.630469 0.609375 0.627344 0.613281 0.627344 0.614258 0.626563 0.615234 0.626563 0.617188 0.628125 0.619141 0.628906 0.619141 0.629687 0.620117 0.630469 0.620117 0.631250 0.621094 0.647656 0.621094 0.647656 0.620117 0.648438 0.619141 0.649219 0.619141 0.650781 0.617188 0.651563 0.617188 0.653906 0.614258 0.653906 0.613281 0.655469 0.611328 0.655469 0.610352 0.656250 0.609375 0.657031 0.609375 0.657031 0.608398 0.657813 0.607422 0.657813 0.579102 0.656250 0.577148 0.656250 0.576172 0.653906 0.573242 0.653906 0.572266 0.647656 0.564453 0.646875 0.564453 0.644531 0.561523 0.643750 0.561523 0.642969 0.560547 0.641406 0.560547 0.640625 0.559570 0.639062 0.559570 0.638281 0.558594 0.633594 0.558594 0.632812 0.557617
4 0.089844 0.370117 0.089844 0.371094 0.088281 0.373047 0.088281 0.375977 0.087500 0.376953 0.087500 0.377930 0.088281 0.378906 0.088281 0.380859 0.089844 0.382812 0.089844 0.384766 0.090625 0.385742 0.090625 0.387695 0.089844 0.388672 0.090625 0.389648 0.090625 0.392578 0.089844 0.393555 0.089844 0.394531 0.088281 0.396484 0.088281 0.397461 0.085156 0.401367 0.082812 0.401367 0.082031 0.402344 0.075781 0.402344 0.075000 0.401367 0.073438 0.401367 0.072656 0.400391 0.071875 0.400391 0.071094 0.399414 0.069531 0.399414 0.068750 0.398438 0.067969 0.398438 0.067187 0.399414 0.064844 0.399414 0.062500 0.402344 0.062500 0.409180 0.063281 0.410156 0.063281 0.412109 0.064844 0.414062 0.064844 0.415039 0.065625 0.416016 0.065625 0.416992 0.067187 0.418945 0.067187 0.419922 0.069531 0.422852 0.070312 0.422852 0.071094 0.423828 0.071875 0.423828 0.073438 0.425781 0.095312 0.425781 0.096875 0.423828 0.097656 0.423828 0.099219 0.421875 0.100000 0.421875 0.105469 0.415039 0.105469 0.414062 0.107813 0.411133 0.107813 0.410156 0.108594 0.409180 0.108594 0.407227 0.109375 0.406250 0.109375 0.402344 0.110156 0.401367 0.110156 0.398438 0.110937 0.397461 0.110937 0.392578 0.111719 0.391602 0.110937 0.390625 0.110937 0.384766 0.110156 0.383789 0.110156 0.380859 0.109375 0.379883 0.109375 0.377930 0.108594 0.376953 0.108594 0.374023 0.106250 0.371094 0.106250 0.370117
2 0.702344 0.627930 0.700781 0.629883 0.700781 0.630859 0.700000 0.631836 0.700000 0.633789 0.699219 0.634766 0.699219 0.641602 0.700000 0.642578 0.700000 0.643555 0.701562 0.645508 0.701562 0.646484 0.702344 0.647461 0.703125 0.647461 0.707812 0.653320 0.707812 0.654297 0.710156 0.657227 0.710156 0.658203 0.711719 0.660156 0.711719 0.661133 0.715625 0.666016 0.715625 0.666992 0.714844 0.667969 0.714844 0.668945 0.714063 0.669922 0.713281 0.669922 0.712500 0.670898 0.712500 0.671875 0.710938 0.673828 0.710156 0.673828 0.705469 0.679688 0.704688 0.679688 0.703906 0.680664 0.700000 0.680664 0.699219 0.679688 0.698438 0.680664 0.696875 0.680664 0.696875 0.685547 0.704688 0.695312 0.705469 0.695312 0.706250 0.696289 0.708594 0.696289 0.709375 0.697266 0.728906 0.697266 0.732031 0.693359 0.732812 0.693359 0.734375 0.691406 0.735156 0.691406 0.735938 0.690430 0.735938 0.689453 0.738281 0.686523 0.738281 0.685547 0.739062 0.684570 0.739062 0.683594 0.739844 0.682617 0.739844 0.681641 0.741406 0.679688 0.741406 0.677734 0.742188 0.676758 0.742188 0.675781 0.743750 0.673828 0.743750 0.660156 0.742969 0.659180 0.742969 0.657227 0.742188 0.656250 0.742188 0.653320 0.741406 0.652344 0.741406 0.651367 0.740625 0.650391 0.740625 0.649414 0.739844 0.648438 0.739844 0.646484 0.739062 0.645508 0.739062 0.644531 0.738281 0.643555 0.738281 0.642578 0.735156 0.638672 0.735156 0.637695 0.733594 0.635742 0.732812 0.635742 0.730469 0.632812 0.729688 0.632812 0.728906 0.631836 0.728125 0.631836 0.727344 0.630859 0.726562 0.630859 0.725000 0.628906 0.724219 0.628906 0.723437 0.627930
2 0.264062 0.291016 0.261719 0.293945 0.260937 0.293945 0.255469 0.300781 0.255469 0.301758 0.254688 0.302734 0.254688 0.303711 0.253906 0.304688 0.253906 0.305664 0.253125 0.306641 0.253125 0.307617 0.252344 0.308594 0.252344 0.326172 0.254688 0.329102 0.254688 0.330078 0.256250 0.332031 0.256250 0.333008 0.259375 0.336914 0.260156 0.336914 0.260937 0.337891 0.261719 0.337891 0.262500 0.338867 0.263281 0.338867 0.264062 0.339844 0.264844 0.339844 0.265625 0.340820 0.267188 0.340820 0.267969 0.341797 0.269531 0.341797 0.270313 0.342773 0.293750 0.342773 0.295312 0.340820 0.296094 0.340820 0.296875 0.339844 0.297656 0.339844 0.298438 0.338867 0.299219 0.338867 0.300000 0.337891 0.300781 0.337891 0.307812 0.329102 0.307812 0.313477 0.307031 0.313477 0.305469 0.311523 0.298438 0.311523 0.297656 0.312500 0.296875 0.312500 0.296094 0.313477 0.295312 0.313477 0.292187 0.317383 0.291406 0.317383 0.290625 0.318359 0.283594 0.318359 0.282813 0.317383 0.281250 0.317383 0.277344 0.312500 0.277344 0.303711 0.278125 0.302734 0.278125 0.296875 0.277344 0.295898 0.277344 0.294922 0.274219 0.291016
1 0.516406 0.490234 0.510938 0.497070 0.510156 0.497070 0.507812 0.500000 0.507812 0.500977 0.505469 0.503906 0.505469 0.504883 0.504687 0.505859 0.504687 0.506836 0.503906 0.507812 0.503906 0.508789 0.503125 0.509766 0.503125 0.510742 0.501563 0.512695 0.501563 0.531250 0.502344 0.532227 0.502344 0.533203 0.503125 0.534180 0.503125 0.535156 0.503906 0.536133 0.503906 0.537109 0.504687 0.538086 0.504687 0.539062 0.507031 0.541992 0.507812 0.541992 0.509375 0.543945 0.510156 0.543945 0.511719 0.545898 0.512500 0.545898 0.513281 0.546875 0.514062 0.546875 0.514844 0.547852 0.515625 0.547852 0.516406 0.548828 0.529687 0.548828 0.529687 0.547852 0.530469 0.546875 0.531250 0.546875 0.534375 0.542969 0.534375 0.540039 0.533594 0.539062 0.533594 0.535156 0.532813 0.534180 0.532813 0.531250 0.531250 0.529297 0.531250 0.528320 0.530469 0.528320 0.528906 0.526367 0.528906 0.525391 0.528125 0.524414 0.528125 0.523438 0.527344 0.522461 0.527344 0.520508 0.528125 0.519531 0.528125 0.518555 0.528906 0.517578 0.528906 0.516602 0.531250 0.513672 0.532031 0.513672 0.532813 0.512695 0.533594 0.512695 0.537500 0.507812 0.537500 0.506836 0.538281 0.505859 0.538281 0.504883 0.539062 0.503906 0.539062 0.501953 0.539844 0.500977 0.539844 0.499023 0.539062 0.498047 0.539062 0.497070 0.538281 0.496094 0.538281 0.494141 0.536719 0.492188 0.535937 0.492188 0.535156 0.491211 0.535156 0.490234
0 0.871094 0.455078 0.869531 0.457031 0.867969 0.457031 0.865625 0.459961 0.865625 0.460938 0.864844 0.461914 0.864844 0.462891 0.863281 0.464844 0.863281 0.490234 0.864062 0.491211 0.864062 0.492188 0.865625 0.494141 0.865625 0.495117 0.867188 0.497070 0.867188 0.498047 0.869531 0.500977 0.869531 0.501953 0.870313 0.502930 0.871094 0.502930 0.873437 0.505859 0.874219 0.505859 0.875000 0.506836 0.875781 0.506836 0.878125 0.509766 0.878906 0.509766 0.879687 0.510742 0.880469 0.510742 0.881250 0.511719 0.882031 0.511719 0.883594 0.513672 0.885156 0.513672 0.885938 0.514648 0.895312 0.514648 0.896094 0.513672 0.897656 0.513672 0.898438 0.512695 0.900000 0.512695 0.900781 0.511719 0.902344 0.511719 0.903906 0.509766 0.904687 0.509766 0.906250 0.507812 0.907031 0.507812 0.908594 0.505859 0.909375 0.505859 0.909375 0.483398 0.908594 0.483398 0.906250 0.480469 0.901563 0.480469 0.900781 0.481445 0.899219 0.481445 0.898438 0.482422 0.896094 0.482422 0.895312 0.483398 0.892969 0.483398 0.892188 0.482422 0.890625 0.482422 0.889844 0.481445 0.889062 0.481445 0.887500 0.479492 0.887500 0.478516 0.885938 0.476562 0.885156 0.476562 0.884375 0.475586 0.884375 0.474609 0.883594 0.473633 0.883594 0.471680 0.882812 0.470703 0.882812 0.467773 0.882031 0.466797 0.882031 0.464844 0.881250 0.463867 0.881250 0.461914 0.879687 0.459961 0.879687 0.458984 0.878125 0.457031 0.877344 0.457031 0.876563 0.456055 0.875781 0.456055 0.875000 0.455078
10 0.424219 0.403320 0.423438 0.404297 0.421094 0.404297 0.420312 0.405273 0.419531 0.405273 0.418750 0.406250 0.417969 0.406250 0.417187 0.407227 0.415625 0.407227 0.414844 0.408203 0.414844 0.409180 0.414062 0.410156 0.413281 0.410156 0.410156 0.414062 0.410156 0.415039 0.408594 0.416992 0.408594 0.417969 0.406250 0.420898 0.406250 0.421875 0.405469 0.422852 0.405469 0.423828 0.404687 0.424805 0.404687 0.425781 0.403906 0.426758 0.403906 0.429688 0.403125 0.430664 0.403125 0.461914 0.404687 0.463867 0.404687 0.464844 0.405469 0.465820 0.405469 0.466797 0.406250 0.467773 0.406250 0.468750 0.410156 0.473633 0.410156 0.474609 0.413281 0.478516 0.414062 0.478516 0.415625 0.480469 0.416406 0.480469 0.417187 0.481445 0.428906 0.481445 0.431250 0.478516 0.431250 0.477539 0.432812 0.475586 0.432812 0.473633 0.433594 0.472656 0.433594 0.469727 0.432812 0.468750 0.432812 0.462891 0.432031 0.461914 0.432031 0.459961 0.431250 0.458984 0.431250 0.458008 0.430469 0.457031 0.430469 0.454102 0.429688 0.453125 0.430469 0.452148 0.430469 0.449219 0.432031 0.447266 0.432031 0.446289 0.435937 0.441406 0.436719 0.441406 0.437500 0.440430 0.439063 0.440430 0.439844 0.439453 0.440625 0.439453 0.442969 0.436523 0.443750 0.436523 0.443750 0.409180 0.442969 0.409180 0.442188 0.408203 0.441406 0.408203 0.440625 0.407227 0.439844 0.407227 0.439063 0.406250 0.437500 0.406250 0.436719 0.405273 0.435937 0.405273 0.435156 0.404297 0.434375 0.404297 0.433594 0.403320
3 0.200000 0.038086 0.196094 0.042969 0.195312 0.042969 0.194531 0.043945 0.193750 0.043945 0.192969 0.044922 0.192188 0.044922 0.191406 0.045898 0.190625 0.045898 0.189062 0.047852 0.189062 0.048828 0.188281 0.049805 0.188281 0.051758 0.187500 0.052734 0.187500 0.059570 0.185938 0.061523 0.185156 0.061523 0.184375 0.062500 0.182031 0.062500 0.181250 0.061523 0.179688 0.061523 0.178906 0.060547 0.178125 0.060547 0.177344 0.059570 0.175781 0.059570 0.175000 0.058594 0.171875 0.058594 0.171094 0.057617 0.170313 0.057617 0.169531 0.056641 0.167187 0.056641 0.166406 0.055664 0.162500 0.055664 0.161719 0.054688 0.160156 0.054688 0.159375 0.055664 0.157812 0.055664 0.157031 0.056641 0.155469 0.056641 0.154688 0.057617 0.153906 0.057617 0.152344 0.059570 0.151562 0.059570 0.150000 0.061523 0.150000 0.077148 0.150781 0.078125 0.150781 0.079102 0.151562 0.080078 0.151562 0.081055 0.152344 0.082031 0.152344 0.083008 0.155469 0.086914 0.155469 0.087891 0.156250 0.088867 0.157031 0.088867 0.160938 0.093750 0.161719 0.093750 0.162500 0.094727 0.163281 0.094727 0.164062 0.095703 0.164844 0.095703 0.165625 0.096680 0.166406 0.096680 0.167187 0.097656 0.167969 0.097656 0.168750 0.098633 0.193750 0.098633 0.195312 0.096680 0.196094 0.096680 0.197656 0.094727 0.198437 0.094727 0.199219 0.093750 0.200000 0.093750 0.200781 0.092773 0.201563 0.092773 0.203125 0.090820 0.203906 0.090820 0.204687 0.089844 0.205469 0.089844 0.211719 0.082031 0.211719 0.081055 0.212500 0.080078 0.212500 0.079102 0.214062 0.077148 0.214062 0.045898 0.212500 0.043945 0.211719 0.043945 0.210938 0.042969 0.210156 0.042969 0.208594 0.041016 0.207813 0.041016 0.205469 0.038086
5 0.817187 0.227539 0.816406 0.228516 0.815625 0.228516 0.814063 0.230469 0.813281 0.230469 0.811719 0.232422 0.810937 0.232422 0.803906 0.241211 0.803906 0.242188 0.802344 0.244141 0.802344 0.245117 0.800781 0.247070 0.800781 0.248047 0.800000 0.249023 0.800000 0.250000 0.799219 0.250977 0.799219 0.253906 0.798438 0.254883 0.798438 0.256836 0.797656 0.257812 0.797656 0.276367 0.798438 0.277344 0.798438 0.278320 0.799219 0.279297 0.799219 0.280273 0.800000 0.281250 0.800000 0.282227 0.800781 0.283203 0.800781 0.284180 0.801562 0.285156 0.801562 0.286133 0.804688 0.290039 0.804688 0.291016 0.807031 0.293945 0.807813 0.293945 0.808594 0.294922 0.809375 0.294922 0.810937 0.296875 0.821094 0.296875 0.821094 0.295898 0.822656 0.293945 0.822656 0.290039 0.823438 0.289062 0.823438 0.275391 0.822656 0.274414 0.822656 0.264648 0.823438 0.263672 0.823438 0.261719 0.824219 0.260742 0.824219 0.259766 0.826562 0.256836 0.827344 0.256836 0.828125 0.255859 0.832031 0.255859 0.832812 0.254883 0.835156 0.254883 0.835938 0.253906 0.836719 0.253906 0.838281 0.251953 0.838281 0.250977 0.839844 0.249023 0.839844 0.237305 0.832812 0.228516 0.832031 0.228516 0.831250 0.227539
3 0.593750 0.760742 0.591406 0.763672 0.590625 0.763672 0.582812 0.773438 0.582812 0.774414 0.581250 0.776367 0.581250 0.777344 0.580469 0.778320 0.580469 0.779297 0.578906 0.781250 0.578906 0.783203 0.578125 0.784180 0.578125 0.785156 0.577344 0.786133 0.577344 0.788086 0.575781 0.790039 0.575781 0.818359 0.576562 0.819336 0.576562 0.821289 0.577344 0.822266 0.577344 0.825195 0.578125 0.826172 0.578125 0.827148 0.578906 0.828125 0.578906 0.829102 0.581250 0.832031 0.582031 0.832031 0.583594 0.833984 0.584375 0.833984 0.585938 0.835938 0.585938 0.836914 0.589063 0.840820 0.589063 0.841797 0.592187 0.845703 0.592969 0.845703 0.593750 0.846680 0.594531 0.846680 0.596094 0.848633 0.597656 0.848633 0.598437 0.849609 0.602344 0.849609 0.603125 0.850586 0.606250 0.850586 0.607031 0.851562 0.610938 0.851562 0.611719 0.850586 0.614062 0.850586 0.614844 0.849609 0.617188 0.849609 0.617969 0.848633 0.618750 0.848633 0.619531 0.847656 0.620313 0.847656 0.621094 0.846680 0.623437 0.846680 0.625000 0.844727 0.625000 0.820312 0.624219 0.820312 0.623437 0.819336 0.621875 0.819336 0.621094 0.818359 0.619531 0.818359 0.618750 0.817383 0.617188 0.817383 0.616406 0.816406 0.614844 0.816406 0.614062 0.815430 0.607031 0.815430 0.605469 0.813477 0.605469 0.811523 0.604688 0.810547 0.604688 0.809570 0.605469 0.808594 0.605469 0.805664 0.606250 0.804688 0.606250 0.799805 0.607031 0.798828 0.606250 0.797852 0.607031 0.796875 0.607031 0.790039 0.607812 0.789062 0.607812 0.788086 0.610156 0.785156 0.610938 0.785156 0.612500 0.783203 0.613281 0.783203 0.614062 0.782227 0.614844 0.782227 0.617188 0.779297 0.617188 0.778320 0.617969 0.777344 0.617969 0.772461 0.618750 0.771484 0.617969 0.770508 0.617969 0.767578 0.617188 0.766602 0.617188 0.765625 0.616406 0.764648 0.616406 0.763672 0.615625 0.762695 0.614844 0.762695 0.614062 0.761719 0.614062 0.760742
9 0.711719 0.422852 0.710938 0.423828 0.707812 0.423828 0.707031 0.424805 0.706250 0.424805 0.705469 0.425781 0.704688 0.425781 0.703906 0.426758 0.703125 0.426758 0.702344 0.427734 0.701562 0.427734 0.700781 0.428711 0.700000 0.428711 0.692969 0.437500 0.692969 0.438477 0.692187 0.439453 0.692187 0.440430 0.691406 0.441406 0.691406 0.442383 0.690625 0.443359 0.690625 0.444336 0.689844 0.445312 0.689844 0.446289 0.689063 0.447266 0.689063 0.449219 0.688281 0.450195 0.688281 0.469727 0.689063 0.470703 0.689063 0.474609 0.689844 0.475586 0.689844 0.476562 0.690625 0.477539 0.690625 0.478516 0.691406 0.479492 0.691406 0.480469 0.692969 0.482422 0.692969 0.483398 0.693750 0.484375 0.693750 0.485352 0.698438 0.491211 0.699219 0.491211 0.702344 0.495117 0.703125 0.495117 0.703906 0.496094 0.716406 0.496094 0.718750 0.493164 0.718750 0.492188 0.719531 0.491211 0.719531 0.484375 0.717969 0.482422 0.717969 0.481445 0.715625 0.478516 0.715625 0.477539 0.714844 0.476562 0.714844 0.475586 0.714063 0.474609 0.714063 0.472656 0.714844 0.471680 0.714844 0.470703 0.715625 0.469727 0.715625 0.467773 0.717187 0.465820 0.717187 0.464844 0.722656 0.458008 0.723437 0.458008 0.724219 0.457031 0.725000 0.457031 0.727344 0.454102 0.728125 0.454102 0.728906 0.453125 0.729688 0.453125 0.731250 0.451172 0.732812 0.451172 0.733594 0.450195 0.734375 0.450195 0.736719 0.447266 0.736719 0.446289 0.737500 0.445312 0.737500 0.433594 0.736719 0.432617 0.736719 0.430664 0.732812 0.425781 0.732031 0.425781 0.731250 0.424805 0.730469 0.424805 0.729688 0.423828 0.728906 0.423828 0.728125 0.422852
5 0.349219 0.831055 0.348438 0.832031 0.347656 0.832031 0.346875 0.833008 0.346094 0.833008 0.345313 0.833984 0.344531 0.833984 0.334375 0.846680 0.334375 0.848633 0.332813 0.850586 0.332813 0.851562 0.332031 0.852539 0.332031 0.854492 0.331250 0.855469 0.331250 0.857422 0.330469 0.858398 0.330469 0.861328 0.329688 0.862305 0.329688 0.866211 0.328906 0.867188 0.328906 0.869141 0.328125 0.870117 0.328125 0.872070 0.327344 0.873047 0.327344 0.874023 0.326562 0.875000 0.326562 0.882812 0.328125 0.884766 0.328125 0.886719 0.328906 0.887695 0.328906 0.888672 0.330469 0.890625 0.330469 0.891602 0.331250 0.892578 0.331250 0.893555 0.347656 0.893555 0.348438 0.892578 0.348438 0.891602 0.350781 0.888672 0.350781 0.887695 0.351562 0.886719 0.351562 0.885742 0.352344 0.884766 0.352344 0.882812 0.353125 0.881836 0.353125 0.875977 0.353906 0.875000 0.353906 0.872070 0.354687 0.871094 0.354687 0.869141 0.355469 0.868164 0.355469 0.866211 0.360156 0.860352 0.360938 0.860352 0.361719 0.859375 0.363281 0.859375 0.364063 0.858398 0.364844 0.858398 0.366406 0.856445 0.367188 0.856445 0.367969 0.855469 0.367969 0.854492 0.370312 0.851562 0.370312 0.850586 0.371094 0.849609 0.371094 0.848633 0.371875 0.847656 0.371875 0.845703 0.372656 0.844727 0.372656 0.841797 0.371875 0.840820 0.371875 0.837891 0.371094 0.836914 0.371094 0.835938 0.367188 0.831055
0 0.778125 0.473633 0.775781 0.476562 0.775781 0.477539 0.774219 0.479492 0.774219 0.480469 0.773438 0.481445 0.773438 0.483398 0.772656 0.484375 0.772656 0.487305 0.771875 0.488281 0.771875 0.490234 0.771094 0.491211 0.770312 0.491211 0.769531 0.492188 0.765625 0.492188 0.764844 0.491211 0.762500 0.491211 0.761719 0.490234 0.760938 0.490234 0.760156 0.489258 0.759375 0.489258 0.755469 0.484375 0.755469 0.483398 0.752344 0.479492 0.750781 0.479492 0.750000 0.478516 0.747656 0.478516 0.746875 0.479492 0.743750 0.479492 0.742969 0.480469 0.741406 0.480469 0.739844 0.482422 0.739062 0.482422 0.738281 0.483398 0.738281 0.500000 0.739844 0.501953 0.739844 0.503906 0.741406 0.505859 0.741406 0.506836 0.742188 0.507812 0.742188 0.508789 0.742969 0.509766 0.742969 0.510742 0.746094 0.514648 0.746875 0.514648 0.747656 0.515625 0.748437 0.515625 0.749219 0.516602 0.750000 0.516602 0.750781 0.517578 0.775000 0.517578 0.776563 0.515625 0.777344 0.515625 0.778125 0.514648 0.778906 0.514648 0.780469 0.512695 0.781250 0.512695 0.783594 0.509766 0.784375 0.509766 0.789062 0.503906 0.789062 0.502930 0.789844 0.501953 0.789844 0.500977 0.791406 0.499023 0.791406 0.480469 0.789844 0.478516 0.789844 0.477539 0.788281 0.475586 0.787500 0.475586 0.785937 0.473633
1 0.829688 0.197266 0.827344 0.200195 0.827344 0.201172 0.825781 0.203125 0.825000 0.203125 0.823438 0.205078 0.822656 0.205078 0.821094 0.207031 0.821094 0.208008 0.817187 0.212891 0.817187 0.213867 0.816406 0.214844 0.816406 0.215820 0.815625 0.216797 0.815625 0.217773 0.814063 0.219727 0.814063 0.241211 0.814844 0.242188 0.814844 0.244141 0.815625 0.245117 0.815625 0.248047 0.816406 0.249023 0.816406 0.250000 0.817969 0.251953 0.817969 0.252930 0.821094 0.256836 0.821875 0.256836 0.825000 0.260742 0.825781 0.260742 0.826562 0.261719 0.827344 0.261719 0.828906 0.263672 0.829688 0.263672 0.830469 0.264648 0.831250 0.264648 0.832031 0.265625 0.832812 0.265625 0.833594 0.266602 0.835156 0.266602 0.836719 0.268555 0.848437 0.268555 0.849219 0.267578 0.850000 0.267578 0.851562 0.265625 0.852344 0.265625 0.853125 0.264648 0.853906 0.264648 0.854688 0.263672 0.855469 0.263672 0.857031 0.261719 0.857812 0.261719 0.860938 0.257812 0.860938 0.244141 0.860156 0.244141 0.857812 0.241211 0.857031 0.241211 0.856250 0.240234 0.850781 0.240234 0.850000 0.239258 0.840625 0.239258 0.839844 0.238281 0.839063 0.238281 0.835938 0.234375 0.835938 0.229492 0.842969 0.220703 0.842969 0.219727 0.846875 0.214844 0.846875 0.213867 0.847656 0.212891 0.847656 0.211914 0.848437 0.210938 0.848437 0.209961 0.849219 0.208984 0.849219 0.205078 0.848437 0.204102 0.848437 0.203125 0.843750 0.197266
11 0.280469 0.667969 0.280469 0.668945 0.279687 0.669922 0.278906 0.669922 0.273438 0.676758 0.273438 0.678711 0.271875 0.680664 0.271875 0.681641 0.271094 0.682617 0.271094 0.702148 0.270313 0.703125 0.270313 0.704102 0.269531 0.705078 0.268750 0.705078 0.267188 0.707031 0.266406 0.707031 0.264844 0.708984 0.261719 0.708984 0.260937 0.709961 0.260156 0.709961 0.260156 0.710938 0.259375 0.711914 0.259375 0.712891 0.258594 0.713867 0.258594 0.714844 0.255469 0.718750 0.255469 0.720703 0.254688 0.721680 0.254688 0.726562 0.253906 0.727539 0.254688 0.728516 0.254688 0.733398 0.255469 0.734375 0.255469 0.736328 0.256250 0.737305 0.256250 0.739258 0.257031 0.740234 0.257031 0.741211 0.257812 0.742188 0.257812 0.744141 0.258594 0.745117 0.259375 0.745117 0.263281 0.750000 0.264062 0.750000 0.264844 0.750977 0.265625 0.750977 0.266406 0.751953 0.267188 0.751953 0.267969 0.752930 0.269531 0.752930 0.270313 0.753906 0.272656 0.753906 0.273438 0.754883 0.292187 0.754883 0.293750 0.752930 0.296094 0.752930 0.296875 0.751953 0.297656 0.751953 0.298438 0.750977 0.299219 0.750977 0.300000 0.750000 0.300781 0.750000 0.301563 0.749023 0.303125 0.749023 0.303906 0.748047 0.304688 0.748047 0.305469 0.747070 0.306250 0.747070 0.307812 0.745117 0.308594 0.745117 0.310937 0.742188 0.311719 0.742188 0.313281 0.740234 0.313281 0.739258 0.315625 0.736328 0.315625 0.735352 0.316406 0.734375 0.316406 0.733398 0.317188 0.732422 0.317188 0.730469 0.318750 0.728516 0.318750 0.727539 0.319531 0.726562 0.319531 0.698242 0.317969 0.696289 0.317969 0.693359 0.317188 0.692383 0.317188 0.691406 0.316406 0.690430 0.316406 0.689453 0.314063 0.686523 0.314063 0.685547 0.312500 0.683594 0.312500 0.682617 0.311719 0.682617 0.308594 0.678711 0.307812 0.678711 0.303125 0.672852 0.302344 0.672852 0.300000 0.669922 0.299219 0.669922 0.297656 0.667969
4 0.830469 0.130859 0.829688 0.131836 0.828906 0.131836 0.828125 0.132812 0.826562 0.132812 0.825781 0.133789 0.825000 0.133789 0.824219 0.134766 0.822656 0.134766 0.821094 0.136719 0.819531 0.136719 0.816406 0.140625 0.815625 0.140625 0.810937 0.146484 0.810937 0.147461 0.809375 0.149414 0.809375 0.150391 0.807031 0.153320 0.807031 0.172852 0.807813 0.173828 0.808594 0.173828 0.810156 0.175781 0.810937 0.175781 0.811719 0.176758 0.814063 0.176758 0.814844 0.177734 0.816406 0.177734 0.817187 0.176758 0.817969 0.176758 0.818750 0.175781 0.821094 0.175781 0.822656 0.173828 0.823438 0.173828 0.830469 0.165039 0.830469 0.164062 0.832031 0.162109 0.832812 0.162109 0.833594 0.161133 0.835938 0.161133 0.839844 0.166016 0.839844 0.166992 0.841406 0.168945 0.841406 0.169922 0.846875 0.176758 0.846875 0.177734 0.847656 0.177734 0.848437 0.178711 0.851562 0.178711 0.852344 0.177734 0.854688 0.177734 0.855469 0.176758 0.857031 0.176758 0.857812 0.175781 0.858594 0.175781 0.859375 0.174805 0.860156 0.174805 0.860938 0.173828 0.861719 0.173828 0.862500 0.172852 0.862500 0.171875 0.865625 0.167969 0.865625 0.156250 0.864844 0.155273 0.864844 0.154297 0.864062 0.153320 0.864062 0.152344 0.861719 0.149414 0.861719 0.148438 0.860938 0.147461 0.860938 0.146484 0.860156 0.145508 0.860156 0.144531 0.859375 0.143555 0.859375 0.142578 0.857812 0.140625 0.857812 0.139648 0.853125 0.133789 0.852344 0.133789 0.851562 0.132812 0.850781 0.132812 0.850000 0.131836 0.849219 0.131836 0.848437 0.130859
4 0.667969 0.684570 0.666406 0.686523 0.665625 0.686523 0.664844 0.687500 0.664844 0.701172 0.665625 0.701172 0.666406 0.702148 0.667188 0.702148 0.667969 0.703125 0.668750 0.703125 0.669531 0.704102 0.670312 0.704102 0.671094 0.705078 0.671875 0.705078 0.675781 0.709961 0.675781 0.710938 0.676562 0.711914 0.676562 0.712891 0.678125 0.714844 0.678125 0.715820 0.678906 0.716797 0.678906 0.722656 0.678125 0.723633 0.678125 0.724609 0.677344 0.725586 0.676562 0.725586 0.673438 0.729492 0.672656 0.729492 0.671094 0.731445 0.671094 0.732422 0.670312 0.733398 0.670312 0.735352 0.669531 0.736328 0.669531 0.743164 0.670312 0.744141 0.670312 0.745117 0.671094 0.746094 0.671094 0.747070 0.673438 0.750000 0.688281 0.750000 0.690625 0.747070 0.691406 0.747070 0.696094 0.741211 0.696094 0.740234 0.696875 0.739258 0.696875 0.738281 0.698438 0.736328 0.698438 0.710938 0.696875 0.708984 0.696875 0.708008 0.695312 0.706055 0.695312 0.705078 0.694531 0.704102 0.694531 0.703125 0.689844 0.697266 0.689063 0.697266 0.688281 0.696289 0.688281 0.695312 0.685156 0.691406 0.684375 0.691406 0.682031 0.688477 0.680469 0.688477 0.678125 0.685547 0.677344 0.685547 0.676562 0.684570
10 0.398438 0.073242 0.397656 0.074219 0.396875 0.074219 0.395313 0.076172 0.394531 0.076172 0.391406 0.080078 0.391406 0.083984 0.390625 0.084961 0.390625 0.095703 0.388281 0.098633 0.387500 0.098633 0.386719 0.099609 0.385156 0.099609 0.384375 0.100586 0.383594 0.100586 0.382812 0.101562 0.379688 0.101562 0.378906 0.102539 0.377344 0.102539 0.376563 0.101562 0.375000 0.101562 0.374219 0.100586 0.373437 0.100586 0.371875 0.098633 0.369531 0.098633 0.368750 0.097656 0.364063 0.097656 0.362500 0.099609 0.361719 0.099609 0.359375 0.102539 0.359375 0.121094 0.360938 0.123047 0.360938 0.124023 0.361719 0.125000 0.362500 0.125000 0.365625 0.128906 0.366406 0.128906 0.368750 0.131836 0.371875 0.131836 0.372656 0.132812 0.373437 0.132812 0.374219 0.133789 0.375000 0.133789 0.375781 0.134766 0.377344 0.134766 0.378125 0.133789 0.378906 0.133789 0.379688 0.134766 0.391406 0.134766 0.392188 0.133789 0.393750 0.133789 0.394531 0.132812 0.396094 0.132812 0.396875 0.131836 0.397656 0.131836 0.399219 0.129883 0.400781 0.129883 0.401562 0.128906 0.402344 0.128906 0.404687 0.125977 0.405469 0.125977 0.407813 0.123047 0.407813 0.122070 0.408594 0.121094 0.409375 0.121094 0.409375 0.120117 0.410156 0.119141 0.410156 0.117188 0.411719 0.115234 0.411719 0.082031 0.410938 0.081055 0.410938 0.080078 0.410156 0.079102 0.410156 0.078125 0.409375 0.077148 0.408594 0.077148 0.406250 0.074219 0.405469 0.074219 0.404687 0.073242
3 0.633594 0.344727 0.633594 0.345703 0.632812 0.346680 0.632812 0.349609 0.632031 0.350586 0.632031 0.353516 0.631250 0.354492 0.631250 0.355469 0.630469 0.356445 0.630469 0.360352 0.629687 0.361328 0.629687 0.362305 0.630469 0.363281 0.629687 0.364258 0.629687 0.365234 0.625781 0.370117 0.624219 0.370117 0.623437 0.371094 0.618750 0.371094 0.617969 0.370117 0.613281 0.370117 0.612500 0.369141 0.611719 0.370117 0.610156 0.370117 0.609375 0.371094 0.608594 0.371094 0.607031 0.373047 0.605469 0.373047 0.604688 0.374023 0.603125 0.374023 0.600781 0.376953 0.600000 0.376953 0.597656 0.379883 0.597656 0.387695 0.598437 0.387695 0.599219 0.388672 0.599219 0.389648 0.600781 0.391602 0.600781 0.392578 0.602344 0.394531 0.602344 0.395508 0.603125 0.396484 0.603125 0.398438 0.603906 0.399414 0.603906 0.400391 0.604688 0.401367 0.604688 0.402344 0.606250 0.404297 0.606250 0.406250 0.637500 0.406250 0.638281 0.405273 0.639062 0.405273 0.639844 0.404297 0.640625 0.404297 0.642188 0.402344 0.642969 0.402344 0.650781 0.392578 0.650781 0.391602 0.651563 0.390625 0.651563 0.389648 0.652344 0.388672 0.652344 0.386719 0.653125 0.385742 0.653125 0.383789 0.653906 0.382812 0.653906 0.381836 0.654687 0.380859 0.654687 0.379883 0.655469 0.378906 0.655469 0.366211 0.656250 0.365234 0.656250 0.359375 0.655469 0.358398 0.655469 0.353516 0.654687 0.352539 0.655469 0.351562 0.655469 0.350586 0.654687 0.349609 0.654687 0.347656 0.653906 0.346680 0.653906 0.344727
1 0.304688 0.547852 0.302344 0.550781 0.302344 0.551758 0.301563 0.552734 0.301563 0.558594 0.302344 0.559570 0.302344 0.565430 0.303125 0.566406 0.303125 0.572266 0.303906 0.573242 0.303906 0.579102 0.304688 0.580078 0.303906 0.581055 0.303906 0.582031 0.303125 0.583008 0.302344 0.583008 0.300781 0.584961 0.299219 0.584961 0.298438 0.585938 0.296094 0.585938 0.295312 0.586914 0.292969 0.586914 0.292187 0.587891 0.291406 0.587891 0.289844 0.589844 0.289844 0.590820 0.286719 0.594727 0.286719 0.595703 0.285938 0.596680 0.285938 0.600586 0.286719 0.601562 0.286719 0.602539 0.288281 0.604492 0.288281 0.605469 0.291406 0.609375 0.292969 0.609375 0.294531 0.611328 0.295312 0.611328 0.296094 0.612305 0.297656 0.612305 0.298438 0.613281 0.312500 0.613281 0.313281 0.612305 0.316406 0.612305 0.317969 0.610352 0.319531 0.610352 0.320312 0.609375 0.321875 0.609375 0.324219 0.606445 0.325000 0.606445 0.325781 0.605469 0.326562 0.605469 0.327344 0.604492 0.327344 0.603516 0.328906 0.601562 0.329688 0.601562 0.332813 0.597656 0.332813 0.596680 0.334375 0.594727 0.334375 0.593750 0.335938 0.591797 0.335938 0.569336 0.335156 0.568359 0.335156 0.567383 0.334375 0.566406 0.334375 0.565430 0.333594 0.564453 0.333594 0.563477 0.332813 0.562500 0.332813 0.561523 0.331250 0.559570 0.331250 0.558594 0.325781 0.551758 0.325000 0.551758 0.324219 0.550781 0.323437 0.550781 0.322656 0.549805 0.321875 0.549805 0.321094 0.548828 0.320312 0.548828 0.319531 0.547852
1 0.482812 0.308594 0.482031 0.309570 0.478125 0.309570 0.477344 0.310547 0.475781 0.310547 0.475000 0.311523 0.474219 0.311523 0.473438 0.312500 0.472656 0.312500 0.471875 0.313477 0.471094 0.313477 0.467187 0.318359 0.466406 0.318359 0.464062 0.321289 0.463281 0.321289 0.461719 0.323242 0.461719 0.324219 0.459375 0.327148 0.459375 0.329102 0.458594 0.330078 0.458594 0.331055 0.457813 0.332031 0.457813 0.333008 0.457031 0.333984 0.457031 0.363281 0.457813 0.364258 0.457813 0.365234 0.458594 0.366211 0.458594 0.367188 0.459375 0.368164 0.459375 0.370117 0.460938 0.372070 0.460938 0.373047 0.461719 0.374023 0.461719 0.375000 0.464062 0.377930 0.464844 0.377930 0.467969 0.381836 0.468750 0.381836 0.471094 0.384766 0.490625 0.384766 0.490625 0.382812 0.491406 0.381836 0.491406 0.380859 0.492188 0.379883 0.492188 0.375977 0.492969 0.375000 0.492969 0.370117 0.493750 0.369141 0.493750 0.368164 0.492969 0.367188 0.492969 0.363281 0.492188 0.362305 0.492188 0.361328 0.491406 0.360352 0.491406 0.359375 0.490625 0.358398 0.490625 0.357422 0.486719 0.352539 0.486719 0.351562 0.485938 0.350586 0.485938 0.349609 0.485156 0.348633 0.485156 0.347656 0.486719 0.345703 0.486719 0.344727 0.491406 0.338867 0.492188 0.338867 0.493750 0.336914 0.494531 0.336914 0.495312 0.335938 0.496094 0.335938 0.496094 0.312500 0.495312 0.311523 0.494531 0.311523 0.493750 0.310547 0.492188 0.310547 0.491406 0.309570 0.488281 0.309570 0.487500 0.308594
5 0.718750 0.541016 0.718750 0.546875 0.719531 0.547852 0.719531 0.548828 0.718750 0.549805 0.718750 0.553711 0.719531 0.554688 0.718750 0.555664 0.718750 0.556641 0.719531 0.557617 0.719531 0.560547 0.725781 0.568359 0.725781 0.569336 0.726562 0.570312 0.726562 0.571289 0.730469 0.576172 0.730469 0.577148 0.734375 0.582031 0.755469 0.582031 0.755469 0.581055 0.757031 0.579102 0.757031 0.578125 0.757812 0.577148 0.757812 0.575195 0.758594 0.574219 0.758594 0.569336 0.759375 0.568359 0.759375 0.567383 0.758594 0.566406 0.758594 0.562500 0.757812 0.561523 0.757812 0.559570 0.756250 0.557617 0.756250 0.556641 0.754687 0.554688 0.754687 0.553711 0.752344 0.550781 0.752344 0.549805 0.750781 0.547852 0.750000 0.547852 0.748437 0.545898 0.747656 0.545898 0.745313 0.542969 0.744531 0.542969 0.743750 0.541992 0.742969 0.541992 0.742188 0.541016
9 0.234375 0.418945 0.232813 0.420898 0.231250 0.420898 0.229687 0.422852 0.228906 0.422852 0.223438 0.429688 0.223438 0.431641 0.222656 0.432617 0.222656 0.433594 0.221875 0.434570 0.221875 0.435547 0.220312 0.437500 0.220312 0.463867 0.221094 0.464844 0.221094 0.465820 0.221875 0.466797 0.221875 0.467773 0.222656 0.468750 0.222656 0.469727 0.223438 0.470703 0.223438 0.471680 0.225781 0.474609 0.225781 0.475586 0.228906 0.479492 0.229687 0.479492 0.231250 0.481445 0.231250 0.482422 0.232031 0.482422 0.233594 0.484375 0.234375 0.484375 0.235937 0.486328 0.236719 0.486328 0.238281 0.488281 0.239063 0.488281 0.239844 0.489258 0.240625 0.489258 0.241406 0.490234 0.242969 0.490234 0.243750 0.491211 0.245312 0.491211 0.246094 0.492188 0.250781 0.492188 0.251563 0.491211 0.253906 0.491211 0.254688 0.490234 0.257812 0.490234 0.259375 0.488281 0.260156 0.488281 0.260156 0.467773 0.259375 0.467773 0.258594 0.466797 0.256250 0.466797 0.255469 0.465820 0.253906 0.465820 0.253125 0.464844 0.251563 0.464844 0.250781 0.463867 0.250000 0.463867 0.249219 0.462891 0.249219 0.461914 0.248438 0.460938 0.248438 0.458008 0.247656 0.457031 0.247656 0.456055 0.246875 0.455078 0.246875 0.449219 0.247656 0.448242 0.247656 0.447266 0.248438 0.446289 0.248438 0.445312 0.250781 0.442383 0.250781 0.441406 0.251563 0.440430 0.251563 0.439453 0.253125 0.437500 0.253125 0.430664 0.252344 0.429688 0.252344 0.425781 0.251563 0.424805 0.251563 0.420898 0.250000 0.418945
12 0.036719 0.192383 0.035937 0.193359 0.035937 0.194336 0.035156 0.195312 0.034375 0.195312 0.033594 0.196289 0.032813 0.196289 0.032031 0.197266 0.032031 0.198242 0.030469 0.200195 0.030469 0.204102 0.029687 0.205078 0.029687 0.208008 0.030469 0.208984 0.030469 0.210938 0.031250 0.211914 0.031250 0.215820 0.032031 0.216797 0.032031 0.217773 0.032813 0.218750 0.032813 0.219727 0.034375 0.221680 0.035156 0.221680 0.035937 0.222656 0.036719 0.222656 0.037500 0.223633 0.042969 0.223633 0.043750 0.224609 0.045312 0.224609 0.047656 0.227539 0.047656 0.232422 0.048438 0.233398 0.048438 0.236328 0.049219 0.237305 0.049219 0.240234 0.050000 0.241211 0.049219 0.242188 0.049219 0.244141 0.050000 0.245117 0.050000 0.246094 0.049219 0.247070 0.049219 0.248047 0.050000 0.249023 0.050000 0.250000 0.049219 0.250977 0.049219 0.258789 0.048438 0.259766 0.048438 0.264648 0.049219 0.265625 0.049219 0.268555 0.050000 0.269531 0.050000 0.270508 0.050781 0.271484 0.050781 0.272461 0.063281 0.272461 0.064844 0.270508 0.064844 0.269531 0.065625 0.268555 0.066406 0.268555 0.071094 0.262695 0.071094 0.261719 0.073438 0.258789 0.073438 0.256836 0.075000 0.254883 0.075000 0.252930 0.075781 0.251953 0.075781 0.248047 0.076563 0.247070 0.076563 0.243164 0.075000 0.241211 0.075000 0.240234 0.074219 0.239258 0.074219 0.238281 0.072656 0.236328 0.072656 0.230469 0.075000 0.227539 0.075000 0.226562 0.075781 0.225586 0.075781 0.219727 0.075000 0.218750 0.075000 0.216797 0.074219 0.215820 0.074219 0.214844 0.073438 0.213867 0.073438 0.212891 0.072656 0.211914 0.072656 0.209961 0.071875 0.208984 0.071875 0.208008 0.071094 0.207031 0.071094 0.206055 0.069531 0.204102 0.069531 0.203125 0.067187 0.200195 0.066406 0.200195 0.064844 0.198242 0.064062 0.198242 0.063281 0.197266 0.062500 0.197266 0.060937 0.195312 0.060156 0.195312 0.059375 0.194336 0.059375 0.193359 0.058594 0.192383
10 0.840625 0.537109 0.839844 0.538086 0.839063 0.538086 0.838281 0.539062 0.836719 0.539062 0.835938 0.540039 0.834375 0.540039 0.832812 0.541992 0.832812 0.542969 0.832031 0.543945 0.832031 0.544922 0.832812 0.545898 0.832812 0.547852 0.833594 0.548828 0.832812 0.549805 0.832812 0.550781 0.832031 0.551758 0.832031 0.554688 0.831250 0.555664 0.831250 0.556641 0.832031 0.557617 0.832031 0.559570 0.834375 0.562500 0.834375 0.563477 0.835156 0.564453 0.835938 0.564453 0.836719 0.565430 0.837500 0.565430 0.838281 0.566406 0.839063 0.566406 0.839844 0.567383 0.843750 0.567383 0.845313 0.569336 0.845313 0.571289 0.846094 0.572266 0.845313 0.573242 0.845313 0.575195 0.842187 0.579102 0.842187 0.580078 0.841406 0.581055 0.840625 0.581055 0.839844 0.582031 0.839063 0.582031 0.837500 0.583984 0.836719 0.583984 0.835156 0.585938 0.834375 0.585938 0.832812 0.587891 0.832812 0.588867 0.832031 0.589844 0.832031 0.590820 0.831250 0.591797 0.831250 0.596680 0.832031 0.597656 0.832031 0.599609 0.832812 0.600586 0.832812 0.601562 0.834375 0.603516 0.835156 0.603516 0.836719 0.605469 0.857812 0.605469 0.860156 0.602539 0.860938 0.602539 0.864844 0.597656 0.864844 0.596680 0.866406 0.594727 0.866406 0.593750 0.867188 0.592773 0.867188 0.591797 0.867969 0.590820 0.867969 0.589844 0.868750 0.588867 0.868750 0.587891 0.869531 0.586914 0.869531 0.585938 0.871094 0.583984 0.871094 0.561523 0.870313 0.560547 0.870313 0.559570 0.869531 0.558594 0.869531 0.557617 0.867969 0.555664 0.867969 0.554688 0.867188 0.553711 0.867188 0.552734 0.861719 0.545898 0.860938 0.545898 0.859375 0.543945 0.858594 0.543945 0.856250 0.541016 0.853906 0.541016 0.853125 0.540039 0.852344 0.540039 0.851562 0.539062 0.849219 0.539062 0.848437 0.538086 0.846875 0.538086 0.846094 0.537109
12 0.642188 0.133789 0.640625 0.135742 0.639844 0.135742 0.639062 0.136719 0.638281 0.136719 0.632031 0.144531 0.632031 0.145508 0.631250 0.146484 0.631250 0.147461 0.630469 0.148438 0.630469 0.149414 0.629687 0.150391 0.629687 0.151367 0.628906 0.152344 0.628906 0.168945 0.629687 0.169922 0.629687 0.171875 0.628906 0.172852 0.628906 0.173828 0.630469 0.175781 0.630469 0.177734 0.633594 0.181641 0.635156 0.181641 0.636719 0.179688 0.636719 0.176758 0.638281 0.174805 0.639062 0.174805 0.639844 0.173828 0.640625 0.173828 0.641406 0.172852 0.642188 0.172852 0.643750 0.170898 0.644531 0.170898 0.645312 0.169922 0.646875 0.169922 0.647656 0.168945 0.649219 0.168945 0.650000 0.167969 0.654687 0.167969 0.655469 0.168945 0.657031 0.168945 0.657813 0.169922 0.658594 0.169922 0.660156 0.171875 0.660156 0.172852 0.660937 0.173828 0.660937 0.177734 0.661719 0.178711 0.661719 0.181641 0.660937 0.182617 0.660937 0.187500 0.660156 0.188477 0.660156 0.197266 0.664062 0.202148 0.676562 0.202148 0.678125 0.200195 0.678906 0.200195 0.681250 0.197266 0.681250 0.196289 0.683594 0.193359 0.683594 0.192383 0.684375 0.191406 0.684375 0.190430 0.685156 0.189453 0.685156 0.188477 0.685937 0.187500 0.685937 0.186523 0.686719 0.185547 0.686719 0.163086 0.685937 0.162109 0.685937 0.160156 0.685156 0.159180 0.685156 0.157227 0.684375 0.156250 0.684375 0.155273 0.683594 0.154297 0.683594 0.153320 0.682813 0.152344 0.682813 0.151367 0.681250 0.149414 0.681250 0.148438 0.675781 0.141602 0.675000 0.141602 0.673438 0.139648 0.672656 0.139648 0.671094 0.137695 0.670312 0.137695 0.669531 0.136719 0.668750 0.136719 0.667969 0.135742 0.666406 0.135742 0.664844 0.133789
6 0.446875 0.859375 0.446094 0.860352 0.445312 0.860352 0.444531 0.861328 0.442969 0.861328 0.442188 0.862305 0.441406 0.862305 0.440625 0.863281 0.439844 0.863281 0.439063 0.864258 0.438281 0.864258 0.437500 0.865234 0.436719 0.865234 0.431250 0.872070 0.431250 0.873047 0.430469 0.874023 0.430469 0.875000 0.429688 0.875977 0.429688 0.876953 0.428906 0.877930 0.428906 0.899414 0.430469 0.901367 0.430469 0.902344 0.431250 0.903320 0.431250 0.904297 0.433594 0.907227 0.433594 0.908203 0.439063 0.915039 0.446875 0.915039 0.451562 0.909180 0.451562 0.908203 0.452344 0.907227 0.452344 0.901367 0.451562 0.900391 0.451562 0.896484 0.452344 0.895508 0.452344 0.892578 0.458594 0.884766 0.464844 0.884766 0.465625 0.885742 0.466406 0.885742 0.467187 0.886719 0.468750 0.886719 0.469531 0.887695 0.474219 0.887695 0.475000 0.886719 0.475781 0.886719 0.476562 0.885742 0.476562 0.884766 0.478125 0.882812 0.478125 0.873047 0.476562 0.871094 0.476562 0.870117 0.475781 0.869141 0.475781 0.868164 0.472656 0.864258 0.471875 0.864258 0.471094 0.863281 0.470313 0.863281 0.469531 0.862305 0.467969 0.862305 0.467187 0.861328 0.466406 0.861328 0.465625 0.860352 0.464844 0.860352 0.464062 0.859375
0 0.337500 0.166016 0.337500 0.166992 0.336719 0.167969 0.336719 0.169922 0.335938 0.170898 0.335938 0.171875 0.333594 0.174805 0.333594 0.175781 0.328906 0.181641 0.328125 0.181641 0.326562 0.183594 0.325781 0.183594 0.325000 0.184570 0.324219 0.184570 0.323437 0.185547 0.318750 0.185547 0.317969 0.184570 0.316406 0.184570 0.314844 0.182617 0.314063 0.182617 0.313281 0.181641 0.313281 0.180664 0.311719 0.178711 0.311719 0.176758 0.309375 0.173828 0.309375 0.172852 0.308594 0.172852 0.307031 0.170898 0.306250 0.170898 0.305469 0.169922 0.300781 0.169922 0.300000 0.170898 0.298438 0.170898 0.298438 0.195312 0.301563 0.199219 0.301563 0.200195 0.302344 0.201172 0.302344 0.202148 0.305469 0.206055 0.306250 0.206055 0.307031 0.207031 0.307812 0.207031 0.308594 0.208008 0.310156 0.208008 0.311719 0.209961 0.333594 0.209961 0.334375 0.208984 0.335156 0.208984 0.335938 0.208008 0.336719 0.208008 0.337500 0.207031 0.338281 0.207031 0.339844 0.205078 0.340625 0.205078 0.342969 0.202148 0.343750 0.202148 0.344531 0.201172 0.344531 0.200195 0.346094 0.198242 0.346094 0.197266 0.350000 0.192383 0.350000 0.191406 0.351562 0.189453 0.351562 0.188477 0.352344 0.187500 0.352344 0.186523 0.353125 0.185547 0.353125 0.183594 0.353906 0.182617 0.353906 0.181641 0.354687 0.180664 0.354687 0.179688 0.355469 0.178711 0.355469 0.174805 0.354687 0.173828 0.354687 0.170898 0.353906 0.169922 0.353906 0.168945 0.352344 0.166992 0.352344 0.166016
7 0.933594 0.528320 0.930469 0.532227 0.930469 0.533203 0.929688 0.534180 0.929688 0.535156 0.928906 0.536133 0.928906 0.541016 0.928125 0.541992 0.928125 0.543945 0.928906 0.544922 0.928906 0.547852 0.928125 0.548828 0.928125 0.553711 0.927344 0.554688 0.927344 0.556641 0.924219 0.560547 0.923438 0.560547 0.922656 0.561523 0.921094 0.561523 0.920312 0.562500 0.919531 0.562500 0.915625 0.567383 0.915625 0.585938 0.916406 0.585938 0.917188 0.586914 0.917969 0.586914 0.918750 0.587891 0.919531 0.587891 0.920312 0.588867 0.921094 0.588867 0.921875 0.587891 0.924219 0.587891 0.925000 0.588867 0.925781 0.588867 0.926562 0.587891 0.930469 0.587891 0.931250 0.586914 0.934375 0.586914 0.935156 0.585938 0.936719 0.585938 0.937500 0.584961 0.938281 0.584961 0.939063 0.583984 0.940625 0.583984 0.941406 0.583008 0.942969 0.583008 0.944531 0.581055 0.945312 0.581055 0.946875 0.579102 0.947656 0.579102 0.949219 0.577148 0.949219 0.576172 0.950781 0.574219 0.950781 0.573242 0.953125 0.570312 0.953125 0.568359 0.954688 0.566406 0.954688 0.545898 0.953906 0.544922 0.953906 0.542969 0.953125 0.541992 0.953125 0.541016 0.951562 0.539062 0.951562 0.538086 0.950781 0.537109 0.950781 0.536133 0.948438 0.533203 0.947656 0.533203 0.944531 0.529297 0.943750 0.529297 0.942969 0.528320
4 0.146875 0.103516 0.144531 0.106445 0.144531 0.122070 0.145313 0.122070 0.147656 0.125000 0.147656 0.125977 0.150000 0.128906 0.150000 0.129883 0.150781 0.130859 0.150781 0.131836 0.151562 0.132812 0.151562 0.136719 0.152344 0.137695 0.152344 0.143555 0.151562 0.144531 0.151562 0.145508 0.149219 0.148438 0.149219 0.149414 0.146094 0.153320 0.146094 0.154297 0.144531 0.156250 0.144531 0.162109 0.145313 0.163086 0.145313 0.166992 0.146094 0.167969 0.146094 0.169922 0.146875 0.170898 0.146875 0.171875 0.148438 0.173828 0.148438 0.174805 0.165625 0.174805 0.166406 0.173828 0.167187 0.173828 0.167969 0.172852 0.168750 0.172852 0.170313 0.170898 0.171094 0.170898 0.176563 0.164062 0.176563 0.163086 0.178125 0.161133 0.178125 0.160156 0.178906 0.159180 0.178906 0.158203 0.180469 0.156250 0.180469 0.132812 0.179688 0.131836 0.179688 0.130859 0.178906 0.129883 0.178906 0.127930 0.178125 0.126953 0.178125 0.125977 0.177344 0.125000 0.177344 0.122070 0.171875 0.115234 0.171094 0.115234 0.166406 0.109375 0.165625 0.109375 0.164844 0.108398 0.164062 0.108398 0.163281 0.107422 0.162500 0.107422 0.161719 0.106445 0.160938 0.106445 0.160156 0.105469 0.159375 0.105469 0.157812 0.103516
1 0.254688 0.297852 0.251563 0.301758 0.250781 0.301758 0.250000 0.302734 0.250000 0.303711 0.246094 0.308594 0.246094 0.309570 0.243750 0.312500 0.243750 0.313477 0.242188 0.315430 0.242188 0.316406 0.240625 0.318359 0.240625 0.350586 0.241406 0.351562 0.241406 0.353516 0.242969 0.355469 0.242969 0.356445 0.246875 0.361328 0.246875 0.362305 0.251563 0.368164 0.252344 0.368164 0.253906 0.370117 0.254688 0.370117 0.255469 0.371094 0.256250 0.371094 0.257812 0.373047 0.258594 0.373047 0.259375 0.374023 0.260156 0.374023 0.260937 0.375000 0.261719 0.375000 0.262500 0.375977 0.264844 0.375977 0.265625 0.376953 0.269531 0.376953 0.270313 0.377930 0.274219 0.377930 0.275000 0.378906 0.278125 0.378906 0.278906 0.379883 0.279687 0.378906 0.282031 0.378906 0.283594 0.376953 0.284375 0.376953 0.284375 0.339844 0.283594 0.339844 0.282813 0.338867 0.282031 0.338867 0.281250 0.337891 0.278125 0.337891 0.277344 0.336914 0.275781 0.336914 0.275000 0.335938 0.274219 0.335938 0.269531 0.330078 0.269531 0.327148 0.268750 0.326172 0.268750 0.324219 0.267969 0.323242 0.267969 0.317383 0.267188 0.316406 0.267188 0.314453 0.266406 0.313477 0.266406 0.311523 0.265625 0.310547 0.265625 0.308594 0.264844 0.307617 0.264844 0.304688 0.264062 0.303711 0.264062 0.301758 0.262500 0.299805 0.262500 0.298828 0.261719 0.297852
3 0.339844 0.503906 0.339062 0.504883 0.337500 0.504883 0.336719 0.505859 0.335156 0.505859 0.334375 0.506836 0.333594 0.506836 0.332813 0.507812 0.332031 0.507812 0.331250 0.508789 0.330469 0.508789 0.327344 0.512695 0.326562 0.512695 0.324219 0.515625 0.324219 0.539062 0.326562 0.539062 0.327344 0.540039 0.328125 0.540039 0.328906 0.539062 0.330469 0.539062 0.332031 0.537109 0.332813 0.537109 0.333594 0.536133 0.342969 0.536133 0.345313 0.539062 0.345313 0.540039 0.346875 0.541992 0.346875 0.542969 0.346094 0.543945 0.346875 0.544922 0.346875 0.546875 0.347656 0.547852 0.347656 0.548828 0.346875 0.549805 0.347656 0.550781 0.347656 0.552734 0.348438 0.553711 0.348438 0.555664 0.349219 0.556641 0.349219 0.557617 0.352344 0.561523 0.353906 0.561523 0.355469 0.563477 0.356250 0.563477 0.357031 0.564453 0.357031 0.565430 0.360156 0.569336 0.365625 0.569336 0.366406 0.568359 0.367188 0.568359 0.369531 0.565430 0.369531 0.564453 0.371094 0.562500 0.371094 0.561523 0.372656 0.559570 0.372656 0.528320 0.371875 0.527344 0.371875 0.526367 0.371094 0.525391 0.371094 0.523438 0.370312 0.522461 0.370312 0.521484 0.366406 0.516602 0.366406 0.515625 0.365625 0.515625 0.360156 0.508789 0.359375 0.508789 0.358594 0.507812 0.357812 0.507812 0.357031 0.506836 0.356250 0.506836 0.355469 0.505859 0.354687 0.505859 0.353125 0.503906
12 0.528906 0.751953 0.524219 0.757812 0.523438 0.757812 0.523438 0.758789 0.521094 0.761719 0.521094 0.762695 0.520312 0.763672 0.520312 0.764648 0.519531 0.765625 0.519531 0.766602 0.518750 0.767578 0.518750 0.768555 0.517969 0.769531 0.517969 0.770508 0.517188 0.771484 0.517188 0.793945 0.518750 0.795898 0.518750 0.796875 0.519531 0.797852 0.519531 0.798828 0.520312 0.799805 0.520312 0.800781 0.521094 0.801758 0.521094 0.802734 0.523438 0.805664 0.524219 0.805664 0.526563 0.808594 0.527344 0.808594 0.529687 0.811523 0.530469 0.811523 0.532031 0.813477 0.532813 0.813477 0.533594 0.814453 0.534375 0.814453 0.535156 0.815430 0.550781 0.815430 0.551562 0.814453 0.552344 0.814453 0.553125 0.813477 0.553906 0.813477 0.556250 0.810547 0.557031 0.810547 0.557813 0.809570 0.558594 0.809570 0.563281 0.803711 0.563281 0.794922 0.562500 0.793945 0.562500 0.791992 0.561719 0.791016 0.561719 0.790039 0.560937 0.789062 0.560937 0.788086 0.560156 0.787109 0.559375 0.787109 0.557813 0.785156 0.557031 0.785156 0.556250 0.784180 0.553125 0.784180 0.552344 0.783203 0.549219 0.783203 0.548438 0.782227 0.543750 0.782227 0.542969 0.781250 0.542188 0.781250 0.541406 0.780273 0.541406 0.776367 0.542188 0.775391 0.542188 0.774414 0.543750 0.772461 0.543750 0.770508 0.544531 0.769531 0.544531 0.767578 0.545312 0.766602 0.545312 0.762695 0.544531 0.761719 0.544531 0.760742 0.542969 0.758789 0.542969 0.755859 0.542188 0.754883 0.542188 0.753906 0.540625 0.751953
8 0.314844 0.198242 0.314063 0.199219 0.313281 0.199219 0.312500 0.200195 0.310937 0.200195 0.310156 0.201172 0.308594 0.201172 0.307812 0.202148 0.306250 0.202148 0.303906 0.205078 0.303125 0.205078 0.301563 0.207031 0.300781 0.207031 0.294531 0.214844 0.294531 0.215820 0.293750 0.216797 0.293750 0.217773 0.292969 0.218750 0.292969 0.220703 0.291406 0.222656 0.291406 0.223633 0.290625 0.224609 0.290625 0.225586 0.289844 0.226562 0.289844 0.249023 0.290625 0.250000 0.290625 0.250977 0.291406 0.251953 0.291406 0.252930 0.292969 0.254883 0.292969 0.255859 0.293750 0.256836 0.293750 0.257812 0.294531 0.258789 0.294531 0.259766 0.298438 0.264648 0.299219 0.264648 0.300781 0.266602 0.302344 0.266602 0.303125 0.267578 0.310937 0.267578 0.311719 0.266602 0.313281 0.266602 0.314063 0.265625 0.314844 0.265625 0.315625 0.264648 0.317188 0.264648 0.318750 0.266602 0.318750 0.267578 0.328125 0.267578 0.328125 0.266602 0.328906 0.265625 0.328125 0.264648 0.328125 0.263672 0.327344 0.262695 0.327344 0.261719 0.326562 0.260742 0.326562 0.255859 0.324219 0.252930 0.323437 0.252930 0.321875 0.250977 0.321094 0.250977 0.320312 0.250000 0.320312 0.249023 0.319531 0.248047 0.319531 0.247070 0.317969 0.245117 0.317969 0.244141 0.317188 0.243164 0.317188 0.241211 0.315625 0.239258 0.315625 0.237305 0.314844 0.236328 0.314844 0.235352 0.314063 0.234375 0.314063 0.232422 0.315625 0.230469 0.315625 0.229492 0.317188 0.227539 0.317969 0.227539 0.318750 0.226562 0.322656 0.226562 0.323437 0.225586 0.327344 0.225586 0.328125 0.224609 0.332813 0.224609 0.333594 0.223633 0.335156 0.223633 0.335938 0.222656 0.338281 0.222656 0.338281 0.205078 0.337500 0.204102 0.336719 0.204102 0.335938 0.203125 0.335156 0.203125 0.334375 0.202148 0.333594 0.202148 0.332031 0.200195 0.328906 0.200195 0.328125 0.199219 0.325781 0.199219 0.325000 0.198242
6 0.686719 0.003906 0.685937 0.004883 0.685156 0.004883 0.684375 0.005859 0.683594 0.005859 0.682031 0.007812 0.681250 0.007812 0.680469 0.008789 0.679688 0.008789 0.674219 0.015625 0.674219 0.016602 0.673438 0.017578 0.673438 0.018555 0.671875 0.020508 0.671875 0.021484 0.671094 0.022461 0.671094 0.023438 0.670312 0.024414 0.670312 0.025391 0.669531 0.026367 0.669531 0.027344 0.668750 0.028320 0.668750 0.053711 0.670312 0.055664 0.670312 0.056641 0.673438 0.060547 0.675000 0.060547 0.675781 0.061523 0.676562 0.061523 0.677344 0.062500 0.684375 0.062500 0.685156 0.061523 0.685937 0.061523 0.686719 0.060547 0.687500 0.060547 0.691406 0.055664 0.691406 0.053711 0.692187 0.052734 0.692187 0.049805 0.692969 0.048828 0.692969 0.047852 0.693750 0.046875 0.693750 0.045898 0.694531 0.044922 0.694531 0.043945 0.696875 0.041016 0.697656 0.041016 0.698438 0.040039 0.702344 0.040039 0.703125 0.039062 0.705469 0.039062 0.706250 0.040039 0.707812 0.040039 0.708594 0.041016 0.710156 0.041016 0.711719 0.042969 0.712500 0.042969 0.713281 0.043945 0.714063 0.043945 0.714844 0.044922 0.715625 0.044922 0.716406 0.045898 0.717187 0.045898 0.717969 0.046875 0.718750 0.046875 0.719531 0.047852 0.720313 0.047852 0.721094 0.048828 0.721875 0.048828 0.722656 0.049805 0.723437 0.049805 0.724219 0.050781 0.730469 0.050781 0.734375 0.045898 0.735156 0.045898 0.735156 0.032227 0.734375 0.031250 0.734375 0.030273 0.733594 0.029297 0.733594 0.027344 0.732812 0.026367 0.732812 0.025391 0.731250 0.023438 0.731250 0.022461 0.730469 0.021484 0.730469 0.020508 0.725000 0.013672 0.724219 0.013672 0.721094 0.009766 0.720313 0.009766 0.719531 0.008789 0.718750 0.008789 0.717969 0.007812 0.717187 0.007812 0.716406 0.006836 0.715625 0.006836 0.714844 0.005859 0.714063 0.005859 0.713281 0.004883 0.710938 0.004883 0.710156 0.003906
12 0.657031 0.389648 0.656250 0.390625 0.654687 0.390625 0.653906 0.391602 0.652344 0.391602 0.651563 0.392578 0.650781 0.392578 0.650000 0.393555 0.649219 0.393555 0.646875 0.396484 0.646094 0.396484 0.640625 0.403320 0.639844 0.403320 0.639062 0.404297 0.639062 0.405273 0.637500 0.407227 0.637500 0.408203 0.636719 0.409180 0.636719 0.410156 0.635938 0.411133 0.635938 0.412109 0.635156 0.413086 0.635156 0.414062 0.633594 0.416016 0.633594 0.417969 0.632812 0.418945 0.632812 0.419922 0.632031 0.420898 0.632031 0.444336 0.633594 0.446289 0.633594 0.449219 0.634375 0.450195 0.634375 0.452148 0.635156 0.453125 0.635156 0.454102 0.636719 0.456055 0.636719 0.457031 0.637500 0.458008 0.637500 0.458984 0.639844 0.461914 0.640625 0.461914 0.642188 0.463867 0.642969 0.463867 0.643750 0.464844 0.656250 0.464844 0.656250 0.463867 0.657031 0.462891 0.657031 0.461914 0.657813 0.460938 0.657813 0.459961 0.658594 0.458984 0.658594 0.451172 0.657813 0.450195 0.657813 0.438477 0.657031 0.437500 0.657031 0.434570 0.656250 0.433594 0.656250 0.432617 0.655469 0.431641 0.655469 0.430664 0.654687 0.429688 0.657813 0.425781 0.659375 0.425781 0.660156 0.424805 0.663281 0.424805 0.664062 0.423828 0.667969 0.423828 0.668750 0.422852 0.675000 0.422852 0.675781 0.421875 0.676562 0.421875 0.678906 0.418945 0.678906 0.416992 0.679688 0.416016 0.679688 0.415039 0.680469 0.414062 0.680469 0.413086 0.681250 0.412109 0.681250 0.410156 0.682031 0.409180 0.682031 0.401367 0.679688 0.398438 0.679688 0.397461 0.673438 0.389648
2 0.364063 0.666992 0.363281 0.667969 0.359375 0.667969 0.357812 0.669922 0.355469 0.669922 0.353906 0.671875 0.353125 0.671875 0.352344 0.672852 0.351562 0.672852 0.350000 0.674805 0.349219 0.674805 0.346875 0.677734 0.346875 0.678711 0.345313 0.680664 0.345313 0.681641 0.342969 0.684570 0.342969 0.702148 0.343750 0.702148 0.344531 0.703125 0.345313 0.703125 0.346094 0.704102 0.346875 0.704102 0.347656 0.705078 0.351562 0.705078 0.352344 0.704102 0.353906 0.704102 0.355469 0.702148 0.356250 0.702148 0.359375 0.698242 0.361719 0.698242 0.362500 0.697266 0.363281 0.697266 0.364063 0.698242 0.367188 0.698242 0.367969 0.699219 0.370312 0.699219 0.371094 0.700195 0.372656 0.700195 0.373437 0.701172 0.374219 0.701172 0.375781 0.703125 0.375781 0.704102 0.377344 0.706055 0.377344 0.707031 0.378125 0.708008 0.378125 0.710938 0.378906 0.711914 0.378906 0.713867 0.379688 0.714844 0.379688 0.717773 0.380469 0.718750 0.380469 0.720703 0.381250 0.721680 0.381250 0.724609 0.382812 0.726562 0.383594 0.726562 0.384375 0.727539 0.390625 0.727539 0.391406 0.726562 0.393750 0.726562 0.394531 0.725586 0.396094 0.725586 0.400781 0.719727 0.400781 0.689453 0.398438 0.686523 0.398438 0.685547 0.389844 0.674805 0.389062 0.674805 0.387500 0.672852 0.386719 0.672852 0.385937 0.671875 0.385156 0.671875 0.384375 0.670898 0.383594 0.670898 0.382812 0.669922 0.382031 0.669922 0.381250 0.668945 0.379688 0.668945 0.378906 0.667969 0.373437 0.667969 0.372656 0.666992
4 0.850000 0.776367 0.849219 0.777344 0.847656 0.777344 0.844531 0.781250 0.844531 0.782227 0.842969 0.784180 0.842969 0.785156 0.842187 0.786133 0.842187 0.787109 0.840625 0.789062 0.840625 0.791016 0.839063 0.792969 0.839063 0.794922 0.838281 0.795898 0.838281 0.796875 0.836719 0.798828 0.835938 0.798828 0.835156 0.799805 0.834375 0.799805 0.833594 0.798828 0.832812 0.798828 0.832031 0.797852 0.831250 0.797852 0.829688 0.795898 0.828906 0.795898 0.827344 0.793945 0.826562 0.793945 0.825781 0.792969 0.825000 0.792969 0.824219 0.791992 0.823438 0.791992 0.822656 0.791016 0.817969 0.791016 0.817187 0.791992 0.816406 0.791992 0.815625 0.792969 0.814844 0.792969 0.814063 0.793945 0.813281 0.793945 0.810937 0.796875 0.810156 0.796875 0.810156 0.813477 0.811719 0.815430 0.811719 0.816406 0.817187 0.823242 0.817969 0.823242 0.819531 0.825195 0.820312 0.825195 0.821094 0.826172 0.822656 0.826172 0.823438 0.827148 0.825000 0.827148 0.825781 0.828125 0.842969 0.828125 0.843750 0.827148 0.844531 0.827148 0.845313 0.826172 0.846094 0.826172 0.846875 0.825195 0.847656 0.825195 0.848437 0.824219 0.849219 0.824219 0.853906 0.818359 0.854688 0.818359 0.856250 0.816406 0.856250 0.815430 0.857812 0.813477 0.857812 0.812500 0.858594 0.811523 0.858594 0.810547 0.859375 0.809570 0.859375 0.808594 0.860156 0.807617 0.860156 0.785156 0.859375 0.784180 0.859375 0.783203 0.858594 0.782227 0.858594 0.781250 0.856250 0.778320 0.855469 0.778320 0.854688 0.777344 0.853906 0.777344 0.853125 0.776367