12 0.214062 0.376953 0.210938 0.380859 0.210156 0.380859 0.202344 0.390625 0.202344 0.391602 0.200000 0.394531 0.200000 0.395508 0.199219 0.396484 0.199219 0.397461 0.197656 0.399414 0.197656 0.419922 0.198437 0.420898 0.198437 0.421875 0.199219 0.422852 0.199219 0.424805 0.201563 0.427734 0.201563 0.429688 0.203125 0.431641 0.203125 0.432617 0.205469 0.435547 0.205469 0.436523 0.208594 0.440430 0.209375 0.440430 0.212500 0.444336 0.213281 0.444336 0.214062 0.445312 0.215625 0.445312 0.216406 0.446289 0.216406 0.447266 0.239063 0.447266 0.240625 0.445312 0.241406 0.445312 0.242969 0.443359 0.243750 0.443359 0.244531 0.442383 0.244531 0.440430 0.245312 0.439453 0.245312 0.438477 0.246094 0.437500 0.246094 0.436523 0.245312 0.435547 0.245312 0.433594 0.243750 0.431641 0.243750 0.430664 0.242969 0.429688 0.242188 0.429688 0.239844 0.426758 0.239063 0.426758 0.238281 0.425781 0.236719 0.425781 0.235156 0.423828 0.234375 0.423828 0.233594 0.422852 0.232813 0.422852 0.231250 0.420898 0.231250 0.419922 0.229687 0.417969 0.229687 0.416992 0.227344 0.414062 0.227344 0.413086 0.225781 0.411133 0.225781 0.410156 0.225000 0.409180 0.225000 0.405273 0.225781 0.404297 0.225781 0.403320 0.226562 0.402344 0.226562 0.401367 0.231250 0.395508 0.231250 0.394531 0.232813 0.392578 0.232813 0.390625 0.233594 0.389648 0.233594 0.386719 0.234375 0.385742 0.234375 0.383789 0.233594 0.382812 0.233594 0.381836 0.231250 0.378906 0.229687 0.378906 0.228125 0.376953
2 0.171094 0.265625 0.169531 0.267578 0.169531 0.268555 0.168750 0.269531 0.168750 0.283203 0.169531 0.284180 0.169531 0.287109 0.170313 0.288086 0.170313 0.293945 0.171094 0.294922 0.171094 0.295898 0.171875 0.296875 0.171875 0.298828 0.171094 0.299805 0.171094 0.300781 0.167969 0.304688 0.165625 0.304688 0.164844 0.303711 0.164062 0.303711 0.162500 0.301758 0.161719 0.301758 0.160938 0.300781 0.155469 0.300781 0.154688 0.301758 0.153125 0.301758 0.150000 0.305664 0.150000 0.315430 0.150781 0.315430 0.153125 0.318359 0.153125 0.319336 0.153906 0.320312 0.153906 0.321289 0.154688 0.322266 0.154688 0.323242 0.157031 0.326172 0.157812 0.326172 0.160938 0.330078 0.161719 0.330078 0.162500 0.331055 0.164844 0.331055 0.165625 0.332031 0.166406 0.331055 0.167187 0.331055 0.167969 0.332031 0.172656 0.332031 0.173437 0.333008 0.174219 0.333008 0.176563 0.335938 0.176563 0.336914 0.181250 0.336914 0.181250 0.333008 0.180469 0.332031 0.180469 0.331055 0.179688 0.330078 0.179688 0.326172 0.181250 0.324219 0.182031 0.324219 0.189062 0.315430 0.189062 0.314453 0.192188 0.310547 0.192188 0.309570 0.193750 0.307617 0.193750 0.287109 0.192969 0.286133 0.192969 0.285156 0.192188 0.284180 0.192188 0.283203 0.191406 0.282227 0.191406 0.280273 0.190625 0.279297 0.190625 0.278320 0.189844 0.277344 0.189844 0.276367 0.187500 0.273438 0.187500 0.272461 0.186719 0.271484 0.186719 0.270508 0.183594 0.266602 0.182812 0.266602 0.182031 0.265625
11 0.840625 0.222656 0.839063 0.224609 0.837500 0.224609 0.836719 0.225586 0.835938 0.225586 0.835156 0.226562 0.834375 0.226562 0.829688 0.232422 0.829688 0.233398 0.828906 0.234375 0.828125 0.234375 0.826562 0.236328 0.826562 0.237305 0.824219 0.240234 0.824219 0.241211 0.823438 0.242188 0.823438 0.243164 0.821875 0.245117 0.821875 0.247070 0.821094 0.248047 0.821094 0.250000 0.820312 0.250977 0.820312 0.253906 0.819531 0.254883 0.819531 0.258789 0.818750 0.259766 0.818750 0.267578 0.819531 0.268555 0.819531 0.274414 0.820312 0.275391 0.820312 0.278320 0.821094 0.279297 0.821094 0.281250 0.821875 0.282227 0.821875 0.283203 0.822656 0.284180 0.822656 0.285156 0.823438 0.286133 0.825000 0.286133 0.825781 0.287109 0.828125 0.287109 0.828906 0.288086 0.830469 0.288086 0.831250 0.289062 0.832031 0.289062 0.833594 0.291016 0.854688 0.291016 0.860156 0.284180 0.860156 0.283203 0.861719 0.281250 0.861719 0.280273 0.862500 0.279297 0.862500 0.277344 0.863281 0.276367 0.863281 0.260742 0.865625 0.257812 0.867188 0.257812 0.868750 0.255859 0.869531 0.255859 0.870313 0.254883 0.872656 0.254883 0.874219 0.252930 0.874219 0.251953 0.875000 0.250977 0.875000 0.250000 0.875781 0.249023 0.875781 0.248047 0.877344 0.246094 0.877344 0.239258 0.876563 0.238281 0.876563 0.236328 0.875000 0.234375 0.875000 0.233398 0.873437 0.231445 0.873437 0.230469 0.871875 0.228516 0.871875 0.227539 0.871094 0.226562 0.870313 0.226562 0.867969 0.223633 0.867188 0.223633 0.866406 0.222656
7 0.853906 0.302734 0.853125 0.303711 0.850781 0.303711 0.849219 0.305664 0.847656 0.305664 0.846094 0.307617 0.845313 0.307617 0.844531 0.308594 0.843750 0.308594 0.842187 0.310547 0.842187 0.333008 0.842969 0.333008 0.844531 0.334961 0.854688 0.334961 0.855469 0.333984 0.856250 0.334961 0.860938 0.334961 0.861719 0.335938 0.862500 0.335938 0.864062 0.337891 0.864062 0.338867 0.865625 0.340820 0.864844 0.341797 0.864844 0.351562 0.864062 0.352539 0.864062 0.359375 0.864844 0.360352 0.864844 0.364258 0.866406 0.366211 0.867188 0.366211 0.868750 0.368164 0.871875 0.368164 0.872656 0.369141 0.873437 0.369141 0.875000 0.367188 0.875781 0.367188 0.876563 0.366211 0.877344 0.366211 0.882031 0.360352 0.882031 0.359375 0.884375 0.356445 0.884375 0.354492 0.885938 0.352539 0.885938 0.329102 0.885156 0.328125 0.885156 0.325195 0.883594 0.323242 0.883594 0.321289 0.881250 0.318359 0.881250 0.317383 0.878906 0.314453 0.878125 0.314453 0.875781 0.311523 0.875000 0.311523 0.873437 0.309570 0.872656 0.309570 0.871094 0.307617 0.870313 0.307617 0.869531 0.306641 0.867969 0.306641 0.867188 0.305664 0.865625 0.305664 0.864844 0.304688 0.861719 0.304688 0.860938 0.303711 0.858594 0.303711 0.857812 0.302734
7 0.400000 0.605469 0.400000 0.606445 0.398438 0.608398 0.398438 0.610352 0.397656 0.611328 0.397656 0.616211 0.396875 0.617188 0.396875 0.619141 0.395313 0.621094 0.395313 0.622070 0.393750 0.624023 0.389844 0.624023 0.389062 0.623047 0.388281 0.623047 0.387500 0.622070 0.384375 0.622070 0.383594 0.621094 0.381250 0.621094 0.375781 0.614258 0.375000 0.614258 0.374219 0.613281 0.367969 0.613281 0.367188 0.614258 0.366406 0.614258 0.366406 0.639648 0.372656 0.647461 0.373437 0.647461 0.375000 0.649414 0.375781 0.649414 0.376563 0.650391 0.377344 0.650391 0.378125 0.651367 0.378906 0.651367 0.380469 0.653320 0.400000 0.653320 0.400781 0.652344 0.402344 0.652344 0.403125 0.651367 0.403906 0.651367 0.407031 0.647461 0.407813 0.647461 0.409375 0.645508 0.409375 0.644531 0.411719 0.641602 0.411719 0.640625 0.412500 0.639648 0.412500 0.638672 0.414062 0.636719 0.414062 0.635742 0.414844 0.634766 0.414844 0.633789 0.415625 0.632812 0.415625 0.629883 0.416406 0.628906 0.416406 0.625000 0.417187 0.624023 0.417187 0.622070 0.417969 0.621094 0.417969 0.620117 0.417187 0.619141 0.417187 0.618164 0.417969 0.617188 0.417187 0.616211 0.417187 0.614258 0.416406 0.613281 0.416406 0.611328 0.415625 0.610352 0.415625 0.608398 0.414844 0.607422 0.414844 0.605469
6 0.721094 0.890625 0.720313 0.891602 0.719531 0.891602 0.718750 0.892578 0.717969 0.892578 0.713281 0.898438 0.713281 0.899414 0.712500 0.900391 0.712500 0.901367 0.711719 0.902344 0.711719 0.903320 0.710156 0.905273 0.710156 0.926758 0.710938 0.927734 0.710938 0.929688 0.711719 0.930664 0.711719 0.932617 0.713281 0.934570 0.713281 0.935547 0.714063 0.936523 0.714063 0.937500 0.720313 0.945312 0.721094 0.945312 0.723437 0.948242 0.724219 0.948242 0.725000 0.949219 0.725781 0.949219 0.726562 0.950195 0.728125 0.950195 0.728906 0.951172 0.730469 0.951172 0.731250 0.952148 0.732031 0.952148 0.732812 0.953125 0.748437 0.953125 0.749219 0.952148 0.750000 0.952148 0.750781 0.951172 0.751563 0.951172 0.757031 0.944336 0.757031 0.934570 0.755469 0.932617 0.755469 0.929688 0.754687 0.928711 0.754687 0.927734 0.751563 0.923828 0.750781 0.923828 0.750000 0.922852 0.739844 0.922852 0.739062 0.921875 0.736719 0.921875 0.735938 0.920898 0.735156 0.920898 0.732031 0.916992 0.732031 0.915039 0.732812 0.914062 0.732812 0.913086 0.733594 0.912109 0.733594 0.910156 0.734375 0.909180 0.734375 0.895508 0.733594 0.894531 0.733594 0.893555 0.731250 0.890625
11 0.795312 0.580078 0.795312 0.581055 0.794531 0.582031 0.794531 0.591797 0.793750 0.592773 0.793750 0.593750 0.792969 0.594727 0.792188 0.594727 0.790625 0.596680 0.789844 0.596680 0.783594 0.604492 0.783594 0.605469 0.782031 0.607422 0.782031 0.608398 0.781250 0.609375 0.781250 0.610352 0.779687 0.612305 0.779687 0.613281 0.778906 0.614258 0.778906 0.638672 0.779687 0.639648 0.779687 0.640625 0.780469 0.641602 0.780469 0.643555 0.781250 0.644531 0.781250 0.645508 0.785937 0.651367 0.785937 0.652344 0.788281 0.655273 0.788281 0.656250 0.794531 0.664062 0.795312 0.664062 0.796094 0.665039 0.796875 0.665039 0.797656 0.666016 0.799219 0.666016 0.800000 0.666992 0.800781 0.666992 0.801562 0.667969 0.807031 0.667969 0.807813 0.668945 0.816406 0.668945 0.817969 0.666992 0.819531 0.666992 0.820312 0.666016 0.820312 0.665039 0.822656 0.662109 0.823438 0.662109 0.826562 0.658203 0.826562 0.630859 0.825781 0.629883 0.825781 0.628906 0.825000 0.627930 0.825000 0.626953 0.822656 0.624023 0.821875 0.624023 0.821094 0.623047 0.817969 0.623047 0.817187 0.622070 0.815625 0.622070 0.814844 0.621094 0.814844 0.619141 0.814063 0.618164 0.814063 0.602539 0.813281 0.601562 0.813281 0.598633 0.812500 0.597656 0.812500 0.596680 0.809375 0.592773 0.809375 0.591797 0.808594 0.590820 0.808594 0.589844 0.805469 0.585938 0.804688 0.585938 0.803906 0.584961 0.803906 0.583984 0.802344 0.582031 0.802344 0.580078
7 0.669531 0.661133 0.668750 0.662109 0.664844 0.662109 0.664062 0.663086 0.662500 0.663086 0.661719 0.664062 0.660937 0.664062 0.659375 0.666016 0.658594 0.666016 0.653125 0.672852 0.653125 0.673828 0.650781 0.676758 0.650781 0.695312 0.652344 0.695312 0.653125 0.694336 0.654687 0.694336 0.655469 0.693359 0.657031 0.693359 0.658594 0.691406 0.662500 0.691406 0.663281 0.692383 0.664844 0.692383 0.665625 0.693359 0.668750 0.693359 0.669531 0.692383 0.670312 0.692383 0.671094 0.693359 0.672656 0.693359 0.673438 0.694336 0.674219 0.694336 0.675000 0.695312 0.675781 0.695312 0.678125 0.698242 0.678125 0.699219 0.678906 0.700195 0.678906 0.708984 0.678125 0.709961 0.678125 0.710938 0.677344 0.711914 0.677344 0.713867 0.678125 0.714844 0.678125 0.715820 0.677344 0.716797 0.680469 0.720703 0.680469 0.721680 0.682813 0.724609 0.683594 0.724609 0.684375 0.725586 0.687500 0.725586 0.688281 0.724609 0.689063 0.724609 0.689844 0.725586 0.690625 0.724609 0.692187 0.724609 0.692969 0.723633 0.694531 0.723633 0.695312 0.722656 0.696094 0.722656 0.699219 0.718750 0.699219 0.717773 0.702344 0.713867 0.703125 0.713867 0.703125 0.683594 0.700781 0.680664 0.700781 0.679688 0.700000 0.679688 0.696875 0.675781 0.696094 0.675781 0.693750 0.672852 0.692969 0.672852 0.691406 0.670898 0.690625 0.670898 0.689844 0.669922 0.689063 0.669922 0.688281 0.668945 0.687500 0.668945 0.686719 0.667969 0.685937 0.667969 0.685156 0.666992 0.683594 0.666992 0.682031 0.665039 0.681250 0.665039 0.680469 0.664062 0.679688 0.664062 0.678906 0.663086 0.678125 0.663086 0.677344 0.662109 0.675000 0.662109 0.674219 0.661133
0 0.449219 0.363281 0.447656 0.365234 0.446875 0.365234 0.445312 0.367188 0.445312 0.368164 0.444531 0.369141 0.443750 0.369141 0.443750 0.370117 0.441406 0.373047 0.441406 0.375000 0.442188 0.375977 0.441406 0.376953 0.441406 0.379883 0.442188 0.380859 0.442188 0.382812 0.442969 0.383789 0.442969 0.385742 0.443750 0.386719 0.444531 0.386719 0.450000 0.393555 0.450000 0.395508 0.451562 0.397461 0.451562 0.402344 0.452344 0.403320 0.452344 0.413086 0.449219 0.416992 0.448437 0.416992 0.446094 0.419922 0.445312 0.419922 0.444531 0.420898 0.443750 0.420898 0.442188 0.422852 0.442188 0.423828 0.440625 0.425781 0.440625 0.426758 0.439844 0.427734 0.439844 0.428711 0.439063 0.429688 0.439063 0.431641 0.438281 0.432617 0.438281 0.433594 0.437500 0.434570 0.437500 0.438477 0.438281 0.439453 0.438281 0.441406 0.440625 0.444336 0.460156 0.444336 0.460938 0.443359 0.461719 0.443359 0.466406 0.437500 0.467187 0.437500 0.470313 0.433594 0.471094 0.433594 0.471875 0.432617 0.471875 0.431641 0.472656 0.430664 0.472656 0.429688 0.474219 0.427734 0.474219 0.426758 0.475781 0.424805 0.475781 0.422852 0.477344 0.420898 0.477344 0.416992 0.478125 0.416016 0.478125 0.415039 0.478906 0.414062 0.478906 0.390625 0.477344 0.388672 0.477344 0.384766 0.475781 0.382812 0.475781 0.381836 0.475000 0.380859 0.475000 0.379883 0.473438 0.377930 0.473438 0.376953 0.468750 0.371094 0.468750 0.370117 0.467187 0.368164 0.466406 0.368164 0.462500 0.363281
7 0.298438 0.651367 0.297656 0.652344 0.295312 0.652344 0.294531 0.653320 0.293750 0.653320 0.292969 0.654297 0.292187 0.654297 0.288281 0.659180 0.288281 0.660156 0.287500 0.661133 0.287500 0.662109 0.286719 0.663086 0.286719 0.700195 0.287500 0.701172 0.287500 0.702148 0.289844 0.705078 0.289844 0.706055 0.292187 0.708984 0.292187 0.709961 0.293750 0.711914 0.294531 0.711914 0.300781 0.719727 0.301563 0.719727 0.302344 0.720703 0.303125 0.720703 0.304688 0.722656 0.305469 0.722656 0.307031 0.724609 0.307812 0.724609 0.309375 0.726562 0.310156 0.726562 0.310937 0.727539 0.311719 0.727539 0.312500 0.728516 0.314844 0.728516 0.316406 0.730469 0.319531 0.730469 0.320312 0.731445 0.321875 0.731445 0.322656 0.730469 0.324219 0.730469 0.325000 0.729492 0.325781 0.729492 0.326562 0.730469 0.328125 0.730469 0.328906 0.729492 0.332031 0.729492 0.332813 0.728516 0.338281 0.728516 0.339844 0.726562 0.341406 0.726562 0.344531 0.722656 0.345313 0.722656 0.350000 0.716797 0.350000 0.692383 0.342969 0.683594 0.342187 0.683594 0.341406 0.682617 0.339844 0.682617 0.339062 0.681641 0.334375 0.681641 0.333594 0.682617 0.330469 0.682617 0.329688 0.683594 0.328906 0.683594 0.328125 0.684570 0.327344 0.684570 0.326562 0.685547 0.325000 0.685547 0.324219 0.686523 0.323437 0.686523 0.322656 0.687500 0.314844 0.687500 0.314063 0.686523 0.312500 0.686523 0.311719 0.685547 0.311719 0.684570 0.310156 0.682617 0.310156 0.680664 0.310937 0.679688 0.310937 0.674805 0.310156 0.673828 0.310156 0.665039 0.309375 0.664062 0.309375 0.660156 0.308594 0.659180 0.308594 0.658203 0.307812 0.657227 0.307812 0.656250 0.305469 0.653320 0.304688 0.653320 0.303125 0.651367
7 0.923438 0.685547 0.922656 0.686523 0.921094 0.686523 0.920312 0.687500 0.919531 0.687500 0.918750 0.688477 0.917188 0.688477 0.916406 0.689453 0.915625 0.689453 0.914062 0.691406 0.913281 0.691406 0.912500 0.692383 0.911719 0.692383 0.910156 0.694336 0.909375 0.694336 0.907031 0.697266 0.907031 0.698242 0.905469 0.700195 0.905469 0.701172 0.904687 0.702148 0.904687 0.703125 0.903906 0.704102 0.903906 0.705078 0.903125 0.706055 0.903125 0.724609 0.905469 0.727539 0.905469 0.728516 0.907031 0.730469 0.907031 0.731445 0.921875 0.731445 0.921875 0.730469 0.923438 0.728516 0.923438 0.727539 0.925000 0.725586 0.925000 0.723633 0.926562 0.721680 0.926562 0.720703 0.929688 0.716797 0.941406 0.716797 0.942187 0.715820 0.944531 0.715820 0.945312 0.714844 0.949219 0.714844 0.950000 0.715820 0.954688 0.715820 0.956250 0.713867 0.957031 0.713867 0.957031 0.701172 0.951562 0.694336 0.950781 0.694336 0.946094 0.688477 0.944531 0.688477 0.943750 0.687500 0.942187 0.687500 0.941406 0.686523 0.940625 0.686523 0.939844 0.685547
6 0.928906 0.041992 0.928125 0.042969 0.927344 0.042969 0.926562 0.043945 0.925000 0.043945 0.924219 0.044922 0.923438 0.044922 0.922656 0.045898 0.921875 0.045898 0.921094 0.046875 0.920312 0.046875 0.919531 0.047852 0.918750 0.047852 0.917188 0.049805 0.916406 0.049805 0.915625 0.050781 0.914844 0.050781 0.912500 0.053711 0.912500 0.054688 0.910937 0.056641 0.910937 0.057617 0.909375 0.059570 0.909375 0.060547 0.907813 0.062500 0.907813 0.078125 0.908594 0.078125 0.910156 0.080078 0.910937 0.080078 0.911719 0.081055 0.914062 0.081055 0.914844 0.082031 0.915625 0.082031 0.916406 0.081055 0.917188 0.081055 0.918750 0.079102 0.919531 0.079102 0.921094 0.077148 0.921875 0.077148 0.922656 0.076172 0.923438 0.076172 0.924219 0.075195 0.925781 0.075195 0.926562 0.074219 0.927344 0.074219 0.928125 0.073242 0.928906 0.073242 0.929688 0.072266 0.935156 0.072266 0.935937 0.073242 0.936719 0.073242 0.941406 0.079102 0.941406 0.081055 0.942187 0.082031 0.942187 0.083984 0.946094 0.088867 0.946875 0.088867 0.948438 0.090820 0.960156 0.090820 0.960938 0.089844 0.960938 0.088867 0.962500 0.086914 0.962500 0.059570 0.961719 0.058594 0.961719 0.057617 0.960156 0.055664 0.960156 0.054688 0.958594 0.052734 0.958594 0.051758 0.956250 0.048828 0.955469 0.048828 0.954688 0.047852 0.953906 0.047852 0.952344 0.045898 0.951562 0.045898 0.950781 0.044922 0.950000 0.044922 0.949219 0.043945 0.947656 0.043945 0.946875 0.042969 0.945312 0.042969 0.944531 0.041992
11 0.322656 0.838867 0.320312 0.841797 0.319531 0.841797 0.318750 0.842773 0.318750 0.843750 0.317188 0.845703 0.317188 0.846680 0.315625 0.848633 0.315625 0.857422 0.316406 0.858398 0.316406 0.860352 0.317188 0.861328 0.317188 0.862305 0.317969 0.863281 0.317969 0.864258 0.319531 0.866211 0.319531 0.868164 0.321094 0.870117 0.321094 0.872070 0.320312 0.873047 0.320312 0.874023 0.319531 0.875000 0.319531 0.875977 0.315625 0.880859 0.315625 0.886719 0.317188 0.888672 0.317188 0.890625 0.317969 0.891602 0.317969 0.894531 0.318750 0.895508 0.318750 0.898438 0.317969 0.899414 0.317969 0.900391 0.318750 0.901367 0.318750 0.904297 0.317969 0.905273 0.317969 0.907227 0.318750 0.908203 0.318750 0.913086 0.319531 0.914062 0.319531 0.915039 0.321875 0.917969 0.322656 0.917969 0.323437 0.918945 0.324219 0.918945 0.325000 0.919922 0.335938 0.919922 0.337500 0.917969 0.338281 0.917969 0.339062 0.916992 0.339844 0.916992 0.340625 0.916016 0.342187 0.916016 0.344531 0.913086 0.345313 0.913086 0.346875 0.911133 0.347656 0.911133 0.350000 0.908203 0.350781 0.908203 0.354687 0.903320 0.354687 0.902344 0.356250 0.900391 0.356250 0.899414 0.357031 0.898438 0.357031 0.897461 0.357812 0.896484 0.357812 0.894531 0.359375 0.892578 0.359375 0.863281 0.358594 0.862305 0.358594 0.860352 0.357812 0.859375 0.357812 0.858398 0.357031 0.857422 0.357031 0.856445 0.356250 0.855469 0.356250 0.854492 0.353906 0.851562 0.353906 0.850586 0.352344 0.848633 0.352344 0.847656 0.350781 0.845703 0.350000 0.845703 0.346875 0.841797 0.346094 0.841797 0.345313 0.840820 0.344531 0.840820 0.342969 0.838867
6 0.174219 0.868164 0.173437 0.869141 0.172656 0.869141 0.171094 0.871094 0.169531 0.871094 0.168750 0.872070 0.167969 0.872070 0.167187 0.873047 0.166406 0.873047 0.164062 0.875977 0.163281 0.875977 0.161719 0.877930 0.161719 0.878906 0.159375 0.881836 0.159375 0.882812 0.158594 0.883789 0.158594 0.884766 0.157812 0.885742 0.157812 0.886719 0.156250 0.888672 0.156250 0.890625 0.155469 0.891602 0.155469 0.892578 0.154688 0.893555 0.154688 0.916992 0.155469 0.917969 0.155469 0.918945 0.157031 0.920898 0.157031 0.921875 0.157812 0.922852 0.157812 0.923828 0.161719 0.928711 0.161719 0.929688 0.162500 0.929688 0.164062 0.931641 0.164844 0.931641 0.165625 0.932617 0.167187 0.932617 0.168750 0.934570 0.191406 0.934570 0.191406 0.933594 0.192188 0.932617 0.192188 0.929688 0.192969 0.928711 0.192969 0.927734 0.193750 0.926758 0.193750 0.924805 0.192969 0.923828 0.192969 0.920898 0.190625 0.917969 0.189844 0.917969 0.188281 0.916016 0.186719 0.916016 0.184375 0.913086 0.183594 0.913086 0.180469 0.909180 0.180469 0.905273 0.179688 0.904297 0.179688 0.900391 0.180469 0.899414 0.180469 0.895508 0.181250 0.894531 0.181250 0.893555 0.182812 0.891602 0.183594 0.891602 0.184375 0.890625 0.185156 0.890625 0.186719 0.888672 0.187500 0.888672 0.189062 0.886719 0.189844 0.886719 0.189844 0.885742 0.191406 0.883789 0.191406 0.880859 0.192188 0.879883 0.192188 0.874023 0.191406 0.873047 0.191406 0.872070 0.189062 0.869141 0.188281 0.869141 0.187500 0.868164
0 0.687500 0.139648 0.686719 0.140625 0.686719 0.141602 0.684375 0.144531 0.684375 0.146484 0.682813 0.148438 0.682813 0.153320 0.681250 0.155273 0.681250 0.158203 0.680469 0.159180 0.680469 0.161133 0.681250 0.162109 0.681250 0.164062 0.680469 0.165039 0.680469 0.174805 0.681250 0.175781 0.681250 0.178711 0.682031 0.179688 0.682031 0.181641 0.682813 0.182617 0.682813 0.186523 0.683594 0.187500 0.683594 0.189453 0.684375 0.190430 0.684375 0.191406 0.685156 0.192383 0.685156 0.193359 0.687500 0.196289 0.687500 0.197266 0.689063 0.199219 0.689844 0.199219 0.690625 0.200195 0.691406 0.200195 0.692187 0.201172 0.692969 0.201172 0.694531 0.203125 0.696094 0.203125 0.697656 0.205078 0.715625 0.205078 0.716406 0.204102 0.717187 0.204102 0.717969 0.203125 0.718750 0.203125 0.721875 0.199219 0.722656 0.199219 0.724219 0.197266 0.724219 0.196289 0.725000 0.195312 0.725000 0.189453 0.724219 0.188477 0.724219 0.184570 0.722656 0.182617 0.722656 0.181641 0.721875 0.181641 0.719531 0.178711 0.718750 0.178711 0.717187 0.176758 0.716406 0.176758 0.715625 0.175781 0.714844 0.175781 0.714063 0.174805 0.713281 0.174805 0.712500 0.173828 0.711719 0.173828 0.710938 0.172852 0.709375 0.172852 0.707031 0.169922 0.707031 0.166016 0.707812 0.165039 0.707812 0.159180 0.708594 0.158203 0.708594 0.156250 0.709375 0.155273 0.709375 0.153320 0.710156 0.152344 0.710156 0.150391 0.710938 0.149414 0.710938 0.146484 0.709375 0.144531 0.709375 0.143555 0.708594 0.142578 0.707812 0.142578 0.707031 0.141602 0.705469 0.141602 0.703906 0.139648
12 0.392969 0.524414 0.392969 0.526367 0.392188 0.527344 0.392188 0.529297 0.390625 0.531250 0.390625 0.533203 0.389062 0.535156 0.389062 0.537109 0.387500 0.539062 0.387500 0.540039 0.386719 0.541016 0.386719 0.551758 0.387500 0.552734 0.387500 0.554688 0.388281 0.555664 0.388281 0.556641 0.389062 0.557617 0.389062 0.559570 0.389844 0.560547 0.389844 0.561523 0.390625 0.562500 0.390625 0.564453 0.391406 0.565430 0.391406 0.566406 0.400000 0.577148 0.400781 0.577148 0.402344 0.579102 0.403125 0.579102 0.404687 0.581055 0.425000 0.581055 0.426563 0.579102 0.429688 0.579102 0.432812 0.575195 0.433594 0.575195 0.438281 0.569336 0.438281 0.568359 0.439063 0.567383 0.439063 0.565430 0.439844 0.564453 0.439844 0.561523 0.439063 0.560547 0.439844 0.559570 0.438281 0.557617 0.438281 0.556641 0.437500 0.555664 0.437500 0.554688 0.432812 0.548828 0.432031 0.548828 0.431250 0.547852 0.429688 0.547852 0.428906 0.546875 0.425781 0.546875 0.425000 0.547852 0.422656 0.547852 0.421875 0.548828 0.416406 0.548828 0.415625 0.547852 0.414062 0.547852 0.410156 0.542969 0.410156 0.541992 0.409375 0.541016 0.409375 0.538086 0.408594 0.537109 0.408594 0.536133 0.407813 0.535156 0.407813 0.528320 0.407031 0.527344 0.407813 0.526367 0.407813 0.525391 0.407031 0.524414
11 0.293750 0.538086 0.292969 0.539062 0.291406 0.539062 0.290625 0.540039 0.289844 0.540039 0.288281 0.541992 0.287500 0.541992 0.285156 0.544922 0.285156 0.545898 0.282813 0.548828 0.282813 0.571289 0.283594 0.572266 0.283594 0.573242 0.284375 0.574219 0.284375 0.576172 0.285156 0.577148 0.285156 0.578125 0.286719 0.580078 0.286719 0.581055 0.289844 0.584961 0.289844 0.585938 0.292969 0.589844 0.293750 0.589844 0.295312 0.591797 0.296094 0.591797 0.297656 0.593750 0.298438 0.593750 0.299219 0.594727 0.300000 0.594727 0.300781 0.595703 0.303125 0.595703 0.303906 0.596680 0.304688 0.596680 0.305469 0.597656 0.319531 0.597656 0.321094 0.595703 0.321875 0.595703 0.322656 0.594727 0.324219 0.594727 0.325000 0.593750 0.325781 0.593750 0.326562 0.592773 0.327344 0.592773 0.328125 0.591797 0.328906 0.591797 0.332813 0.586914 0.332813 0.585938 0.334375 0.583984 0.334375 0.583008 0.335156 0.582031 0.335156 0.581055 0.337500 0.578125 0.337500 0.576172 0.338281 0.575195 0.338281 0.573242 0.339062 0.572266 0.339062 0.552734 0.337500 0.550781 0.337500 0.549805 0.335156 0.546875 0.334375 0.546875 0.333594 0.545898 0.332031 0.545898 0.331250 0.544922 0.328906 0.544922 0.328125 0.543945 0.327344 0.543945 0.326562 0.544922 0.325000 0.544922 0.324219 0.545898 0.323437 0.545898 0.322656 0.546875 0.321875 0.546875 0.321094 0.547852 0.320312 0.547852 0.319531 0.548828 0.318750 0.548828 0.317969 0.549805 0.314063 0.549805 0.313281 0.548828 0.312500 0.548828 0.311719 0.547852 0.311719 0.546875 0.309375 0.543945 0.309375 0.542969 0.308594 0.541992 0.308594 0.541016 0.306250 0.538086
5 0.458594 0.110352 0.457813 0.111328 0.452344 0.111328 0.451562 0.112305 0.448437 0.112305 0.447656 0.113281 0.446875 0.113281 0.446094 0.114258 0.445312 0.114258 0.444531 0.115234 0.443750 0.115234 0.442969 0.116211 0.442188 0.116211 0.440625 0.118164 0.439844 0.118164 0.438281 0.120117 0.437500 0.120117 0.437500 0.121094 0.436719 0.122070 0.435937 0.122070 0.435937 0.140625 0.436719 0.141602 0.440625 0.141602 0.441406 0.142578 0.442188 0.142578 0.442969 0.141602 0.445312 0.141602 0.446094 0.140625 0.447656 0.140625 0.448437 0.141602 0.449219 0.140625 0.458594 0.140625 0.459375 0.141602 0.460156 0.141602 0.460938 0.142578 0.461719 0.142578 0.463281 0.144531 0.464062 0.144531 0.467187 0.148438 0.467187 0.149414 0.467969 0.150391 0.467969 0.153320 0.468750 0.154297 0.468750 0.157227 0.469531 0.158203 0.469531 0.162109 0.470313 0.163086 0.470313 0.164062 0.472656 0.166992 0.473438 0.166992 0.475000 0.168945 0.475781 0.168945 0.476562 0.169922 0.478125 0.169922 0.478906 0.170898 0.482812 0.170898 0.483594 0.169922 0.484375 0.169922 0.487500 0.166016 0.487500 0.165039 0.489063 0.163086 0.489063 0.162109 0.489844 0.161133 0.489844 0.160156 0.491406 0.158203 0.491406 0.134766 0.490625 0.133789 0.490625 0.132812 0.489063 0.130859 0.489063 0.129883 0.486719 0.126953 0.486719 0.125977 0.481250 0.119141 0.480469 0.119141 0.478125 0.116211 0.477344 0.116211 0.475781 0.114258 0.475000 0.114258 0.474219 0.113281 0.472656 0.113281 0.471875 0.112305 0.470313 0.112305 0.469531 0.111328 0.467969 0.111328 0.467187 0.110352
12 0.372656 0.321289 0.371094 0.323242 0.369531 0.323242 0.368750 0.324219 0.367188 0.324219 0.366406 0.325195 0.364844 0.325195 0.364063 0.326172 0.363281 0.326172 0.362500 0.327148 0.361719 0.327148 0.360156 0.329102 0.359375 0.329102 0.359375 0.346680 0.360938 0.346680 0.361719 0.347656 0.365625 0.347656 0.366406 0.348633 0.375781 0.348633 0.376563 0.349609 0.377344 0.349609 0.378906 0.351562 0.378906 0.352539 0.379688 0.353516 0.379688 0.354492 0.380469 0.355469 0.380469 0.363281 0.379688 0.364258 0.379688 0.365234 0.378906 0.366211 0.378906 0.367188 0.378125 0.368164 0.378125 0.369141 0.377344 0.370117 0.377344 0.372070 0.376563 0.373047 0.376563 0.375000 0.375781 0.375977 0.375781 0.376953 0.376563 0.377930 0.376563 0.381836 0.378906 0.384766 0.378906 0.385742 0.382031 0.389648 0.390625 0.389648 0.391406 0.388672 0.392969 0.388672 0.393750 0.387695 0.394531 0.387695 0.395313 0.386719 0.396875 0.386719 0.400781 0.381836 0.401562 0.381836 0.404687 0.377930 0.404687 0.376953 0.406250 0.375000 0.406250 0.374023 0.407031 0.373047 0.407031 0.372070 0.407813 0.371094 0.407813 0.347656 0.407031 0.346680 0.407031 0.345703 0.406250 0.344727 0.406250 0.343750 0.405469 0.342773 0.405469 0.341797 0.403906 0.339844 0.403906 0.338867 0.398438 0.332031 0.397656 0.332031 0.396875 0.331055 0.396875 0.330078 0.396094 0.330078 0.395313 0.329102 0.394531 0.329102 0.393750 0.328125 0.392969 0.328125 0.391406 0.326172 0.390625 0.326172 0.389844 0.325195 0.389062 0.325195 0.388281 0.324219 0.386719 0.324219 0.385937 0.323242 0.384375 0.323242 0.383594 0.322266 0.380469 0.322266 0.379688 0.321289 0.377344 0.321289 0.376563 0.322266 0.374219 0.322266 0.373437 0.321289
9 0.464062 0.737305 0.464062 0.738281 0.462500 0.740234 0.462500 0.741211 0.460938 0.743164 0.460938 0.744141 0.460156 0.745117 0.460156 0.746094 0.459375 0.747070 0.459375 0.760742 0.460156 0.761719 0.460156 0.763672 0.460938 0.764648 0.460938 0.765625 0.461719 0.766602 0.461719 0.767578 0.465625 0.772461 0.465625 0.774414 0.471094 0.781250 0.471875 0.781250 0.472656 0.782227 0.473438 0.782227 0.474219 0.783203 0.475781 0.783203 0.476562 0.784180 0.478125 0.784180 0.478906 0.785156 0.480469 0.785156 0.481250 0.786133 0.500000 0.786133 0.500781 0.785156 0.501563 0.785156 0.502344 0.784180 0.503125 0.784180 0.503906 0.783203 0.505469 0.783203 0.509375 0.778320 0.510156 0.778320 0.515625 0.771484 0.515625 0.756836 0.514062 0.754883 0.513281 0.754883 0.512500 0.753906 0.507812 0.753906 0.507031 0.752930 0.506250 0.752930 0.505469 0.753906 0.503125 0.753906 0.502344 0.754883 0.501563 0.754883 0.498437 0.758789 0.497656 0.758789 0.496094 0.760742 0.492969 0.760742 0.486719 0.752930 0.486719 0.751953 0.485938 0.750977 0.485938 0.749023 0.485156 0.748047 0.485156 0.746094 0.484375 0.745117 0.484375 0.744141 0.483594 0.743164 0.483594 0.742188 0.482812 0.741211 0.482812 0.739258 0.481250 0.737305
5 0.278125 0.352539 0.278125 0.353516 0.276562 0.355469 0.276562 0.357422 0.275781 0.358398 0.275781 0.360352 0.275000 0.361328 0.275000 0.363281 0.275781 0.364258 0.275000 0.365234 0.275000 0.371094 0.271875 0.375000 0.271094 0.375000 0.270313 0.375977 0.267188 0.375977 0.266406 0.375000 0.264844 0.375000 0.264062 0.374023 0.263281 0.374023 0.262500 0.373047 0.262500 0.372070 0.259375 0.368164 0.259375 0.367188 0.258594 0.366211 0.258594 0.365234 0.256250 0.362305 0.255469 0.362305 0.253906 0.360352 0.252344 0.360352 0.251563 0.359375 0.250000 0.359375 0.249219 0.360352 0.244531 0.360352 0.242969 0.362305 0.242188 0.362305 0.242188 0.377930 0.243750 0.379883 0.243750 0.380859 0.245312 0.382812 0.245312 0.383789 0.250000 0.389648 0.250000 0.390625 0.251563 0.392578 0.252344 0.392578 0.253125 0.393555 0.253906 0.393555 0.256250 0.396484 0.257812 0.396484 0.259375 0.398438 0.278906 0.398438 0.279687 0.397461 0.282031 0.397461 0.282813 0.396484 0.283594 0.396484 0.285156 0.394531 0.285938 0.394531 0.288281 0.391602 0.289062 0.391602 0.289844 0.390625 0.290625 0.390625 0.294531 0.385742 0.294531 0.384766 0.295312 0.383789 0.295312 0.382812 0.296875 0.380859 0.296875 0.378906 0.297656 0.377930 0.297656 0.376953 0.298438 0.375977 0.298438 0.373047 0.299219 0.372070 0.299219 0.357422 0.297656 0.355469 0.297656 0.354492 0.296875 0.353516 0.296875 0.352539
7 0.273438 0.883789 0.271875 0.885742 0.271875 0.886719 0.271094 0.887695 0.271094 0.893555 0.271875 0.894531 0.271875 0.895508 0.272656 0.896484 0.272656 0.897461 0.278125 0.904297 0.278125 0.915039 0.276562 0.916992 0.276562 0.917969 0.275000 0.919922 0.275000 0.920898 0.271875 0.924805 0.271094 0.924805 0.270313 0.925781 0.269531 0.925781 0.267969 0.927734 0.267188 0.927734 0.265625 0.929688 0.265625 0.930664 0.264062 0.932617 0.264062 0.944336 0.264844 0.944336 0.265625 0.945312 0.266406 0.945312 0.267188 0.946289 0.267969 0.946289 0.268750 0.947266 0.269531 0.947266 0.270313 0.948242 0.271875 0.948242 0.272656 0.949219 0.273438 0.949219 0.274219 0.950195 0.283594 0.950195 0.285156 0.948242 0.285938 0.948242 0.287500 0.946289 0.288281 0.946289 0.289062 0.945312 0.289844 0.945312 0.291406 0.943359 0.292187 0.943359 0.296875 0.937500 0.296875 0.936523 0.298438 0.934570 0.298438 0.933594 0.299219 0.932617 0.299219 0.931641 0.300000 0.930664 0.300000 0.929688 0.300781 0.928711 0.300781 0.926758 0.301563 0.925781 0.301563 0.907227 0.300781 0.906250 0.300781 0.905273 0.300000 0.904297 0.300000 0.903320 0.298438 0.901367 0.297656 0.901367 0.296875 0.900391 0.296094 0.900391 0.295312 0.899414 0.293750 0.899414 0.292969 0.898438 0.292187 0.898438 0.287500 0.892578 0.287500 0.891602 0.286719 0.890625 0.286719 0.885742 0.285938 0.884766 0.285938 0.883789
2 0.866406 0.467773 0.865625 0.468750 0.864844 0.468750 0.863281 0.470703 0.862500 0.470703 0.860156 0.473633 0.860156 0.474609 0.858594 0.476562 0.858594 0.481445 0.857812 0.482422 0.857812 0.494141 0.856250 0.496094 0.855469 0.496094 0.854688 0.497070 0.853906 0.497070 0.849219 0.491211 0.847656 0.491211 0.846094 0.489258 0.845313 0.489258 0.844531 0.488281 0.842187 0.488281 0.839063 0.484375 0.836719 0.484375 0.835156 0.486328 0.835156 0.488281 0.834375 0.489258 0.834375 0.490234 0.832812 0.492188 0.832812 0.494141 0.830469 0.497070 0.830469 0.517578 0.834375 0.522461 0.835156 0.522461 0.835938 0.523438 0.836719 0.523438 0.838281 0.525391 0.839063 0.525391 0.840625 0.527344 0.841406 0.527344 0.842187 0.528320 0.854688 0.528320 0.855469 0.527344 0.856250 0.527344 0.857031 0.526367 0.857812 0.526367 0.858594 0.525391 0.860156 0.525391 0.860938 0.524414 0.861719 0.524414 0.862500 0.523438 0.863281 0.523438 0.864844 0.521484 0.865625 0.521484 0.868750 0.517578 0.868750 0.516602 0.870313 0.514648 0.871094 0.514648 0.874219 0.510742 0.874219 0.508789 0.875000 0.507812 0.875000 0.506836 0.876563 0.504883 0.876563 0.503906 0.877344 0.502930 0.877344 0.475586 0.871875 0.468750 0.870313 0.468750 0.869531 0.467773
3 0.194531 0.835938 0.193750 0.836914 0.193750 0.837891 0.192188 0.839844 0.192188 0.840820 0.190625 0.842773 0.190625 0.855469 0.191406 0.856445 0.191406 0.858398 0.192188 0.859375 0.192188 0.860352 0.193750 0.862305 0.193750 0.863281 0.195312 0.865234 0.195312 0.867188 0.199219 0.872070 0.200000 0.872070 0.203125 0.875977 0.203906 0.875977 0.205469 0.877930 0.206250 0.877930 0.207813 0.879883 0.208594 0.879883 0.209375 0.880859 0.230469 0.880859 0.232031 0.878906 0.232813 0.878906 0.235156 0.875977 0.235937 0.875977 0.243750 0.866211 0.243750 0.865234 0.245312 0.863281 0.245312 0.855469 0.244531 0.854492 0.243750 0.854492 0.242969 0.853516 0.239063 0.853516 0.238281 0.852539 0.233594 0.852539 0.232813 0.853516 0.231250 0.853516 0.230469 0.852539 0.229687 0.852539 0.228906 0.853516 0.224219 0.853516 0.223438 0.852539 0.222656 0.852539 0.221875 0.851562 0.218750 0.851562 0.215625 0.847656 0.215625 0.846680 0.214844 0.845703 0.214844 0.843750 0.214062 0.842773 0.214062 0.840820 0.213281 0.839844 0.213281 0.837891 0.212500 0.836914 0.212500 0.835938
10 0.570312 0.249023 0.568750 0.250977 0.567969 0.250977 0.564844 0.254883 0.564844 0.255859 0.563281 0.257812 0.563281 0.258789 0.562500 0.259766 0.562500 0.261719 0.563281 0.262695 0.563281 0.265625 0.564063 0.266602 0.564063 0.270508 0.564844 0.271484 0.564844 0.273438 0.565625 0.274414 0.567187 0.274414 0.568750 0.276367 0.570312 0.276367 0.571094 0.277344 0.571875 0.276367 0.573438 0.276367 0.574219 0.277344 0.576562 0.277344 0.577344 0.278320 0.578906 0.278320 0.580469 0.280273 0.581250 0.280273 0.583594 0.283203 0.583594 0.284180 0.584375 0.285156 0.584375 0.291016 0.583594 0.291992 0.583594 0.294922 0.582812 0.295898 0.582812 0.298828 0.582031 0.299805 0.582031 0.308594 0.582812 0.309570 0.582812 0.313477 0.583594 0.314453 0.583594 0.315430 0.598437 0.315430 0.598437 0.314453 0.600000 0.312500 0.600781 0.312500 0.601562 0.311523 0.601562 0.310547 0.603906 0.307617 0.603906 0.306641 0.604688 0.305664 0.604688 0.304688 0.606250 0.302734 0.606250 0.301758 0.607031 0.300781 0.607031 0.299805 0.607812 0.298828 0.607812 0.296875 0.608594 0.295898 0.608594 0.293945 0.609375 0.292969 0.609375 0.274414 0.608594 0.273438 0.608594 0.272461 0.607812 0.271484 0.607812 0.269531 0.607031 0.268555 0.607031 0.266602 0.606250 0.265625 0.606250 0.264648 0.605469 0.263672 0.605469 0.262695 0.603906 0.260742 0.603906 0.259766 0.598437 0.252930 0.597656 0.252930 0.596094 0.250977 0.594531 0.250977 0.592969 0.249023
6 0.850781 0.529297 0.850000 0.530273 0.848437 0.530273 0.847656 0.531250 0.846094 0.531250 0.844531 0.533203 0.843750 0.533203 0.840625 0.537109 0.839844 0.537109 0.838281 0.539062 0.837500 0.539062 0.835938 0.541016 0.835938 0.541992 0.832812 0.545898 0.832812 0.546875 0.832031 0.547852 0.832031 0.548828 0.831250 0.549805 0.831250 0.568359 0.832031 0.569336 0.832812 0.569336 0.833594 0.570312 0.834375 0.570312 0.835156 0.571289 0.835938 0.571289 0.836719 0.572266 0.837500 0.572266 0.839844 0.575195 0.840625 0.575195 0.841406 0.576172 0.842187 0.576172 0.842969 0.577148 0.843750 0.577148 0.844531 0.576172 0.845313 0.576172 0.845313 0.575195 0.846094 0.574219 0.846094 0.569336 0.845313 0.568359 0.847656 0.565430 0.849219 0.565430 0.850000 0.566406 0.857031 0.566406 0.857812 0.567383 0.859375 0.567383 0.860156 0.568359 0.861719 0.568359 0.862500 0.569336 0.863281 0.569336 0.864062 0.570312 0.864844 0.570312 0.867969 0.574219 0.867969 0.576172 0.868750 0.577148 0.868750 0.579102 0.869531 0.580078 0.869531 0.582031 0.870313 0.583008 0.870313 0.583984 0.872656 0.586914 0.873437 0.586914 0.874219 0.587891 0.875000 0.587891 0.875781 0.588867 0.882812 0.588867 0.883594 0.587891 0.885156 0.587891 0.886719 0.585938 0.886719 0.553711 0.885156 0.551758 0.885156 0.550781 0.884375 0.549805 0.884375 0.548828 0.883594 0.547852 0.883594 0.546875 0.878906 0.541016 0.878125 0.541016 0.875781 0.538086 0.875000 0.538086 0.873437 0.536133 0.872656 0.536133 0.871094 0.534180 0.870313 0.534180 0.869531 0.533203 0.868750 0.533203 0.867969 0.532227 0.865625 0.532227 0.864844 0.531250 0.863281 0.531250 0.862500 0.530273 0.860156 0.530273 0.859375 0.529297
9 0.170313 0.670898 0.170313 0.671875 0.169531 0.672852 0.169531 0.674805 0.168750 0.675781 0.168750 0.678711 0.167969 0.679688 0.167969 0.684570 0.168750 0.685547 0.168750 0.700195 0.165625 0.704102 0.154688 0.704102 0.153906 0.705078 0.152344 0.705078 0.149219 0.708984 0.149219 0.709961 0.148438 0.710938 0.148438 0.712891 0.147656 0.713867 0.147656 0.715820 0.146875 0.716797 0.146875 0.721680 0.147656 0.722656 0.147656 0.725586 0.149219 0.727539 0.149219 0.728516 0.150781 0.730469 0.151562 0.730469 0.152344 0.731445 0.153125 0.731445 0.153906 0.732422 0.154688 0.732422 0.156250 0.734375 0.157031 0.734375 0.158594 0.736328 0.180469 0.736328 0.180469 0.735352 0.181250 0.734375 0.182031 0.734375 0.184375 0.731445 0.185156 0.731445 0.190625 0.724609 0.190625 0.723633 0.191406 0.722656 0.191406 0.721680 0.192188 0.720703 0.192188 0.719727 0.192969 0.718750 0.192969 0.717773 0.193750 0.716797 0.193750 0.714844 0.194531 0.713867 0.194531 0.711914 0.195312 0.710938 0.195312 0.709961 0.196094 0.708984 0.196094 0.703125 0.196875 0.702148 0.196875 0.701172 0.196094 0.700195 0.196875 0.699219 0.196875 0.690430 0.196094 0.689453 0.196094 0.686523 0.195312 0.685547 0.195312 0.682617 0.193750 0.680664 0.193750 0.679688 0.192969 0.678711 0.192969 0.677734 0.192188 0.676758 0.192188 0.675781 0.189062 0.671875 0.189062 0.670898
2 0.469531 0.375977 0.468750 0.376953 0.467969 0.376953 0.467187 0.377930 0.466406 0.377930 0.464844 0.379883 0.464062 0.379883 0.463281 0.380859 0.462500 0.380859 0.460938 0.382812 0.460938 0.383789 0.460156 0.384766 0.459375 0.384766 0.459375 0.398438 0.460156 0.398438 0.461719 0.400391 0.471094 0.400391 0.471875 0.399414 0.472656 0.399414 0.473438 0.398438 0.480469 0.398438 0.482031 0.400391 0.482031 0.402344 0.482812 0.403320 0.482812 0.404297 0.483594 0.405273 0.483594 0.407227 0.484375 0.408203 0.484375 0.415039 0.485156 0.416016 0.485156 0.416992 0.484375 0.417969 0.484375 0.419922 0.482812 0.421875 0.482031 0.421875 0.480469 0.423828 0.480469 0.428711 0.481250 0.429688 0.481250 0.431641 0.482031 0.432617 0.482031 0.433594 0.482812 0.434570 0.483594 0.434570 0.485156 0.436523 0.485938 0.436523 0.486719 0.437500 0.498437 0.437500 0.499219 0.436523 0.500000 0.436523 0.500781 0.435547 0.502344 0.435547 0.503906 0.433594 0.504687 0.433594 0.507031 0.430664 0.507031 0.429688 0.507812 0.428711 0.507812 0.427734 0.509375 0.425781 0.509375 0.404297 0.507812 0.402344 0.507812 0.400391 0.507031 0.399414 0.507031 0.398438 0.506250 0.397461 0.506250 0.390625 0.504687 0.388672 0.504687 0.387695 0.501563 0.383789 0.500781 0.383789 0.497656 0.379883 0.496875 0.379883 0.495312 0.377930 0.493750 0.377930 0.492969 0.376953 0.492188 0.376953 0.491406 0.375977
1 0.547656 0.369141 0.546094 0.371094 0.545312 0.371094 0.544531 0.372070 0.543750 0.372070 0.542188 0.374023 0.541406 0.374023 0.539844 0.375977 0.539844 0.376953 0.538281 0.378906 0.537500 0.378906 0.535156 0.381836 0.535156 0.382812 0.532813 0.385742 0.532813 0.386719 0.532031 0.387695 0.532031 0.388672 0.531250 0.389648 0.531250 0.390625 0.529687 0.392578 0.529687 0.413086 0.530469 0.414062 0.530469 0.415039 0.533594 0.418945 0.537500 0.418945 0.538281 0.417969 0.539844 0.417969 0.542188 0.415039 0.542969 0.415039 0.544531 0.413086 0.545312 0.413086 0.547656 0.410156 0.548438 0.410156 0.549219 0.409180 0.550000 0.409180 0.550781 0.408203 0.551562 0.408203 0.552344 0.407227 0.557813 0.407227 0.558594 0.408203 0.560156 0.408203 0.560937 0.409180 0.562500 0.409180 0.563281 0.410156 0.564063 0.410156 0.565625 0.412109 0.565625 0.419922 0.567969 0.422852 0.575781 0.422852 0.576562 0.421875 0.577344 0.421875 0.579688 0.418945 0.580469 0.418945 0.582031 0.416992 0.582812 0.416992 0.583594 0.416016 0.584375 0.416016 0.585938 0.414062 0.586719 0.414062 0.588281 0.412109 0.588281 0.394531 0.587500 0.393555 0.587500 0.392578 0.586719 0.391602 0.586719 0.389648 0.585156 0.387695 0.585156 0.386719 0.582812 0.383789 0.582812 0.382812 0.581250 0.380859 0.581250 0.379883 0.578125 0.375977 0.577344 0.375977 0.575781 0.374023 0.574219 0.374023 0.573438 0.373047 0.572656 0.373047 0.571875 0.372070 0.571094 0.372070 0.569531 0.370117 0.567969 0.370117 0.567187 0.369141
12 0.040625 0.187500 0.039844 0.188477 0.038281 0.188477 0.037500 0.189453 0.035937 0.189453 0.035156 0.190430 0.034375 0.190430 0.033594 0.191406 0.032813 0.191406 0.032031 0.192383 0.031250 0.192383 0.029687 0.194336 0.028906 0.194336 0.024219 0.200195 0.024219 0.201172 0.021875 0.204102 0.021875 0.205078 0.021094 0.206055 0.021094 0.207031 0.020313 0.208008 0.020313 0.208984 0.019531 0.209961 0.019531 0.210938 0.018750 0.211914 0.018750 0.212891 0.017969 0.213867 0.017969 0.215820 0.017188 0.216797 0.017188 0.217773 0.016406 0.218750 0.016406 0.232422 0.017969 0.234375 0.017969 0.235352 0.022656 0.241211 0.023438 0.241211 0.025000 0.243164 0.036719 0.243164 0.036719 0.242188 0.037500 0.241211 0.037500 0.239258 0.038281 0.238281 0.038281 0.233398 0.039062 0.232422 0.039062 0.229492 0.039844 0.228516 0.039844 0.227539 0.044531 0.221680 0.048438 0.221680 0.050000 0.223633 0.050781 0.223633 0.051562 0.224609 0.052344 0.224609 0.055469 0.228516 0.055469 0.230469 0.057031 0.232422 0.059375 0.232422 0.060156 0.231445 0.060937 0.231445 0.067187 0.223633 0.067969 0.223633 0.070312 0.220703 0.070312 0.203125 0.069531 0.202148 0.069531 0.201172 0.068750 0.200195 0.068750 0.199219 0.067969 0.198242 0.067969 0.197266 0.066406 0.195312 0.066406 0.194336 0.064844 0.192383 0.064062 0.192383 0.063281 0.191406 0.062500 0.191406 0.061719 0.190430 0.060937 0.190430 0.060156 0.189453 0.059375 0.189453 0.058594 0.188477 0.057031 0.188477 0.056250 0.187500
5 0.444531 0.006836 0.443750 0.007812 0.442188 0.007812 0.441406 0.008789 0.439844 0.008789 0.439063 0.009766 0.438281 0.009766 0.436719 0.011719 0.435937 0.011719 0.434375 0.013672 0.433594 0.013672 0.427344 0.021484 0.427344 0.022461 0.426563 0.023438 0.426563 0.024414 0.425781 0.025391 0.425781 0.041992 0.426563 0.042969 0.427344 0.042969 0.428125 0.043945 0.428906 0.043945 0.429688 0.044922 0.433594 0.044922 0.434375 0.043945 0.435937 0.043945 0.441406 0.037109 0.442188 0.037109 0.442969 0.036133 0.446094 0.036133 0.446875 0.035156 0.452344 0.035156 0.453125 0.036133 0.455469 0.036133 0.456250 0.037109 0.457031 0.037109 0.457813 0.038086 0.457813 0.039062 0.459375 0.041016 0.459375 0.041992 0.460156 0.042969 0.460156 0.045898 0.460938 0.046875 0.460938 0.048828 0.461719 0.049805 0.461719 0.051758 0.462500 0.052734 0.462500 0.053711 0.464844 0.056641 0.465625 0.056641 0.466406 0.057617 0.472656 0.057617 0.473438 0.056641 0.475000 0.056641 0.475781 0.055664 0.476562 0.055664 0.478906 0.052734 0.478906 0.026367 0.477344 0.024414 0.477344 0.023438 0.475000 0.020508 0.475000 0.019531 0.471875 0.015625 0.471094 0.015625 0.469531 0.013672 0.468750 0.013672 0.467969 0.012695 0.467187 0.012695 0.466406 0.011719 0.465625 0.011719 0.464844 0.010742 0.464062 0.010742 0.463281 0.009766 0.462500 0.009766 0.461719 0.008789 0.460156 0.008789 0.459375 0.007812 0.457813 0.007812 0.457031 0.006836
10 0.075781 0.055664 0.075000 0.056641 0.070312 0.056641 0.068750 0.058594 0.067969 0.058594 0.067969 0.059570 0.064844 0.063477 0.064844 0.064453 0.064062 0.065430 0.064062 0.066406 0.063281 0.067383 0.063281 0.069336 0.061719 0.071289 0.061719 0.097656 0.063281 0.099609 0.063281 0.100586 0.064062 0.101562 0.064062 0.102539 0.064844 0.103516 0.064844 0.104492 0.067969 0.108398 0.067969 0.109375 0.071875 0.114258 0.072656 0.114258 0.074219 0.116211 0.075000 0.116211 0.075781 0.117188 0.076563 0.117188 0.078906 0.120117 0.080469 0.120117 0.081250 0.121094 0.082031 0.121094 0.082812 0.122070 0.084375 0.122070 0.085938 0.124023 0.102344 0.124023 0.103125 0.123047 0.104688 0.123047 0.105469 0.122070 0.107031 0.122070 0.108594 0.120117 0.109375 0.120117 0.109375 0.119141 0.110156 0.118164 0.110937 0.118164 0.116406 0.111328 0.116406 0.090820 0.115625 0.090820 0.111719 0.085938 0.110937 0.085938 0.110156 0.084961 0.103906 0.084961 0.103125 0.085938 0.101562 0.085938 0.100781 0.086914 0.099219 0.086914 0.098437 0.087891 0.097656 0.087891 0.096875 0.088867 0.088281 0.088867 0.084375 0.083984 0.084375 0.079102 0.085938 0.077148 0.085938 0.075195 0.086719 0.074219 0.086719 0.071289 0.087500 0.070312 0.087500 0.069336 0.086719 0.068359 0.086719 0.067383 0.085938 0.066406 0.085938 0.064453 0.081250 0.058594 0.080469 0.058594 0.079687 0.057617 0.078906 0.057617 0.078125 0.056641 0.077344 0.056641 0.076563 0.055664
11 0.462500 0.597656 0.461719 0.598633 0.460156 0.598633 0.459375 0.599609 0.457031 0.599609 0.455469 0.601562 0.454688 0.601562 0.453906 0.602539 0.452344 0.602539 0.451562 0.603516 0.450781 0.603516 0.449219 0.605469 0.448437 0.605469 0.447656 0.606445 0.446875 0.606445 0.445312 0.608398 0.444531 0.608398 0.441406 0.612305 0.441406 0.613281 0.440625 0.614258 0.440625 0.615234 0.439844 0.616211 0.439844 0.618164 0.439063 0.619141 0.439063 0.621094 0.438281 0.622070 0.438281 0.635742 0.440625 0.635742 0.441406 0.634766 0.443750 0.634766 0.444531 0.635742 0.445312 0.635742 0.449219 0.640625 0.450000 0.640625 0.451562 0.642578 0.451562 0.644531 0.454688 0.648438 0.454688 0.649414 0.455469 0.649414 0.460156 0.655273 0.460156 0.656250 0.468750 0.666992 0.468750 0.667969 0.470313 0.669922 0.471094 0.669922 0.472656 0.671875 0.473438 0.671875 0.475000 0.673828 0.485156 0.673828 0.485156 0.672852 0.485938 0.671875 0.486719 0.671875 0.489844 0.667969 0.490625 0.667969 0.494531 0.663086 0.494531 0.661133 0.495312 0.660156 0.495312 0.659180 0.496094 0.658203 0.496094 0.657227 0.496875 0.656250 0.496875 0.654297 0.497656 0.653320 0.497656 0.648438 0.498437 0.647461 0.498437 0.626953 0.497656 0.625977 0.497656 0.624023 0.496875 0.623047 0.496875 0.621094 0.496094 0.620117 0.496094 0.619141 0.495312 0.618164 0.495312 0.617188 0.494531 0.616211 0.494531 0.615234 0.492969 0.613281 0.492969 0.612305 0.492188 0.611328 0.492188 0.610352 0.491406 0.609375 0.491406 0.608398 0.489063 0.605469 0.488281 0.605469 0.487500 0.604492 0.487500 0.603516 0.486719 0.603516 0.485938 0.602539 0.485156 0.602539 0.484375 0.601562 0.483594 0.601562 0.482812 0.600586 0.482031 0.600586 0.480469 0.598633 0.479687 0.598633 0.478906 0.597656
8 0.922656 0.207031 0.921875 0.208008 0.921875 0.208984 0.921094 0.209961 0.921094 0.210938 0.920312 0.211914 0.920312 0.213867 0.915625 0.219727 0.914844 0.219727 0.910156 0.225586 0.909375 0.225586 0.908594 0.226562 0.907031 0.226562 0.906250 0.227539 0.905469 0.227539 0.904687 0.228516 0.901563 0.228516 0.898438 0.224609 0.898438 0.223633 0.897656 0.222656 0.897656 0.221680 0.896875 0.220703 0.896875 0.218750 0.896094 0.217773 0.896094 0.215820 0.892188 0.210938 0.890625 0.210938 0.889844 0.211914 0.888281 0.211914 0.886719 0.213867 0.885938 0.213867 0.885156 0.214844 0.884375 0.214844 0.883594 0.215820 0.882812 0.215820 0.882031 0.216797 0.881250 0.216797 0.880469 0.217773 0.879687 0.217773 0.877344 0.220703 0.877344 0.221680 0.876563 0.222656 0.876563 0.241211 0.877344 0.242188 0.877344 0.243164 0.878125 0.244141 0.878125 0.246094 0.884375 0.253906 0.884375 0.254883 0.885938 0.256836 0.886719 0.256836 0.887500 0.257812 0.889062 0.257812 0.890625 0.259766 0.912500 0.259766 0.913281 0.258789 0.914062 0.258789 0.914844 0.257812 0.915625 0.257812 0.916406 0.256836 0.917188 0.256836 0.918750 0.254883 0.919531 0.254883 0.928125 0.244141 0.928125 0.243164 0.929688 0.241211 0.929688 0.240234 0.931250 0.238281 0.931250 0.237305 0.932031 0.236328 0.932031 0.235352 0.932813 0.234375 0.932813 0.211914 0.932031 0.211914 0.928125 0.207031
3 0.035156 0.700195 0.034375 0.701172 0.029687 0.701172 0.028125 0.703125 0.026562 0.703125 0.025000 0.705078 0.024219 0.705078 0.020313 0.709961 0.019531 0.709961 0.019531 0.731445 0.021094 0.731445 0.021875 0.732422 0.030469 0.732422 0.031250 0.731445 0.037500 0.731445 0.039844 0.734375 0.039844 0.735352 0.040625 0.736328 0.040625 0.737305 0.042188 0.739258 0.042188 0.741211 0.043750 0.743164 0.043750 0.745117 0.044531 0.746094 0.044531 0.749023 0.045312 0.750000 0.045312 0.754883 0.044531 0.755859 0.044531 0.757812 0.043750 0.758789 0.043750 0.759766 0.044531 0.760742 0.044531 0.762695 0.046094 0.764648 0.046875 0.764648 0.047656 0.765625 0.048438 0.765625 0.049219 0.766602 0.050000 0.766602 0.050781 0.767578 0.051562 0.767578 0.052344 0.768555 0.057813 0.768555 0.059375 0.766602 0.060156 0.766602 0.065625 0.759766 0.065625 0.758789 0.067187 0.756836 0.067187 0.724609 0.066406 0.723633 0.066406 0.721680 0.065625 0.720703 0.065625 0.718750 0.064062 0.716797 0.064062 0.715820 0.060937 0.711914 0.060156 0.711914 0.056250 0.707031 0.055469 0.707031 0.053906 0.705078 0.053125 0.705078 0.052344 0.704102 0.050781 0.704102 0.050000 0.703125 0.048438 0.703125 0.047656 0.702148 0.045312 0.702148 0.044531 0.701172 0.039844 0.701172 0.039062 0.700195
3 0.458594 0.186523 0.457031 0.188477 0.456250 0.188477 0.455469 0.189453 0.454688 0.189453 0.451562 0.193359 0.450781 0.193359 0.449219 0.195312 0.449219 0.196289 0.448437 0.197266 0.448437 0.198242 0.446875 0.200195 0.446875 0.201172 0.446094 0.202148 0.446094 0.203125 0.444531 0.205078 0.444531 0.206055 0.443750 0.207031 0.443750 0.208008 0.442969 0.208984 0.442969 0.209961 0.442188 0.210938 0.442188 0.211914 0.441406 0.212891 0.441406 0.213867 0.440625 0.214844 0.440625 0.216797 0.439844 0.217773 0.439844 0.218750 0.439063 0.219727 0.439063 0.231445 0.440625 0.233398 0.440625 0.234375 0.441406 0.235352 0.441406 0.236328 0.443750 0.239258 0.443750 0.240234 0.445312 0.242188 0.457031 0.242188 0.460156 0.238281 0.460156 0.237305 0.461719 0.235352 0.461719 0.232422 0.462500 0.231445 0.462500 0.227539 0.463281 0.226562 0.463281 0.224609 0.464062 0.223633 0.464844 0.223633 0.466406 0.221680 0.483594 0.221680 0.484375 0.222656 0.485156 0.222656 0.485938 0.221680 0.489844 0.221680 0.490625 0.220703 0.495312 0.220703 0.497656 0.217773 0.497656 0.206055 0.496094 0.204102 0.496094 0.203125 0.495312 0.202148 0.494531 0.202148 0.493750 0.201172 0.493750 0.200195 0.489063 0.194336 0.489063 0.193359 0.488281 0.192383 0.487500 0.192383 0.486719 0.191406 0.485938 0.191406 0.485156 0.190430 0.484375 0.190430 0.483594 0.189453 0.482812 0.189453 0.482031 0.188477 0.481250 0.188477 0.480469 0.187500 0.479687 0.187500 0.478906 0.186523
11 0.114062 0.733398 0.113281 0.734375 0.112500 0.734375 0.111719 0.735352 0.110156 0.735352 0.109375 0.736328 0.109375 0.737305 0.108594 0.738281 0.107813 0.738281 0.107813 0.739258 0.106250 0.741211 0.106250 0.742188 0.103906 0.745117 0.103906 0.746094 0.101562 0.749023 0.100781 0.749023 0.100000 0.750000 0.096094 0.750000 0.095312 0.750977 0.090625 0.750977 0.089844 0.750000 0.089063 0.750000 0.088281 0.749023 0.084375 0.749023 0.083594 0.748047 0.081250 0.748047 0.080469 0.749023 0.076563 0.749023 0.075000 0.750977 0.074219 0.750977 0.071875 0.753906 0.071094 0.753906 0.069531 0.755859 0.068750 0.755859 0.067969 0.756836 0.067969 0.757812 0.067187 0.758789 0.067187 0.773438 0.068750 0.775391 0.068750 0.777344 0.073438 0.783203 0.073438 0.784180 0.075000 0.786133 0.075000 0.787109 0.077344 0.790039 0.077344 0.791016 0.078906 0.792969 0.078906 0.793945 0.080469 0.795898 0.081250 0.795898 0.082031 0.796875 0.082031 0.797852 0.082812 0.797852 0.085938 0.801758 0.086719 0.801758 0.088281 0.803711 0.102344 0.803711 0.103125 0.802734 0.103906 0.802734 0.106250 0.799805 0.107031 0.799805 0.107813 0.798828 0.108594 0.798828 0.109375 0.797852 0.110937 0.797852 0.112500 0.795898 0.113281 0.795898 0.114844 0.793945 0.115625 0.793945 0.116406 0.792969 0.117188 0.792969 0.117969 0.791992 0.118750 0.791992 0.119531 0.791016 0.121094 0.791016 0.122656 0.789062 0.123438 0.789062 0.123438 0.788086 0.127344 0.783203 0.127344 0.782227 0.128906 0.780273 0.128906 0.778320 0.130469 0.776367 0.130469 0.746094 0.129688 0.745117 0.129688 0.744141 0.128906 0.743164 0.128906 0.742188 0.126562 0.739258 0.126562 0.738281 0.125000 0.736328 0.124219 0.736328 0.123438 0.735352 0.122656 0.735352 0.121875 0.734375 0.120313 0.734375 0.119531 0.733398 0.117188 0.733398 0.116406 0.734375 0.115625 0.734375 0.114844 0.733398
10 0.808594 0.777344 0.808594 0.778320 0.807031 0.780273 0.807031 0.781250 0.806250 0.782227 0.806250 0.788086 0.807031 0.789062 0.807031 0.790039 0.807813 0.790039 0.810156 0.792969 0.810937 0.792969 0.813281 0.795898 0.814063 0.795898 0.817187 0.799805 0.817187 0.801758 0.819531 0.804688 0.819531 0.805664 0.821094 0.807617 0.821094 0.810547 0.820312 0.811523 0.820312 0.816406 0.817969 0.819336 0.817187 0.819336 0.815625 0.821289 0.814844 0.821289 0.813281 0.823242 0.813281 0.826172 0.812500 0.827148 0.812500 0.832031 0.813281 0.833008 0.813281 0.834961 0.814063 0.835938 0.814063 0.836914 0.817187 0.840820 0.832031 0.840820 0.835156 0.836914 0.835938 0.836914 0.836719 0.835938 0.837500 0.835938 0.839844 0.833008 0.839844 0.832031 0.841406 0.830078 0.841406 0.829102 0.842187 0.828125 0.842187 0.827148 0.843750 0.825195 0.843750 0.795898 0.841406 0.792969 0.841406 0.791992 0.838281 0.788086 0.838281 0.787109 0.835938 0.784180 0.835938 0.783203 0.835156 0.783203 0.833594 0.781250 0.832812 0.781250 0.831250 0.779297 0.830469 0.779297 0.829688 0.778320 0.828906 0.778320 0.828125 0.777344
3 0.386719 0.136719 0.385156 0.138672 0.385156 0.139648 0.383594 0.141602 0.383594 0.142578 0.382812 0.143555 0.382812 0.144531 0.382031 0.145508 0.382031 0.150391 0.382812 0.151367 0.382812 0.152344 0.383594 0.153320 0.383594 0.155273 0.384375 0.156250 0.384375 0.158203 0.385156 0.159180 0.385156 0.161133 0.385937 0.162109 0.385937 0.164062 0.386719 0.165039 0.386719 0.167969 0.385937 0.168945 0.385937 0.169922 0.385156 0.170898 0.385156 0.171875 0.384375 0.172852 0.384375 0.173828 0.383594 0.174805 0.382812 0.174805 0.382031 0.175781 0.378906 0.175781 0.378125 0.174805 0.376563 0.174805 0.375781 0.173828 0.371875 0.173828 0.371094 0.174805 0.368750 0.174805 0.367969 0.175781 0.367188 0.175781 0.365625 0.177734 0.365625 0.197266 0.366406 0.197266 0.369531 0.201172 0.371094 0.201172 0.372656 0.203125 0.390625 0.203125 0.391406 0.202148 0.392969 0.202148 0.393750 0.201172 0.395313 0.201172 0.396875 0.199219 0.398438 0.199219 0.400000 0.197266 0.400781 0.197266 0.403906 0.193359 0.404687 0.193359 0.411719 0.184570 0.411719 0.183594 0.412500 0.182617 0.412500 0.181641 0.413281 0.180664 0.413281 0.179688 0.414062 0.178711 0.414062 0.176758 0.414844 0.175781 0.414844 0.174805 0.415625 0.173828 0.415625 0.152344 0.414844 0.152344 0.414062 0.151367 0.414062 0.150391 0.412500 0.148438 0.412500 0.147461 0.411719 0.146484 0.411719 0.145508 0.410938 0.144531 0.410938 0.143555 0.409375 0.141602 0.408594 0.141602 0.406250 0.138672 0.405469 0.138672 0.403906 0.136719
8 0.597656 0.048828 0.597656 0.049805 0.595313 0.052734 0.595313 0.053711 0.593750 0.055664 0.593750 0.057617 0.592969 0.058594 0.592969 0.060547 0.591406 0.062500 0.591406 0.071289 0.592187 0.072266 0.592187 0.075195 0.592969 0.076172 0.592969 0.079102 0.593750 0.080078 0.593750 0.081055 0.594531 0.082031 0.594531 0.083008 0.595313 0.083984 0.595313 0.085938 0.598437 0.089844 0.598437 0.090820 0.600781 0.093750 0.600781 0.094727 0.601562 0.094727 0.603125 0.096680 0.603906 0.096680 0.604688 0.097656 0.604688 0.098633 0.605469 0.098633 0.607031 0.100586 0.607812 0.100586 0.609375 0.102539 0.610156 0.102539 0.610938 0.103516 0.611719 0.103516 0.612500 0.104492 0.613281 0.104492 0.614062 0.105469 0.615625 0.105469 0.616406 0.106445 0.638281 0.106445 0.639062 0.105469 0.640625 0.105469 0.641406 0.104492 0.642969 0.104492 0.643750 0.103516 0.644531 0.103516 0.645312 0.102539 0.646094 0.102539 0.646875 0.101562 0.647656 0.101562 0.649219 0.099609 0.650000 0.099609 0.650000 0.098633 0.653125 0.094727 0.653906 0.094727 0.653906 0.093750 0.655469 0.091797 0.655469 0.090820 0.656250 0.089844 0.656250 0.088867 0.657031 0.087891 0.657031 0.073242 0.653906 0.069336 0.646094 0.069336 0.645312 0.070312 0.644531 0.070312 0.643750 0.071289 0.642969 0.071289 0.642188 0.072266 0.641406 0.072266 0.640625 0.073242 0.639062 0.073242 0.638281 0.074219 0.637500 0.074219 0.636719 0.075195 0.632031 0.075195 0.631250 0.076172 0.629687 0.076172 0.628906 0.075195 0.627344 0.075195 0.626563 0.074219 0.625781 0.074219 0.623437 0.071289 0.622656 0.071289 0.619531 0.067383 0.619531 0.066406 0.617969 0.064453 0.617969 0.062500 0.617188 0.061523 0.617188 0.059570 0.617969 0.058594 0.617969 0.057617 0.617188 0.056641 0.617188 0.053711 0.616406 0.052734 0.616406 0.050781 0.615625 0.050781 0.614062 0.048828
8 0.582031 0.559570 0.581250 0.560547 0.578125 0.560547 0.577344 0.561523 0.576562 0.561523 0.575781 0.562500 0.574219 0.562500 0.572656 0.564453 0.571875 0.564453 0.571094 0.565430 0.570312 0.565430 0.568750 0.567383 0.567969 0.567383 0.564844 0.571289 0.564063 0.571289 0.561719 0.574219 0.561719 0.575195 0.560937 0.576172 0.560937 0.597656 0.561719 0.598633 0.562500 0.598633 0.563281 0.599609 0.564063 0.599609 0.564844 0.600586 0.567187 0.600586 0.567969 0.601562 0.568750 0.600586 0.572656 0.600586 0.573438 0.599609 0.574219 0.599609 0.575781 0.597656 0.576562 0.597656 0.577344 0.596680 0.577344 0.595703 0.579688 0.592773 0.580469 0.592773 0.581250 0.591797 0.584375 0.591797 0.585156 0.592773 0.585938 0.592773 0.587500 0.594727 0.587500 0.595703 0.589063 0.597656 0.589063 0.599609 0.590625 0.601562 0.590625 0.602539 0.592187 0.604492 0.592187 0.605469 0.593750 0.607422 0.594531 0.607422 0.595313 0.608398 0.596094 0.608398 0.596875 0.609375 0.597656 0.609375 0.598437 0.610352 0.600000 0.610352 0.600781 0.611328 0.602344 0.611328 0.603125 0.612305 0.610938 0.612305 0.611719 0.611328 0.612500 0.611328 0.615625 0.607422 0.615625 0.582031 0.614844 0.581055 0.614844 0.580078 0.614062 0.579102 0.614062 0.578125 0.612500 0.576172 0.612500 0.575195 0.609375 0.571289 0.608594 0.571289 0.604688 0.566406 0.603906 0.566406 0.602344 0.564453 0.600781 0.564453 0.600000 0.563477 0.598437 0.563477 0.597656 0.562500 0.596094 0.562500 0.595313 0.561523 0.590625 0.561523 0.589844 0.560547 0.585938 0.560547 0.585156 0.559570
10 0.315625 0.283203 0.313281 0.286133 0.312500 0.286133 0.311719 0.287109 0.310937 0.287109 0.310156 0.288086 0.308594 0.288086 0.307031 0.290039 0.306250 0.290039 0.300000 0.297852 0.299219 0.297852 0.299219 0.298828 0.296875 0.301758 0.296875 0.303711 0.296094 0.304688 0.296094 0.319336 0.297656 0.321289 0.306250 0.321289 0.307031 0.320312 0.311719 0.320312 0.312500 0.319336 0.314844 0.319336 0.315625 0.318359 0.316406 0.318359 0.317188 0.317383 0.317969 0.317383 0.319531 0.315430 0.320312 0.315430 0.321875 0.313477 0.322656 0.313477 0.324219 0.311523 0.325000 0.311523 0.325781 0.310547 0.327344 0.310547 0.328125 0.309570 0.328906 0.310547 0.329688 0.310547 0.332031 0.313477 0.332031 0.321289 0.331250 0.322266 0.331250 0.327148 0.332031 0.328125 0.332031 0.329102 0.332813 0.330078 0.332813 0.331055 0.334375 0.333008 0.335156 0.333008 0.337500 0.335938 0.347656 0.335938 0.352344 0.330078 0.352344 0.329102 0.353125 0.328125 0.353125 0.327148 0.353906 0.326172 0.353906 0.325195 0.354687 0.324219 0.354687 0.303711 0.353125 0.301758 0.353125 0.300781 0.343750 0.289062 0.342969 0.289062 0.342187 0.288086 0.341406 0.288086 0.339844 0.286133 0.339062 0.286133 0.338281 0.285156 0.337500 0.285156 0.336719 0.284180 0.335156 0.284180 0.334375 0.283203
0 0.928906 0.443359 0.928125 0.444336 0.927344 0.444336 0.926562 0.445312 0.925781 0.445312 0.925000 0.446289 0.924219 0.446289 0.923438 0.447266 0.922656 0.447266 0.921875 0.448242 0.920312 0.448242 0.917188 0.452148 0.916406 0.452148 0.913281 0.456055 0.913281 0.465820 0.914062 0.465820 0.915625 0.467773 0.915625 0.468750 0.917969 0.471680 0.917969 0.472656 0.919531 0.474609 0.920312 0.474609 0.922656 0.477539 0.923438 0.477539 0.924219 0.478516 0.928906 0.478516 0.932031 0.474609 0.933594 0.474609 0.935156 0.472656 0.938281 0.472656 0.939063 0.473633 0.940625 0.473633 0.943750 0.477539 0.943750 0.478516 0.945312 0.480469 0.945312 0.484375 0.946094 0.485352 0.946094 0.488281 0.964844 0.488281 0.966406 0.486328 0.966406 0.485352 0.965625 0.484375 0.966406 0.483398 0.966406 0.480469 0.967187 0.479492 0.967187 0.467773 0.966406 0.466797 0.966406 0.463867 0.965625 0.462891 0.965625 0.461914 0.964063 0.459961 0.964063 0.458984 0.963281 0.458008 0.963281 0.457031 0.962500 0.456055 0.962500 0.455078 0.957812 0.449219 0.957031 0.449219 0.956250 0.448242 0.954688 0.448242 0.953125 0.446289 0.951562 0.446289 0.949219 0.443359
7 0.721875 0.036133 0.720313 0.038086 0.719531 0.038086 0.718750 0.039062 0.717187 0.039062 0.716406 0.040039 0.715625 0.040039 0.713281 0.042969 0.712500 0.042969 0.711719 0.043945 0.711719 0.044922 0.710938 0.045898 0.710938 0.046875 0.710156 0.047852 0.710156 0.048828 0.708594 0.050781 0.708594 0.072266 0.709375 0.073242 0.709375 0.075195 0.710156 0.076172 0.710156 0.077148 0.710938 0.078125 0.710938 0.079102 0.712500 0.081055 0.712500 0.082031 0.717969 0.088867 0.718750 0.088867 0.719531 0.089844 0.720313 0.089844 0.721875 0.091797 0.722656 0.091797 0.723437 0.092773 0.724219 0.092773 0.725000 0.093750 0.735156 0.093750 0.735156 0.092773 0.738281 0.088867 0.738281 0.086914 0.739062 0.085938 0.739062 0.080078 0.738281 0.079102 0.738281 0.076172 0.737500 0.075195 0.737500 0.073242 0.736719 0.072266 0.736719 0.071289 0.735938 0.070312 0.735938 0.068359 0.735156 0.067383 0.735156 0.065430 0.734375 0.064453 0.734375 0.062500 0.735156 0.061523 0.735156 0.059570 0.735938 0.058594 0.735938 0.057617 0.736719 0.056641 0.736719 0.055664 0.737500 0.054688 0.737500 0.053711 0.739844 0.050781 0.739844 0.039062 0.737500 0.036133
9 0.927344 0.536133 0.925781 0.538086 0.925000 0.538086 0.924219 0.539062 0.923438 0.539062 0.921875 0.541016 0.921094 0.541016 0.917969 0.544922 0.917969 0.545898 0.916406 0.547852 0.916406 0.548828 0.914844 0.550781 0.914844 0.551758 0.914062 0.552734 0.914062 0.554688 0.913281 0.555664 0.913281 0.560547 0.912500 0.561523 0.912500 0.571289 0.913281 0.572266 0.913281 0.576172 0.914062 0.577148 0.914062 0.580078 0.914844 0.581055 0.914844 0.582031 0.915625 0.583008 0.915625 0.583984 0.916406 0.584961 0.916406 0.585938 0.917188 0.586914 0.917188 0.587891 0.917969 0.588867 0.917969 0.590820 0.921094 0.594727 0.921094 0.595703 0.922656 0.597656 0.923438 0.597656 0.928125 0.603516 0.929688 0.603516 0.930469 0.604492 0.931250 0.604492 0.932031 0.605469 0.953906 0.605469 0.953906 0.604492 0.955469 0.602539 0.956250 0.602539 0.958594 0.599609 0.958594 0.598633 0.959375 0.597656 0.959375 0.593750 0.958594 0.592773 0.958594 0.591797 0.953906 0.585938 0.953125 0.585938 0.950781 0.583008 0.950000 0.583008 0.949219 0.582031 0.948438 0.582031 0.943750 0.576172 0.943750 0.574219 0.942969 0.573242 0.942969 0.572266 0.942187 0.571289 0.942187 0.569336 0.942969 0.568359 0.942969 0.566406 0.943750 0.565430 0.943750 0.564453 0.945312 0.562500 0.945312 0.561523 0.946875 0.559570 0.946875 0.558594 0.949219 0.555664 0.949219 0.554688 0.950781 0.552734 0.951562 0.552734 0.953906 0.549805 0.953906 0.547852 0.950000 0.542969 0.949219 0.542969 0.948438 0.541992 0.947656 0.541992 0.945312 0.539062 0.945312 0.538086 0.944531 0.537109 0.944531 0.536133
9 0.821875 0.416016 0.819531 0.418945 0.818750 0.418945 0.818750 0.419922 0.817187 0.421875 0.817187 0.422852 0.815625 0.424805 0.815625 0.425781 0.814844 0.426758 0.814844 0.427734 0.814063 0.428711 0.814063 0.430664 0.813281 0.431641 0.813281 0.445312 0.814063 0.446289 0.814063 0.447266 0.814844 0.448242 0.814844 0.452148 0.815625 0.453125 0.815625 0.455078 0.817187 0.457031 0.817187 0.458008 0.817969 0.458984 0.817969 0.460938 0.821094 0.464844 0.821094 0.465820 0.827344 0.473633 0.828125 0.473633 0.830469 0.476562 0.831250 0.476562 0.833594 0.479492 0.853906 0.479492 0.855469 0.477539 0.855469 0.476562 0.860938 0.469727 0.860938 0.468750 0.861719 0.467773 0.861719 0.466797 0.862500 0.465820 0.862500 0.454102 0.860156 0.451172 0.859375 0.451172 0.857812 0.449219 0.857812 0.448242 0.856250 0.446289 0.854688 0.446289 0.853906 0.445312 0.842187 0.445312 0.841406 0.446289 0.840625 0.445312 0.839844 0.445312 0.839063 0.444336 0.839063 0.441406 0.838281 0.440430 0.838281 0.437500 0.837500 0.436523 0.837500 0.435547 0.836719 0.434570 0.836719 0.432617 0.835938 0.431641 0.835938 0.430664 0.833594 0.427734 0.832812 0.427734 0.831250 0.425781 0.831250 0.422852 0.832031 0.421875 0.832031 0.416016
1 0.947656 0.060547 0.947656 0.064453 0.946875 0.065430 0.946875 0.067383 0.946094 0.068359 0.946094 0.069336 0.945312 0.070312 0.945312 0.072266 0.944531 0.073242 0.944531 0.074219 0.940625 0.079102 0.939063 0.079102 0.938281 0.080078 0.937500 0.079102 0.935937 0.079102 0.935156 0.078125 0.933594 0.078125 0.932813 0.077148 0.932031 0.077148 0.928906 0.073242 0.928125 0.073242 0.927344 0.072266 0.926562 0.072266 0.925781 0.071289 0.924219 0.071289 0.923438 0.070312 0.922656 0.070312 0.921875 0.069336 0.921094 0.069336 0.920312 0.068359 0.918750 0.068359 0.917969 0.067383 0.914062 0.067383 0.913281 0.068359 0.910937 0.068359 0.909375 0.070312 0.909375 0.095703 0.910156 0.096680 0.910156 0.097656 0.914844 0.103516 0.914844 0.104492 0.915625 0.105469 0.916406 0.105469 0.920312 0.110352 0.921875 0.110352 0.922656 0.111328 0.923438 0.111328 0.924219 0.112305 0.927344 0.112305 0.928906 0.114258 0.947656 0.114258 0.948438 0.113281 0.949219 0.113281 0.950000 0.112305 0.950781 0.112305 0.952344 0.110352 0.953125 0.110352 0.953906 0.109375 0.954688 0.109375 0.956250 0.107422 0.957031 0.107422 0.959375 0.104492 0.959375 0.103516 0.960938 0.101562 0.960938 0.100586 0.964844 0.095703 0.964844 0.094727 0.965625 0.093750 0.965625 0.091797 0.966406 0.090820 0.966406 0.089844 0.967187 0.088867 0.967187 0.086914 0.967969 0.085938 0.967969 0.073242 0.967187 0.072266 0.967187 0.070312 0.966406 0.069336 0.966406 0.068359 0.962500 0.063477 0.961719 0.063477 0.960156 0.061523 0.959375 0.061523 0.958594 0.060547
9 0.745313 0.296875 0.739844 0.303711 0.739844 0.304688 0.737500 0.307617 0.737500 0.308594 0.736719 0.309570 0.736719 0.310547 0.735156 0.312500 0.735156 0.313477 0.734375 0.314453 0.734375 0.316406 0.733594 0.317383 0.733594 0.320312 0.732812 0.321289 0.732812 0.345703 0.733594 0.346680 0.733594 0.347656 0.734375 0.348633 0.734375 0.350586 0.735156 0.351562 0.735156 0.352539 0.736719 0.354492 0.736719 0.355469 0.737500 0.356445 0.737500 0.357422 0.739062 0.359375 0.739062 0.360352 0.742188 0.364258 0.742969 0.364258 0.743750 0.365234 0.744531 0.365234 0.745313 0.366211 0.746094 0.366211 0.746875 0.367188 0.747656 0.367188 0.748437 0.368164 0.749219 0.368164 0.750000 0.369141 0.752344 0.369141 0.753125 0.370117 0.753906 0.369141 0.754687 0.369141 0.755469 0.370117 0.758594 0.370117 0.759375 0.371094 0.761719 0.371094 0.762500 0.372070 0.765625 0.372070 0.766406 0.371094 0.767969 0.371094 0.768750 0.370117 0.770312 0.370117 0.771094 0.369141 0.771094 0.341797 0.770312 0.340820 0.769531 0.340820 0.768750 0.339844 0.767969 0.339844 0.762500 0.333008 0.762500 0.332031 0.761719 0.331055 0.761719 0.330078 0.760156 0.328125 0.760156 0.327148 0.759375 0.326172 0.759375 0.320312 0.760156 0.319336 0.760156 0.316406 0.760938 0.315430 0.760938 0.314453 0.761719 0.313477 0.761719 0.312500 0.762500 0.311523 0.762500 0.310547 0.763281 0.309570 0.763281 0.308594 0.764062 0.307617 0.764062 0.301758 0.763281 0.300781 0.763281 0.298828 0.761719 0.296875
1 0.140625 0.729492 0.137500 0.733398 0.136719 0.733398 0.135156 0.735352 0.135156 0.736328 0.133594 0.738281 0.133594 0.739258 0.132031 0.741211 0.132031 0.742188 0.131250 0.743164 0.131250 0.767578 0.132031 0.768555 0.132031 0.770508 0.133594 0.772461 0.133594 0.773438 0.135937 0.776367 0.135937 0.777344 0.137500 0.779297 0.137500 0.780273 0.142187 0.786133 0.142969 0.786133 0.144531 0.788086 0.145313 0.788086 0.146094 0.789062 0.146875 0.789062 0.147656 0.790039 0.148438 0.790039 0.149219 0.791016 0.150000 0.791016 0.150781 0.791992 0.174219 0.791992 0.174219 0.791016 0.175781 0.789062 0.176563 0.789062 0.179688 0.785156 0.179688 0.776367 0.178906 0.775391 0.178906 0.774414 0.177344 0.772461 0.176563 0.772461 0.175000 0.770508 0.171875 0.770508 0.171094 0.769531 0.168750 0.769531 0.167969 0.770508 0.164844 0.770508 0.163281 0.768555 0.163281 0.767578 0.162500 0.766602 0.162500 0.763672 0.161719 0.762695 0.161719 0.757812 0.160938 0.756836 0.160938 0.753906 0.161719 0.752930 0.161719 0.744141 0.160938 0.743164 0.160938 0.741211 0.163281 0.738281 0.164062 0.738281 0.165625 0.736328 0.165625 0.735352 0.161719 0.730469 0.155469 0.730469 0.154688 0.729492
12 0.257812 0.566406 0.256250 0.568359 0.255469 0.568359 0.253906 0.570312 0.253125 0.570312 0.252344 0.571289 0.252344 0.598633 0.253125 0.598633 0.253906 0.599609 0.254688 0.599609 0.255469 0.600586 0.257031 0.600586 0.257812 0.601562 0.259375 0.601562 0.260156 0.602539 0.260937 0.602539 0.267188 0.610352 0.267188 0.613281 0.267969 0.614258 0.267969 0.618164 0.268750 0.619141 0.268750 0.623047 0.267969 0.624023 0.267969 0.625977 0.267188 0.626953 0.267188 0.628906 0.266406 0.629883 0.266406 0.630859 0.265625 0.631836 0.265625 0.644531 0.266406 0.645508 0.266406 0.646484 0.267188 0.647461 0.267188 0.648438 0.267969 0.649414 0.281250 0.649414 0.283594 0.646484 0.283594 0.645508 0.288281 0.639648 0.288281 0.638672 0.289062 0.637695 0.289062 0.636719 0.292187 0.632812 0.292187 0.631836 0.292969 0.630859 0.292969 0.629883 0.293750 0.628906 0.293750 0.627930 0.294531 0.626953 0.294531 0.625977 0.295312 0.625000 0.295312 0.623047 0.296094 0.622070 0.296094 0.620117 0.296875 0.619141 0.296875 0.598633 0.295312 0.596680 0.295312 0.593750 0.294531 0.592773 0.294531 0.589844 0.293750 0.588867 0.293750 0.587891 0.292969 0.586914 0.292969 0.585938 0.292187 0.584961 0.292187 0.583984 0.289844 0.581055 0.289844 0.580078 0.282031 0.570312 0.281250 0.570312 0.280469 0.569336 0.279687 0.569336 0.278906 0.568359 0.278125 0.568359 0.277344 0.567383 0.276562 0.567383 0.275781 0.566406
8 0.753125 0.175781 0.749219 0.180664 0.749219 0.184570 0.748437 0.185547 0.748437 0.189453 0.747656 0.190430 0.747656 0.197266 0.748437 0.198242 0.748437 0.199219 0.749219 0.200195 0.750000 0.200195 0.750781 0.201172 0.754687 0.201172 0.756250 0.203125 0.757031 0.203125 0.757812 0.204102 0.758594 0.204102 0.759375 0.205078 0.760156 0.205078 0.761719 0.207031 0.762500 0.207031 0.765625 0.210938 0.765625 0.211914 0.769531 0.216797 0.769531 0.217773 0.770312 0.218750 0.770312 0.221680 0.771094 0.222656 0.770312 0.223633 0.770312 0.226562 0.769531 0.227539 0.769531 0.228516 0.768750 0.229492 0.768750 0.232422 0.767969 0.233398 0.767969 0.234375 0.767188 0.235352 0.767188 0.238281 0.766406 0.239258 0.766406 0.243164 0.767188 0.244141 0.767188 0.245117 0.768750 0.247070 0.768750 0.248047 0.782813 0.248047 0.785156 0.245117 0.785937 0.245117 0.789844 0.240234 0.789844 0.239258 0.792188 0.236328 0.792188 0.235352 0.792969 0.234375 0.792969 0.233398 0.793750 0.232422 0.793750 0.231445 0.794531 0.230469 0.794531 0.229492 0.795312 0.228516 0.795312 0.225586 0.796094 0.224609 0.796094 0.207031 0.795312 0.206055 0.795312 0.205078 0.794531 0.204102 0.794531 0.202148 0.793750 0.201172 0.793750 0.200195 0.792969 0.199219 0.792969 0.197266 0.792188 0.196289 0.792188 0.195312 0.790625 0.193359 0.790625 0.192383 0.789062 0.190430 0.789062 0.189453 0.787500 0.187500 0.787500 0.186523 0.786719 0.185547 0.785937 0.185547 0.781250 0.179688 0.780469 0.179688 0.778906 0.177734 0.778125 0.177734 0.776563 0.175781
1 0.547656 0.780273 0.546875 0.781250 0.546094 0.781250 0.545312 0.782227 0.544531 0.782227 0.543750 0.783203 0.542969 0.783203 0.535937 0.791992 0.535937 0.792969 0.535156 0.793945 0.535156 0.794922 0.534375 0.795898 0.534375 0.796875 0.533594 0.797852 0.533594 0.799805 0.532813 0.800781 0.532813 0.801758 0.532031 0.802734 0.532031 0.824219 0.532813 0.825195 0.532813 0.826172 0.534375 0.828125 0.534375 0.831055 0.537500 0.834961 0.537500 0.835938 0.538281 0.836914 0.539062 0.836914 0.540625 0.838867 0.541406 0.838867 0.542188 0.839844 0.542969 0.839844 0.543750 0.840820 0.544531 0.840820 0.545312 0.841797 0.547656 0.841797 0.548438 0.842773 0.557031 0.842773 0.557813 0.843750 0.559375 0.843750 0.560156 0.844727 0.565625 0.844727 0.565625 0.843750 0.567969 0.840820 0.568750 0.840820 0.570312 0.838867 0.571094 0.838867 0.572656 0.836914 0.573438 0.836914 0.574219 0.835938 0.575000 0.835938 0.575781 0.834961 0.577344 0.834961 0.579688 0.832031 0.579688 0.831055 0.580469 0.830078 0.580469 0.829102 0.581250 0.828125 0.581250 0.809570 0.580469 0.809570 0.579688 0.808594 0.574219 0.808594 0.573438 0.807617 0.567969 0.807617 0.567187 0.808594 0.565625 0.808594 0.564844 0.807617 0.562500 0.807617 0.561719 0.806641 0.561719 0.805664 0.560156 0.803711 0.560156 0.802734 0.559375 0.801758 0.559375 0.800781 0.558594 0.799805 0.558594 0.796875 0.557813 0.795898 0.557813 0.788086 0.557031 0.787109 0.557031 0.785156 0.554688 0.782227 0.553906 0.782227 0.552344 0.780273 0.550781 0.780273 0.550000 0.781250 0.549219 0.780273
12 0.101562 0.166016 0.100781 0.166992 0.098437 0.166992 0.097656 0.167969 0.095312 0.167969 0.093750 0.169922 0.092969 0.169922 0.090625 0.172852 0.089844 0.172852 0.088281 0.174805 0.088281 0.175781 0.087500 0.176758 0.086719 0.176758 0.085938 0.177734 0.085938 0.179688 0.085156 0.180664 0.085156 0.181641 0.084375 0.182617 0.084375 0.184570 0.083594 0.185547 0.083594 0.188477 0.082812 0.189453 0.082812 0.193359 0.082031 0.194336 0.082031 0.196289 0.082812 0.197266 0.082031 0.198242 0.082031 0.201172 0.082812 0.202148 0.082812 0.208984 0.083594 0.209961 0.083594 0.212891 0.084375 0.213867 0.084375 0.214844 0.085938 0.216797 0.085938 0.217773 0.086719 0.218750 0.086719 0.219727 0.104688 0.219727 0.104688 0.218750 0.105469 0.217773 0.105469 0.216797 0.106250 0.215820 0.106250 0.214844 0.107031 0.213867 0.107031 0.212891 0.106250 0.211914 0.106250 0.210938 0.107031 0.209961 0.107031 0.201172 0.110156 0.197266 0.124219 0.197266 0.125000 0.198242 0.125781 0.198242 0.126562 0.199219 0.128906 0.199219 0.129688 0.200195 0.130469 0.200195 0.131250 0.199219 0.132031 0.199219 0.132812 0.198242 0.133594 0.198242 0.134375 0.197266 0.134375 0.196289 0.135156 0.195312 0.135156 0.194336 0.135937 0.193359 0.135937 0.192383 0.136719 0.191406 0.136719 0.189453 0.137500 0.188477 0.137500 0.181641 0.131250 0.173828 0.130469 0.173828 0.129688 0.172852 0.128906 0.172852 0.127344 0.170898 0.126562 0.170898 0.125781 0.169922 0.125000 0.169922 0.124219 0.168945 0.123438 0.168945 0.122656 0.167969 0.120313 0.167969 0.119531 0.166992 0.117969 0.166992 0.117188 0.166016
2 0.242969 0.249023 0.242188 0.250000 0.239844 0.250000 0.238281 0.251953 0.237500 0.251953 0.236719 0.252930 0.235156 0.252930 0.234375 0.253906 0.233594 0.253906 0.232031 0.255859 0.231250 0.255859 0.230469 0.256836 0.229687 0.256836 0.228125 0.258789 0.227344 0.258789 0.221875 0.265625 0.221875 0.266602 0.220312 0.268555 0.220312 0.269531 0.218750 0.271484 0.218750 0.272461 0.217969 0.273438 0.217969 0.299805 0.219531 0.301758 0.219531 0.302734 0.221094 0.304688 0.221094 0.305664 0.222656 0.307617 0.223438 0.307617 0.225000 0.309570 0.226562 0.309570 0.227344 0.310547 0.228906 0.310547 0.230469 0.308594 0.231250 0.308594 0.232031 0.307617 0.232031 0.306641 0.232813 0.305664 0.232813 0.304688 0.234375 0.302734 0.234375 0.300781 0.235937 0.298828 0.235937 0.295898 0.236719 0.294922 0.236719 0.291992 0.237500 0.291016 0.237500 0.290039 0.239063 0.288086 0.239063 0.287109 0.239844 0.286133 0.239844 0.285156 0.240625 0.284180 0.244531 0.284180 0.246094 0.286133 0.246875 0.286133 0.248438 0.288086 0.249219 0.288086 0.250781 0.290039 0.250781 0.291016 0.251563 0.291992 0.251563 0.292969 0.253125 0.294922 0.256250 0.294922 0.257031 0.293945 0.258594 0.293945 0.260937 0.291016 0.260937 0.290039 0.261719 0.289062 0.261719 0.288086 0.262500 0.287109 0.262500 0.285156 0.263281 0.284180 0.264062 0.284180 0.264844 0.283203 0.265625 0.283203 0.265625 0.258789 0.263281 0.258789 0.261719 0.256836 0.260937 0.256836 0.258594 0.253906 0.257812 0.253906 0.256250 0.251953 0.254688 0.251953 0.253906 0.250977 0.253125 0.250977 0.251563 0.249023
5 0.491406 0.790039 0.490625 0.791016 0.488281 0.791016 0.487500 0.791992 0.485156 0.791992 0.483594 0.793945 0.482812 0.793945 0.482031 0.794922 0.481250 0.794922 0.479687 0.796875 0.478906 0.796875 0.476562 0.799805 0.475781 0.799805 0.474219 0.801758 0.474219 0.802734 0.473438 0.803711 0.472656 0.803711 0.471094 0.805664 0.471094 0.806641 0.470313 0.807617 0.470313 0.808594 0.469531 0.809570 0.469531 0.810547 0.468750 0.811523 0.467969 0.811523 0.467969 0.840820 0.471094 0.844727 0.471094 0.845703 0.472656 0.847656 0.475000 0.847656 0.475781 0.848633 0.478125 0.848633 0.478906 0.847656 0.479687 0.847656 0.480469 0.846680 0.481250 0.846680 0.484375 0.842773 0.484375 0.841797 0.487500 0.837891 0.487500 0.836914 0.488281 0.835938 0.488281 0.834961 0.489844 0.833008 0.489844 0.832031 0.491406 0.830078 0.491406 0.829102 0.492188 0.828125 0.492188 0.827148 0.498437 0.819336 0.501563 0.819336 0.502344 0.820312 0.504687 0.820312 0.505469 0.821289 0.507812 0.821289 0.508594 0.822266 0.510156 0.822266 0.510938 0.823242 0.514062 0.823242 0.516406 0.820312 0.516406 0.797852 0.514062 0.794922 0.512500 0.794922 0.511719 0.793945 0.510156 0.793945 0.509375 0.792969 0.507031 0.792969 0.506250 0.791992 0.503906 0.791992 0.503125 0.791016 0.498437 0.791016 0.497656 0.790039 0.496875 0.791016 0.496094 0.791016 0.495312 0.790039
6 0.221875 0.777344 0.220312 0.779297 0.219531 0.779297 0.215625 0.784180 0.215625 0.785156 0.214844 0.786133 0.214844 0.792969 0.215625 0.793945 0.215625 0.794922 0.216406 0.795898 0.216406 0.796875 0.217188 0.797852 0.217188 0.798828 0.220312 0.802734 0.220312 0.805664 0.221094 0.806641 0.221094 0.809570 0.221875 0.810547 0.221875 0.812500 0.221094 0.813477 0.221094 0.814453 0.218750 0.817383 0.205469 0.817383 0.204687 0.818359 0.203906 0.818359 0.203906 0.819336 0.203125 0.820312 0.203125 0.821289 0.202344 0.822266 0.202344 0.823242 0.201563 0.824219 0.201563 0.833984 0.203906 0.836914 0.204687 0.836914 0.206250 0.838867 0.207031 0.838867 0.207813 0.839844 0.208594 0.839844 0.209375 0.840820 0.210156 0.840820 0.210938 0.841797 0.212500 0.841797 0.213281 0.842773 0.214844 0.842773 0.215625 0.843750 0.228125 0.843750 0.228906 0.842773 0.229687 0.842773 0.230469 0.841797 0.231250 0.841797 0.232031 0.840820 0.232813 0.840820 0.233594 0.839844 0.234375 0.839844 0.235156 0.838867 0.235937 0.838867 0.240625 0.833008 0.240625 0.832031 0.243750 0.828125 0.243750 0.827148 0.244531 0.826172 0.244531 0.825195 0.245312 0.824219 0.245312 0.823242 0.246094 0.822266 0.246094 0.821289 0.246875 0.820312 0.246875 0.799805 0.245312 0.797852 0.245312 0.796875 0.244531 0.795898 0.244531 0.794922 0.243750 0.793945 0.243750 0.792969 0.242969 0.791992 0.242969 0.791016 0.242188 0.790039 0.242188 0.789062 0.240625 0.787109 0.240625 0.786133 0.239844 0.785156 0.239844 0.784180 0.239063 0.783203 0.239063 0.782227 0.235156 0.777344
4 0.235156 0.180664 0.234375 0.181641 0.233594 0.181641 0.232031 0.183594 0.232031 0.184570 0.228906 0.188477 0.228906 0.189453 0.228125 0.190430 0.228125 0.191406 0.226562 0.193359 0.226562 0.195312 0.225781 0.196289 0.225781 0.198242 0.225000 0.199219 0.225000 0.200195 0.224219 0.201172 0.224219 0.216797 0.225781 0.218750 0.225781 0.221680 0.226562 0.222656 0.226562 0.225586 0.228906 0.228516 0.228906 0.229492 0.232031 0.233398 0.232031 0.234375 0.232813 0.234375 0.234375 0.236328 0.235156 0.236328 0.236719 0.238281 0.237500 0.238281 0.239063 0.240234 0.260937 0.240234 0.263281 0.237305 0.263281 0.236328 0.262500 0.235352 0.263281 0.234375 0.263281 0.231445 0.262500 0.230469 0.262500 0.229492 0.261719 0.228516 0.261719 0.227539 0.260937 0.226562 0.260937 0.225586 0.260156 0.224609 0.259375 0.224609 0.257812 0.222656 0.256250 0.222656 0.255469 0.221680 0.253906 0.221680 0.253125 0.220703 0.251563 0.220703 0.250781 0.219727 0.250000 0.219727 0.248438 0.217773 0.248438 0.216797 0.247656 0.215820 0.247656 0.214844 0.246875 0.213867 0.246875 0.212891 0.246094 0.211914 0.246094 0.208984 0.245312 0.208008 0.245312 0.206055 0.244531 0.205078 0.244531 0.204102 0.245312 0.203125 0.245312 0.201172 0.246094 0.200195 0.246094 0.199219 0.247656 0.197266 0.247656 0.196289 0.248438 0.195312 0.248438 0.193359 0.249219 0.192383 0.249219 0.182617 0.248438 0.181641 0.248438 0.180664
3 0.286719 0.033203 0.285938 0.034180 0.285156 0.034180 0.282031 0.038086 0.282031 0.039062 0.281250 0.040039 0.281250 0.041016 0.279687 0.042969 0.279687 0.043945 0.278125 0.045898 0.278125 0.079102 0.278906 0.080078 0.278906 0.082031 0.279687 0.083008 0.279687 0.083984 0.281250 0.085938 0.281250 0.087891 0.285156 0.092773 0.285156 0.093750 0.287500 0.096680 0.287500 0.097656 0.289844 0.100586 0.290625 0.100586 0.291406 0.101562 0.292187 0.101562 0.292969 0.102539 0.293750 0.102539 0.294531 0.103516 0.295312 0.103516 0.296094 0.104492 0.296875 0.104492 0.297656 0.105469 0.299219 0.105469 0.300000 0.106445 0.301563 0.106445 0.302344 0.107422 0.305469 0.107422 0.306250 0.108398 0.309375 0.108398 0.310156 0.109375 0.314063 0.109375 0.314844 0.110352 0.318750 0.110352 0.319531 0.109375 0.324219 0.109375 0.325781 0.107422 0.326562 0.107422 0.327344 0.106445 0.329688 0.106445 0.331250 0.104492 0.332031 0.104492 0.335156 0.100586 0.335938 0.100586 0.335938 0.070312 0.335156 0.070312 0.333594 0.068359 0.332813 0.068359 0.332031 0.067383 0.331250 0.067383 0.330469 0.066406 0.329688 0.066406 0.328906 0.065430 0.328125 0.065430 0.327344 0.064453 0.324219 0.064453 0.323437 0.065430 0.320312 0.065430 0.319531 0.066406 0.318750 0.066406 0.317969 0.067383 0.313281 0.067383 0.312500 0.068359 0.308594 0.068359 0.307812 0.067383 0.306250 0.067383 0.305469 0.066406 0.305469 0.065430 0.304688 0.064453 0.304688 0.062500 0.303906 0.061523 0.303906 0.059570 0.303125 0.058594 0.303125 0.057617 0.303906 0.056641 0.303906 0.053711 0.304688 0.052734 0.304688 0.048828 0.303906 0.047852 0.303906 0.044922 0.303125 0.043945 0.303125 0.041992 0.300781 0.039062 0.300781 0.038086 0.300000 0.037109 0.299219 0.037109 0.298438 0.036133 0.297656 0.036133 0.296875 0.035156 0.296094 0.035156 0.295312 0.034180 0.293750 0.034180 0.292969 0.033203
2 0.639062 0.074219 0.639062 0.075195 0.637500 0.077148 0.637500 0.078125 0.636719 0.079102 0.636719 0.081055 0.635938 0.082031 0.635938 0.083008 0.634375 0.084961 0.634375 0.099609 0.635938 0.101562 0.635938 0.102539 0.637500 0.104492 0.637500 0.105469 0.641406 0.110352 0.642188 0.110352 0.642969 0.111328 0.643750 0.111328 0.645312 0.113281 0.646094 0.113281 0.647656 0.115234 0.650000 0.115234 0.650781 0.116211 0.653125 0.116211 0.653906 0.117188 0.654687 0.117188 0.655469 0.118164 0.682813 0.118164 0.682813 0.116211 0.684375 0.114258 0.684375 0.113281 0.685937 0.111328 0.685937 0.110352 0.685156 0.109375 0.685156 0.105469 0.683594 0.103516 0.683594 0.102539 0.682813 0.101562 0.682031 0.101562 0.678906 0.097656 0.678125 0.097656 0.677344 0.096680 0.676562 0.096680 0.675781 0.095703 0.675000 0.095703 0.674219 0.094727 0.673438 0.094727 0.672656 0.093750 0.670312 0.093750 0.669531 0.092773 0.667188 0.092773 0.663281 0.087891 0.663281 0.086914 0.661719 0.084961 0.661719 0.083984 0.660937 0.083008 0.660937 0.082031 0.660156 0.081055 0.660156 0.080078 0.659375 0.079102 0.659375 0.077148 0.657813 0.075195 0.657813 0.074219
4 0.376563 0.228516 0.375781 0.229492 0.375000 0.229492 0.374219 0.230469 0.371094 0.230469 0.370312 0.231445 0.369531 0.231445 0.368750 0.232422 0.367969 0.232422 0.367188 0.233398 0.366406 0.233398 0.361719 0.239258 0.361719 0.240234 0.360938 0.241211 0.360938 0.250977 0.362500 0.252930 0.362500 0.253906 0.367969 0.260742 0.371094 0.260742 0.371875 0.259766 0.372656 0.259766 0.373437 0.258789 0.375000 0.258789 0.375781 0.257812 0.376563 0.257812 0.377344 0.256836 0.378125 0.256836 0.378906 0.255859 0.381250 0.255859 0.382031 0.254883 0.384375 0.254883 0.385156 0.255859 0.385937 0.255859 0.386719 0.256836 0.387500 0.256836 0.389062 0.258789 0.390625 0.258789 0.395313 0.264648 0.395313 0.266602 0.396094 0.267578 0.395313 0.268555 0.395313 0.271484 0.396094 0.272461 0.396094 0.274414 0.395313 0.275391 0.413281 0.275391 0.413281 0.274414 0.414062 0.273438 0.414062 0.271484 0.414844 0.270508 0.414844 0.265625 0.415625 0.264648 0.414844 0.263672 0.414844 0.262695 0.415625 0.261719 0.414844 0.260742 0.414844 0.255859 0.414062 0.254883 0.414062 0.253906 0.413281 0.252930 0.413281 0.251953 0.412500 0.250977 0.412500 0.250000 0.411719 0.249023 0.411719 0.247070 0.410938 0.246094 0.410938 0.245117 0.410156 0.244141 0.410156 0.243164 0.409375 0.242188 0.409375 0.241211 0.403906 0.234375 0.403125 0.234375 0.400000 0.230469 0.398438 0.230469 0.397656 0.229492 0.396875 0.229492 0.396094 0.228516
3 0.065625 0.281250 0.064062 0.283203 0.063281 0.283203 0.062500 0.284180 0.060937 0.284180 0.059375 0.286133 0.058594 0.286133 0.051562 0.294922 0.051562 0.309570 0.053906 0.312500 0.054688 0.312500 0.055469 0.313477 0.057031 0.313477 0.057813 0.314453 0.062500 0.314453 0.063281 0.313477 0.069531 0.313477 0.070312 0.312500 0.073438 0.312500 0.074219 0.313477 0.078125 0.313477 0.078906 0.314453 0.079687 0.314453 0.080469 0.315430 0.081250 0.315430 0.082031 0.316406 0.082812 0.316406 0.085156 0.319336 0.086719 0.319336 0.088281 0.321289 0.088281 0.322266 0.089063 0.323242 0.089844 0.323242 0.091406 0.325195 0.092969 0.325195 0.093750 0.326172 0.099219 0.326172 0.100000 0.325195 0.100781 0.325195 0.101562 0.324219 0.102344 0.324219 0.102344 0.303711 0.101562 0.302734 0.101562 0.301758 0.100781 0.300781 0.100781 0.299805 0.100000 0.298828 0.100000 0.297852 0.098437 0.295898 0.098437 0.294922 0.096094 0.291992 0.096094 0.291016 0.093750 0.288086 0.092969 0.288086 0.090625 0.285156 0.089844 0.285156 0.089063 0.284180 0.088281 0.284180 0.085938 0.281250
1 0.079687 0.154297 0.078125 0.156250 0.075000 0.156250 0.074219 0.157227 0.073438 0.157227 0.071875 0.159180 0.071875 0.160156 0.071094 0.161133 0.071094 0.165039 0.071875 0.166016 0.071094 0.166992 0.071094 0.168945 0.070312 0.169922 0.070312 0.172852 0.069531 0.173828 0.068750 0.173828 0.066406 0.176758 0.061719 0.176758 0.060937 0.175781 0.060156 0.175781 0.059375 0.174805 0.058594 0.174805 0.057813 0.173828 0.057813 0.172852 0.055469 0.169922 0.054688 0.169922 0.053906 0.168945 0.053125 0.169922 0.050781 0.169922 0.044531 0.177734 0.044531 0.178711 0.043750 0.179688 0.043750 0.197266 0.044531 0.198242 0.044531 0.199219 0.045312 0.200195 0.045312 0.201172 0.046094 0.202148 0.046875 0.202148 0.047656 0.203125 0.047656 0.204102 0.050781 0.208008 0.051562 0.208008 0.053125 0.209961 0.054688 0.209961 0.057031 0.212891 0.077344 0.212891 0.078906 0.210938 0.079687 0.210938 0.080469 0.209961 0.081250 0.209961 0.082812 0.208008 0.083594 0.208008 0.089063 0.201172 0.089063 0.200195 0.089844 0.199219 0.089844 0.198242 0.092188 0.195312 0.092188 0.194336 0.093750 0.192383 0.093750 0.191406 0.095312 0.189453 0.095312 0.186523 0.096875 0.184570 0.096875 0.179688 0.097656 0.178711 0.097656 0.171875 0.096875 0.170898 0.096875 0.163086 0.096094 0.162109 0.096094 0.160156 0.095312 0.159180 0.095312 0.156250 0.094531 0.155273 0.094531 0.154297
6 0.064062 0.251953 0.062500 0.253906 0.061719 0.253906 0.060937 0.254883 0.060156 0.254883 0.059375 0.255859 0.058594 0.255859 0.057813 0.256836 0.057031 0.256836 0.052344 0.262695 0.052344 0.263672 0.050781 0.265625 0.050781 0.272461 0.051562 0.273438 0.051562 0.274414 0.052344 0.275391 0.052344 0.276367 0.053906 0.278320 0.054688 0.278320 0.056250 0.280273 0.058594 0.280273 0.059375 0.281250 0.068750 0.281250 0.069531 0.282227 0.071094 0.282227 0.071875 0.283203 0.073438 0.283203 0.075000 0.285156 0.075781 0.285156 0.078125 0.288086 0.078125 0.295898 0.077344 0.296875 0.077344 0.299805 0.076563 0.300781 0.076563 0.302734 0.075781 0.303711 0.075781 0.306641 0.076563 0.307617 0.076563 0.308594 0.077344 0.309570 0.077344 0.310547 0.078125 0.311523 0.095312 0.311523 0.096094 0.310547 0.096094 0.309570 0.097656 0.307617 0.097656 0.306641 0.099219 0.304688 0.099219 0.302734 0.100781 0.300781 0.100781 0.299805 0.101562 0.298828 0.101562 0.296875 0.102344 0.295898 0.102344 0.294922 0.101562 0.293945 0.102344 0.292969 0.102344 0.291016 0.103125 0.290039 0.103125 0.273438 0.102344 0.272461 0.102344 0.270508 0.101562 0.269531 0.101562 0.267578 0.100781 0.266602 0.100781 0.265625 0.096094 0.259766 0.095312 0.259766 0.094531 0.258789 0.093750 0.258789 0.091406 0.255859 0.090625 0.255859 0.089063 0.253906 0.087500 0.253906 0.086719 0.252930 0.085938 0.252930 0.085156 0.251953
11 0.542969 0.868164 0.542188 0.869141 0.541406 0.869141 0.540625 0.870117 0.539844 0.870117 0.539062 0.871094 0.537500 0.871094 0.536719 0.872070 0.535937 0.872070 0.535156 0.873047 0.533594 0.873047 0.532813 0.874023 0.532031 0.874023 0.531250 0.875000 0.530469 0.875000 0.528906 0.876953 0.528125 0.876953 0.527344 0.877930 0.526563 0.877930 0.525781 0.878906 0.525000 0.878906 0.517188 0.888672 0.517188 0.889648 0.516406 0.890625 0.516406 0.891602 0.514844 0.893555 0.514844 0.894531 0.514062 0.895508 0.514062 0.924805 0.514844 0.924805 0.516406 0.926758 0.516406 0.927734 0.517188 0.928711 0.517969 0.928711 0.519531 0.930664 0.521094 0.930664 0.522656 0.932617 0.524219 0.932617 0.525000 0.933594 0.525781 0.932617 0.527344 0.932617 0.528125 0.933594 0.529687 0.933594 0.530469 0.934570 0.532031 0.934570 0.532813 0.933594 0.535156 0.933594 0.535937 0.932617 0.536719 0.932617 0.537500 0.931641 0.538281 0.931641 0.539844 0.929688 0.539844 0.928711 0.543750 0.923828 0.544531 0.923828 0.545312 0.922852 0.546875 0.922852 0.547656 0.923828 0.549219 0.923828 0.550000 0.924805 0.552344 0.924805 0.553125 0.925781 0.554688 0.925781 0.555469 0.926758 0.557031 0.926758 0.558594 0.928711 0.560937 0.928711 0.561719 0.929688 0.562500 0.928711 0.563281 0.928711 0.564063 0.929688 0.569531 0.929688 0.570312 0.928711 0.571094 0.928711 0.571875 0.927734 0.573438 0.927734 0.574219 0.926758 0.575781 0.926758 0.576562 0.925781 0.577344 0.925781 0.578906 0.923828 0.579688 0.923828 0.580469 0.922852 0.581250 0.922852 0.586719 0.916016 0.586719 0.888672 0.582031 0.882812 0.582031 0.881836 0.580469 0.879883 0.579688 0.879883 0.576562 0.875977 0.576562 0.875000 0.575781 0.874023 0.575000 0.874023 0.574219 0.873047 0.571875 0.873047 0.571094 0.872070 0.568750 0.872070 0.567969 0.871094 0.566406 0.871094 0.565625 0.870117 0.563281 0.870117 0.562500 0.869141 0.560937 0.869141 0.560156 0.868164
3 0.227344 0.053711 0.226562 0.054688 0.224219 0.054688 0.223438 0.055664 0.220312 0.055664 0.219531 0.056641 0.219531 0.058594 0.217969 0.060547 0.217969 0.061523 0.216406 0.063477 0.216406 0.065430 0.215625 0.066406 0.215625 0.099609 0.217188 0.101562 0.217188 0.103516 0.218750 0.105469 0.218750 0.106445 0.220312 0.108398 0.220312 0.109375 0.222656 0.112305 0.222656 0.113281 0.228125 0.120117 0.242188 0.120117 0.242188 0.119141 0.243750 0.117188 0.243750 0.115234 0.244531 0.114258 0.244531 0.106445 0.242969 0.104492 0.242969 0.101562 0.242188 0.100586 0.242188 0.099609 0.241406 0.098633 0.241406 0.096680 0.240625 0.095703 0.240625 0.094727 0.239844 0.093750 0.239844 0.088867 0.240625 0.087891 0.240625 0.083984 0.241406 0.083008 0.241406 0.082031 0.243750 0.079102 0.244531 0.079102 0.246094 0.077148 0.246875 0.077148 0.247656 0.076172 0.249219 0.076172 0.250000 0.075195 0.250781 0.075195 0.251563 0.074219 0.253125 0.074219 0.253906 0.073242 0.254688 0.073242 0.255469 0.072266 0.256250 0.072266 0.257812 0.070312 0.257812 0.069336 0.258594 0.068359 0.258594 0.066406 0.259375 0.065430 0.259375 0.064453 0.258594 0.063477 0.258594 0.059570 0.257031 0.057617 0.257031 0.056641 0.256250 0.055664 0.256250 0.054688 0.255469 0.053711
2 0.132031 0.704102 0.130469 0.706055 0.129688 0.706055 0.128906 0.707031 0.128125 0.707031 0.127344 0.708008 0.126562 0.708008 0.121875 0.713867 0.121875 0.714844 0.121094 0.715820 0.121094 0.716797 0.118750 0.719727 0.118750 0.733398 0.122656 0.738281 0.123438 0.738281 0.124219 0.739258 0.125000 0.739258 0.126562 0.741211 0.132031 0.741211 0.132812 0.740234 0.133594 0.740234 0.134375 0.739258 0.135937 0.739258 0.136719 0.738281 0.139063 0.738281 0.139844 0.737305 0.143750 0.737305 0.144531 0.738281 0.145313 0.738281 0.146094 0.739258 0.146875 0.739258 0.147656 0.740234 0.148438 0.740234 0.149219 0.741211 0.150000 0.741211 0.153125 0.745117 0.153125 0.746094 0.153906 0.747070 0.153906 0.749023 0.154688 0.750000 0.154688 0.751953 0.155469 0.752930 0.155469 0.754883 0.156250 0.755859 0.156250 0.756836 0.157031 0.757812 0.157031 0.758789 0.157812 0.759766 0.157812 0.760742 0.159375 0.762695 0.171094 0.762695 0.172656 0.760742 0.172656 0.759766 0.174219 0.757812 0.174219 0.753906 0.175000 0.752930 0.175000 0.737305 0.174219 0.736328 0.174219 0.734375 0.173437 0.733398 0.173437 0.731445 0.172656 0.730469 0.172656 0.727539 0.171875 0.726562 0.171875 0.725586 0.168750 0.721680 0.168750 0.720703 0.167187 0.718750 0.166406 0.718750 0.165625 0.717773 0.164844 0.717773 0.158594 0.709961 0.157812 0.709961 0.155469 0.707031 0.154688 0.707031 0.153906 0.706055 0.153125 0.706055 0.152344 0.705078 0.151562 0.705078 0.150781 0.704102
7 0.507031 0.532227 0.507031 0.533203 0.505469 0.535156 0.505469 0.550781 0.507812 0.553711 0.507812 0.555664 0.511719 0.560547 0.512500 0.560547 0.513281 0.561523 0.514062 0.561523 0.515625 0.563477 0.517188 0.563477 0.517969 0.564453 0.538281 0.564453 0.539844 0.562500 0.540625 0.562500 0.541406 0.561523 0.542188 0.561523 0.544531 0.558594 0.545312 0.558594 0.546094 0.557617 0.546094 0.556641 0.547656 0.554688 0.547656 0.539062 0.546875 0.538086 0.546094 0.538086 0.542969 0.534180 0.541406 0.534180 0.540625 0.533203 0.537500 0.533203 0.536719 0.534180 0.535937 0.534180 0.535156 0.535156 0.533594 0.535156 0.532813 0.536133 0.532031 0.536133 0.531250 0.537109 0.529687 0.537109 0.528906 0.538086 0.528125 0.538086 0.527344 0.539062 0.526563 0.539062 0.525781 0.538086 0.525000 0.538086 0.523438 0.536133 0.521094 0.536133 0.520312 0.535156 0.519531 0.535156 0.518750 0.534180 0.517969 0.534180 0.516406 0.532227
2 0.580469 0.661133 0.578125 0.664062 0.578125 0.665039 0.577344 0.666016 0.577344 0.666992 0.576562 0.667969 0.576562 0.673828 0.577344 0.674805 0.577344 0.676758 0.580469 0.680664 0.581250 0.680664 0.582812 0.682617 0.583594 0.682617 0.584375 0.683594 0.587500 0.683594 0.588281 0.684570 0.589844 0.684570 0.590625 0.685547 0.596094 0.685547 0.599219 0.689453 0.599219 0.690430 0.600000 0.691406 0.600000 0.692383 0.600781 0.693359 0.600781 0.694336 0.599219 0.696289 0.598437 0.696289 0.595313 0.700195 0.592969 0.700195 0.592187 0.701172 0.590625 0.701172 0.589844 0.702148 0.588281 0.702148 0.587500 0.703125 0.586719 0.703125 0.584375 0.706055 0.583594 0.706055 0.582031 0.708008 0.582031 0.708984 0.581250 0.709961 0.581250 0.714844 0.582031 0.715820 0.582031 0.716797 0.582812 0.717773 0.582812 0.718750 0.589063 0.726562 0.601562 0.726562 0.602344 0.725586 0.603125 0.725586 0.603906 0.724609 0.604688 0.724609 0.605469 0.723633 0.605469 0.722656 0.606250 0.721680 0.607031 0.721680 0.609375 0.718750 0.609375 0.717773 0.610156 0.716797 0.610156 0.715820 0.610938 0.714844 0.610938 0.712891 0.612500 0.710938 0.612500 0.707031 0.613281 0.706055 0.613281 0.705078 0.614844 0.703125 0.614844 0.681641 0.608594 0.673828 0.608594 0.672852 0.601562 0.664062 0.600781 0.664062 0.599219 0.662109 0.598437 0.662109 0.597656 0.661133
4 0.766406 0.792969 0.764062 0.795898 0.764062 0.796875 0.763281 0.797852 0.763281 0.798828 0.762500 0.799805 0.762500 0.823242 0.763281 0.824219 0.763281 0.826172 0.764062 0.827148 0.764062 0.828125 0.764844 0.829102 0.764844 0.830078 0.768750 0.834961 0.769531 0.834961 0.774219 0.840820 0.775000 0.840820 0.776563 0.842773 0.777344 0.842773 0.778125 0.843750 0.778906 0.843750 0.779687 0.844727 0.780469 0.844727 0.781250 0.845703 0.782031 0.845703 0.782813 0.846680 0.783594 0.846680 0.784375 0.847656 0.803125 0.847656 0.803906 0.846680 0.804688 0.846680 0.806250 0.844727 0.807031 0.844727 0.808594 0.842773 0.808594 0.841797 0.811719 0.837891 0.811719 0.827148 0.807813 0.822266 0.807031 0.822266 0.806250 0.821289 0.804688 0.821289 0.803906 0.820312 0.800781 0.820312 0.800000 0.821289 0.796094 0.821289 0.795312 0.822266 0.789062 0.822266 0.788281 0.821289 0.786719 0.821289 0.785937 0.820312 0.785156 0.820312 0.780469 0.814453 0.780469 0.813477 0.778906 0.811523 0.778906 0.809570 0.778125 0.808594 0.778125 0.806641 0.777344 0.805664 0.777344 0.802734 0.776563 0.801758 0.776563 0.798828 0.775781 0.797852 0.775781 0.795898 0.775000 0.794922 0.775000 0.793945 0.774219 0.792969