11 0.925000 0.115234 0.923438 0.117188 0.922656 0.117188 0.921875 0.118164 0.921094 0.118164 0.917969 0.122070 0.917188 0.122070 0.916406 0.123047 0.916406 0.124023 0.914844 0.125977 0.914062 0.125977 0.913281 0.126953 0.913281 0.127930 0.909375 0.132812 0.909375 0.133789 0.907813 0.135742 0.907813 0.136719 0.907031 0.137695 0.907031 0.138672 0.906250 0.139648 0.906250 0.140625 0.905469 0.141602 0.905469 0.173828 0.906250 0.174805 0.906250 0.175781 0.907031 0.176758 0.907031 0.177734 0.907813 0.178711 0.907813 0.180664 0.908594 0.181641 0.908594 0.184570 0.909375 0.185547 0.909375 0.186523 0.910156 0.187500 0.910156 0.188477 0.911719 0.190430 0.912500 0.190430 0.917969 0.197266 0.917969 0.199219 0.918750 0.200195 0.918750 0.203125 0.919531 0.204102 0.919531 0.207031 0.920312 0.208008 0.945312 0.208008 0.946094 0.207031 0.947656 0.207031 0.948438 0.206055 0.950781 0.206055 0.952344 0.204102 0.953906 0.204102 0.955469 0.202148 0.956250 0.202148 0.958594 0.199219 0.958594 0.198242 0.960156 0.196289 0.960156 0.195312 0.960938 0.194336 0.960938 0.193359 0.961719 0.192383 0.961719 0.191406 0.962500 0.190430 0.962500 0.188477 0.963281 0.187500 0.963281 0.179688 0.962500 0.178711 0.962500 0.175781 0.961719 0.174805 0.961719 0.171875 0.960938 0.170898 0.960938 0.168945 0.957031 0.164062 0.956250 0.164062 0.955469 0.163086 0.954688 0.163086 0.953906 0.162109 0.953125 0.162109 0.951562 0.160156 0.951562 0.158203 0.952344 0.157227 0.952344 0.156250 0.955469 0.152344 0.955469 0.151367 0.956250 0.150391 0.956250 0.149414 0.960938 0.143555 0.960938 0.131836 0.960156 0.130859 0.960156 0.129883 0.958594 0.127930 0.958594 0.126953 0.954688 0.122070 0.953906 0.122070 0.948438 0.115234
1 0.087500 0.874023 0.086719 0.875000 0.085938 0.875000 0.085156 0.875977 0.084375 0.875977 0.083594 0.876953 0.080469 0.876953 0.079687 0.877930 0.078906 0.877930 0.077344 0.879883 0.076563 0.879883 0.075781 0.880859 0.075000 0.880859 0.070312 0.886719 0.070312 0.887695 0.064844 0.894531 0.064844 0.895508 0.063281 0.897461 0.063281 0.898438 0.061719 0.900391 0.061719 0.901367 0.060937 0.902344 0.060937 0.930664 0.064062 0.934570 0.064062 0.935547 0.067187 0.939453 0.067969 0.939453 0.069531 0.941406 0.070312 0.941406 0.071094 0.942383 0.073438 0.942383 0.074219 0.943359 0.076563 0.943359 0.077344 0.942383 0.079687 0.942383 0.081250 0.940430 0.082031 0.940430 0.084375 0.937500 0.084375 0.936523 0.085156 0.935547 0.085156 0.929688 0.085938 0.928711 0.085938 0.926758 0.086719 0.925781 0.086719 0.919922 0.087500 0.918945 0.087500 0.916992 0.090625 0.913086 0.093750 0.913086 0.094531 0.914062 0.096094 0.914062 0.096875 0.915039 0.099219 0.915039 0.100000 0.916016 0.101562 0.916016 0.102344 0.916992 0.107031 0.916992 0.107813 0.917969 0.110937 0.917969 0.111719 0.916992 0.112500 0.916992 0.115625 0.913086 0.116406 0.913086 0.117188 0.912109 0.119531 0.912109 0.119531 0.887695 0.117188 0.884766 0.116406 0.884766 0.114062 0.881836 0.113281 0.881836 0.112500 0.880859 0.111719 0.880859 0.110156 0.878906 0.109375 0.878906 0.108594 0.877930 0.107813 0.877930 0.107031 0.876953 0.105469 0.876953 0.104688 0.875977 0.102344 0.875977 0.101562 0.875000 0.100781 0.875000 0.100000 0.874023 0.089844 0.874023 0.089063 0.875000 0.088281 0.874023
1 0.861719 0.827148 0.860156 0.829102 0.859375 0.829102 0.858594 0.830078 0.857812 0.830078 0.856250 0.832031 0.855469 0.832031 0.854688 0.833008 0.853906 0.833008 0.852344 0.834961 0.851562 0.834961 0.849219 0.837891 0.848437 0.837891 0.845313 0.841797 0.845313 0.859375 0.846094 0.859375 0.848437 0.862305 0.853906 0.862305 0.854688 0.861328 0.856250 0.861328 0.857031 0.862305 0.859375 0.862305 0.860156 0.861328 0.863281 0.861328 0.864062 0.862305 0.866406 0.862305 0.867188 0.863281 0.867969 0.863281 0.870313 0.866211 0.871094 0.866211 0.871875 0.867188 0.871875 0.868164 0.874219 0.871094 0.874219 0.872070 0.876563 0.875000 0.878125 0.875000 0.878906 0.875977 0.881250 0.875977 0.882031 0.875000 0.883594 0.875000 0.884375 0.874023 0.885156 0.874023 0.885938 0.873047 0.887500 0.873047 0.888281 0.872070 0.889062 0.872070 0.894531 0.865234 0.894531 0.843750 0.893750 0.843750 0.892969 0.842773 0.892969 0.840820 0.892188 0.839844 0.892188 0.838867 0.890625 0.836914 0.890625 0.835938 0.889844 0.835938 0.887500 0.833008 0.886719 0.833008 0.885156 0.831055 0.884375 0.831055 0.883594 0.830078 0.882812 0.830078 0.882031 0.829102 0.878906 0.829102 0.878125 0.828125 0.876563 0.828125 0.875781 0.827148
8 0.518750 0.873047 0.518750 0.874023 0.517188 0.875977 0.517188 0.876953 0.516406 0.877930 0.516406 0.880859 0.514844 0.882812 0.514844 0.884766 0.514062 0.885742 0.514062 0.897461 0.514844 0.898438 0.514844 0.899414 0.515625 0.900391 0.515625 0.902344 0.516406 0.903320 0.516406 0.904297 0.522656 0.912109 0.523438 0.912109 0.524219 0.913086 0.524219 0.914062 0.525000 0.914062 0.527344 0.916992 0.528125 0.916992 0.528906 0.917969 0.530469 0.917969 0.531250 0.918945 0.532031 0.918945 0.532813 0.919922 0.534375 0.919922 0.535156 0.920898 0.545312 0.920898 0.546094 0.919922 0.548438 0.919922 0.549219 0.918945 0.550781 0.918945 0.551562 0.917969 0.552344 0.917969 0.553125 0.916992 0.553906 0.916992 0.554688 0.916016 0.555469 0.916016 0.557031 0.914062 0.557813 0.914062 0.563281 0.907227 0.564063 0.907227 0.566406 0.904297 0.566406 0.895508 0.564844 0.893555 0.564063 0.893555 0.562500 0.891602 0.553125 0.891602 0.552344 0.892578 0.551562 0.892578 0.550781 0.893555 0.548438 0.893555 0.547656 0.894531 0.546875 0.893555 0.546094 0.894531 0.545312 0.894531 0.544531 0.893555 0.543750 0.893555 0.542969 0.892578 0.542188 0.892578 0.538281 0.887695 0.538281 0.886719 0.537500 0.886719 0.536719 0.885742 0.536719 0.883789 0.535937 0.882812 0.535937 0.881836 0.534375 0.879883 0.534375 0.873047
5 0.722656 0.602539 0.721875 0.603516 0.721875 0.631836 0.732031 0.644531 0.732031 0.645508 0.732812 0.646484 0.733594 0.646484 0.734375 0.647461 0.735156 0.647461 0.735938 0.648438 0.737500 0.648438 0.738281 0.649414 0.739062 0.649414 0.739844 0.650391 0.740625 0.650391 0.741406 0.651367 0.742188 0.651367 0.742969 0.652344 0.744531 0.652344 0.745313 0.653320 0.746875 0.653320 0.747656 0.654297 0.750000 0.654297 0.750781 0.655273 0.755469 0.655273 0.756250 0.654297 0.757031 0.654297 0.757812 0.655273 0.758594 0.655273 0.759375 0.654297 0.760156 0.654297 0.760938 0.653320 0.763281 0.653320 0.764062 0.652344 0.765625 0.652344 0.766406 0.651367 0.768750 0.651367 0.770312 0.649414 0.771094 0.649414 0.771875 0.648438 0.772656 0.648438 0.773438 0.647461 0.774219 0.647461 0.777344 0.643555 0.777344 0.620117 0.776563 0.620117 0.775000 0.618164 0.773438 0.618164 0.772656 0.617188 0.767188 0.617188 0.766406 0.618164 0.764844 0.618164 0.764062 0.619141 0.761719 0.619141 0.760938 0.620117 0.760156 0.620117 0.758594 0.622070 0.756250 0.622070 0.755469 0.623047 0.753906 0.623047 0.753125 0.624023 0.748437 0.624023 0.747656 0.623047 0.746875 0.623047 0.746094 0.622070 0.746094 0.621094 0.745313 0.620117 0.745313 0.618164 0.743750 0.616211 0.743750 0.615234 0.738281 0.608398 0.737500 0.608398 0.735156 0.605469 0.733594 0.605469 0.732812 0.604492 0.732031 0.604492 0.731250 0.603516 0.726562 0.603516 0.725781 0.602539 0.725000 0.603516 0.724219 0.602539
1 0.454688 0.858398 0.453125 0.860352 0.452344 0.860352 0.451562 0.861328 0.451562 0.862305 0.450000 0.864258 0.449219 0.864258 0.448437 0.865234 0.448437 0.868164 0.447656 0.869141 0.447656 0.871094 0.446875 0.872070 0.447656 0.873047 0.447656 0.878906 0.448437 0.879883 0.448437 0.882812 0.449219 0.883789 0.449219 0.884766 0.450000 0.885742 0.450000 0.887695 0.451562 0.889648 0.451562 0.890625 0.452344 0.891602 0.452344 0.892578 0.453125 0.893555 0.453906 0.893555 0.454688 0.894531 0.454688 0.895508 0.460156 0.902344 0.460938 0.902344 0.462500 0.904297 0.463281 0.904297 0.464062 0.905273 0.464844 0.905273 0.466406 0.907227 0.467969 0.907227 0.468750 0.908203 0.485938 0.908203 0.487500 0.906250 0.488281 0.906250 0.489063 0.905273 0.489844 0.905273 0.491406 0.903320 0.492188 0.903320 0.497656 0.896484 0.497656 0.895508 0.498437 0.894531 0.498437 0.893555 0.499219 0.892578 0.499219 0.867188 0.496094 0.863281 0.495312 0.863281 0.494531 0.862305 0.489844 0.862305 0.489063 0.863281 0.487500 0.863281 0.486719 0.864258 0.485938 0.864258 0.482812 0.868164 0.482812 0.869141 0.482031 0.870117 0.482031 0.871094 0.480469 0.873047 0.478906 0.873047 0.478125 0.874023 0.477344 0.874023 0.476562 0.873047 0.474219 0.873047 0.473438 0.872070 0.472656 0.872070 0.470313 0.869141 0.470313 0.868164 0.469531 0.867188 0.469531 0.866211 0.468750 0.865234 0.468750 0.864258 0.467969 0.863281 0.467969 0.862305 0.465625 0.859375 0.465625 0.858398
8 0.623437 0.310547 0.622656 0.311523 0.621875 0.311523 0.621094 0.312500 0.620313 0.312500 0.619531 0.313477 0.618750 0.313477 0.617969 0.314453 0.617188 0.314453 0.615625 0.316406 0.614062 0.316406 0.612500 0.318359 0.611719 0.318359 0.610938 0.319336 0.610156 0.319336 0.610156 0.338867 0.610938 0.338867 0.611719 0.339844 0.611719 0.340820 0.612500 0.341797 0.613281 0.341797 0.614062 0.342773 0.614844 0.342773 0.615625 0.343750 0.616406 0.343750 0.617188 0.344727 0.620313 0.344727 0.621094 0.345703 0.629687 0.345703 0.631250 0.347656 0.631250 0.348633 0.632031 0.349609 0.632031 0.353516 0.632812 0.354492 0.632812 0.355469 0.632031 0.356445 0.632031 0.366211 0.631250 0.367188 0.632031 0.368164 0.632031 0.372070 0.632812 0.373047 0.632812 0.375000 0.633594 0.375977 0.633594 0.376953 0.635938 0.379883 0.635938 0.380859 0.643750 0.380859 0.644531 0.379883 0.645312 0.379883 0.646094 0.378906 0.646875 0.378906 0.647656 0.377930 0.647656 0.376953 0.650000 0.374023 0.650000 0.373047 0.650781 0.372070 0.650781 0.371094 0.652344 0.369141 0.652344 0.368164 0.653906 0.366211 0.653906 0.365234 0.654687 0.364258 0.654687 0.362305 0.655469 0.361328 0.655469 0.360352 0.656250 0.359375 0.656250 0.333984 0.654687 0.332031 0.654687 0.331055 0.653906 0.330078 0.653906 0.329102 0.653125 0.328125 0.653125 0.327148 0.651563 0.325195 0.651563 0.324219 0.650781 0.324219 0.650000 0.323242 0.650000 0.322266 0.645312 0.316406 0.644531 0.316406 0.642969 0.314453 0.642188 0.314453 0.641406 0.313477 0.639062 0.313477 0.638281 0.312500 0.637500 0.312500 0.636719 0.311523 0.635156 0.311523 0.634375 0.310547
0 0.868750 0.060547 0.868750 0.065430 0.867969 0.066406 0.867969 0.068359 0.865625 0.071289 0.860938 0.071289 0.860156 0.072266 0.858594 0.072266 0.857812 0.073242 0.857031 0.073242 0.856250 0.072266 0.855469 0.072266 0.854688 0.073242 0.850000 0.073242 0.849219 0.074219 0.847656 0.074219 0.846875 0.075195 0.842969 0.075195 0.842187 0.074219 0.835938 0.074219 0.835156 0.075195 0.832812 0.075195 0.832812 0.086914 0.833594 0.086914 0.834375 0.087891 0.835156 0.087891 0.835938 0.088867 0.836719 0.088867 0.837500 0.089844 0.838281 0.089844 0.839063 0.090820 0.839844 0.090820 0.840625 0.091797 0.842187 0.091797 0.842969 0.092773 0.844531 0.092773 0.845313 0.093750 0.848437 0.093750 0.849219 0.094727 0.850781 0.094727 0.851562 0.095703 0.853125 0.095703 0.853906 0.096680 0.855469 0.096680 0.856250 0.097656 0.868750 0.097656 0.869531 0.098633 0.870313 0.098633 0.871094 0.097656 0.873437 0.097656 0.874219 0.096680 0.875781 0.096680 0.876563 0.095703 0.878906 0.095703 0.879687 0.094727 0.881250 0.094727 0.884375 0.090820 0.885156 0.090820 0.885156 0.089844 0.887500 0.086914 0.887500 0.085938 0.889062 0.083984 0.889062 0.068359 0.888281 0.067383 0.888281 0.066406 0.887500 0.065430 0.887500 0.062500 0.886719 0.061523 0.886719 0.060547
10 0.677344 0.869141 0.677344 0.870117 0.676562 0.871094 0.676562 0.872070 0.675781 0.873047 0.675781 0.875000 0.675000 0.875977 0.675000 0.885742 0.675781 0.886719 0.675781 0.893555 0.673438 0.896484 0.673438 0.897461 0.672656 0.898438 0.671875 0.898438 0.671875 0.899414 0.671094 0.900391 0.670312 0.900391 0.669531 0.901367 0.664062 0.901367 0.663281 0.900391 0.660937 0.900391 0.659375 0.902344 0.659375 0.904297 0.658594 0.905273 0.658594 0.906250 0.657813 0.907227 0.657813 0.908203 0.654687 0.912109 0.654687 0.913086 0.653906 0.914062 0.653906 0.915039 0.653125 0.916016 0.653906 0.916992 0.653906 0.917969 0.655469 0.919922 0.655469 0.920898 0.656250 0.921875 0.657031 0.921875 0.659375 0.924805 0.660156 0.924805 0.661719 0.926758 0.682813 0.926758 0.683594 0.925781 0.685156 0.925781 0.687500 0.922852 0.689063 0.922852 0.696094 0.914062 0.696094 0.913086 0.697656 0.911133 0.697656 0.909180 0.699219 0.907227 0.699219 0.905273 0.700000 0.904297 0.700000 0.902344 0.700781 0.901367 0.700781 0.885742 0.700000 0.884766 0.700000 0.882812 0.699219 0.881836 0.699219 0.880859 0.696875 0.877930 0.696875 0.876953 0.694531 0.874023 0.694531 0.873047 0.693750 0.872070 0.692969 0.872070 0.690625 0.869141
4 0.321094 0.314453 0.320312 0.315430 0.319531 0.315430 0.310937 0.326172 0.310937 0.327148 0.310156 0.328125 0.310156 0.329102 0.309375 0.330078 0.309375 0.331055 0.308594 0.332031 0.308594 0.333008 0.307812 0.333984 0.307812 0.334961 0.307031 0.335938 0.307031 0.338867 0.306250 0.339844 0.306250 0.341797 0.305469 0.342773 0.305469 0.344727 0.304688 0.345703 0.304688 0.347656 0.303906 0.348633 0.303906 0.350586 0.303125 0.351562 0.303125 0.356445 0.303906 0.357422 0.303906 0.362305 0.304688 0.363281 0.304688 0.365234 0.305469 0.366211 0.305469 0.367188 0.307031 0.369141 0.307031 0.370117 0.322656 0.370117 0.322656 0.369141 0.323437 0.368164 0.323437 0.365234 0.324219 0.364258 0.323437 0.363281 0.323437 0.362305 0.324219 0.361328 0.324219 0.353516 0.325000 0.352539 0.325000 0.351562 0.325781 0.350586 0.325781 0.349609 0.326562 0.348633 0.326562 0.345703 0.327344 0.344727 0.327344 0.343750 0.330469 0.339844 0.332813 0.339844 0.333594 0.338867 0.334375 0.339844 0.335938 0.339844 0.336719 0.340820 0.339062 0.340820 0.339844 0.341797 0.345313 0.341797 0.346094 0.340820 0.346875 0.340820 0.350000 0.336914 0.350000 0.333984 0.350781 0.333008 0.350781 0.332031 0.351562 0.331055 0.351562 0.330078 0.352344 0.329102 0.352344 0.328125 0.353125 0.327148 0.353125 0.320312 0.351562 0.318359 0.351562 0.317383 0.349219 0.314453
0 0.586719 0.825195 0.585938 0.826172 0.584375 0.826172 0.583594 0.827148 0.582031 0.827148 0.578906 0.831055 0.578906 0.832031 0.577344 0.833984 0.577344 0.841797 0.578906 0.843750 0.578906 0.844727 0.579688 0.844727 0.584375 0.850586 0.584375 0.851562 0.585156 0.852539 0.585156 0.853516 0.586719 0.855469 0.586719 0.857422 0.587500 0.858398 0.587500 0.863281 0.586719 0.864258 0.586719 0.865234 0.585938 0.866211 0.585938 0.869141 0.582031 0.874023 0.582031 0.875000 0.581250 0.875977 0.581250 0.876953 0.580469 0.877930 0.580469 0.878906 0.581250 0.879883 0.581250 0.881836 0.582031 0.882812 0.582031 0.884766 0.582812 0.885742 0.582812 0.886719 0.584375 0.888672 0.584375 0.889648 0.600781 0.889648 0.606250 0.882812 0.606250 0.881836 0.607812 0.879883 0.607812 0.878906 0.609375 0.876953 0.609375 0.875977 0.610156 0.875000 0.610156 0.874023 0.611719 0.872070 0.611719 0.870117 0.612500 0.869141 0.612500 0.848633 0.611719 0.847656 0.611719 0.845703 0.610938 0.844727 0.610938 0.843750 0.609375 0.841797 0.609375 0.839844 0.607031 0.836914 0.607031 0.835938 0.606250 0.834961 0.605469 0.834961 0.603125 0.832031 0.602344 0.832031 0.601562 0.831055 0.600781 0.831055 0.600000 0.830078 0.599219 0.830078 0.598437 0.829102 0.597656 0.829102 0.596875 0.828125 0.596094 0.828125 0.595313 0.827148 0.594531 0.827148 0.592969 0.825195
8 0.256250 0.234375 0.255469 0.235352 0.253906 0.235352 0.253125 0.236328 0.251563 0.236328 0.251563 0.257812 0.253125 0.257812 0.253906 0.258789 0.254688 0.258789 0.255469 0.259766 0.256250 0.259766 0.257031 0.260742 0.257812 0.260742 0.258594 0.261719 0.259375 0.261719 0.260156 0.262695 0.263281 0.262695 0.264844 0.264648 0.265625 0.264648 0.266406 0.265625 0.266406 0.267578 0.267188 0.268555 0.266406 0.269531 0.266406 0.275391 0.265625 0.276367 0.265625 0.279297 0.266406 0.280273 0.266406 0.282227 0.273438 0.291016 0.278906 0.291016 0.279687 0.290039 0.281250 0.290039 0.282031 0.289062 0.282813 0.289062 0.288281 0.282227 0.288281 0.281250 0.289844 0.279297 0.289844 0.254883 0.289062 0.253906 0.289062 0.252930 0.286719 0.250000 0.286719 0.249023 0.282031 0.243164 0.281250 0.243164 0.278125 0.239258 0.277344 0.239258 0.276562 0.238281 0.275000 0.238281 0.274219 0.237305 0.272656 0.237305 0.271875 0.236328 0.270313 0.236328 0.269531 0.235352 0.267188 0.235352 0.266406 0.234375
4 0.364844 0.172852 0.364844 0.173828 0.363281 0.175781 0.362500 0.175781 0.361719 0.176758 0.360938 0.176758 0.355469 0.183594 0.355469 0.185547 0.354687 0.186523 0.354687 0.187500 0.353906 0.188477 0.353906 0.189453 0.353125 0.190430 0.353125 0.191406 0.352344 0.192383 0.352344 0.193359 0.351562 0.194336 0.351562 0.220703 0.352344 0.221680 0.352344 0.222656 0.353125 0.223633 0.353125 0.225586 0.354687 0.227539 0.354687 0.228516 0.356250 0.230469 0.356250 0.231445 0.357031 0.232422 0.357031 0.233398 0.357812 0.234375 0.357812 0.235352 0.362500 0.241211 0.363281 0.241211 0.364844 0.243164 0.365625 0.243164 0.366406 0.244141 0.367188 0.244141 0.367969 0.245117 0.376563 0.245117 0.376563 0.244141 0.377344 0.243164 0.377344 0.242188 0.378125 0.241211 0.378125 0.240234 0.378906 0.239258 0.378906 0.237305 0.379688 0.236328 0.379688 0.232422 0.378906 0.231445 0.378906 0.230469 0.378125 0.229492 0.378125 0.228516 0.377344 0.227539 0.377344 0.226562 0.376563 0.225586 0.376563 0.224609 0.375781 0.223633 0.375781 0.222656 0.375000 0.221680 0.375000 0.220703 0.374219 0.219727 0.374219 0.218750 0.373437 0.217773 0.373437 0.214844 0.372656 0.213867 0.372656 0.210938 0.371875 0.209961 0.371875 0.206055 0.372656 0.205078 0.372656 0.202148 0.373437 0.201172 0.373437 0.200195 0.374219 0.199219 0.374219 0.198242 0.376563 0.195312 0.377344 0.195312 0.378125 0.194336 0.378906 0.194336 0.379688 0.193359 0.381250 0.193359 0.382812 0.191406 0.383594 0.191406 0.385156 0.189453 0.385156 0.188477 0.385937 0.187500 0.385937 0.177734 0.382812 0.173828 0.382812 0.172852
7 0.245312 0.545898 0.240625 0.551758 0.240625 0.552734 0.239844 0.553711 0.239844 0.554688 0.238281 0.556641 0.238281 0.557617 0.236719 0.559570 0.236719 0.560547 0.233594 0.564453 0.232813 0.564453 0.232813 0.565430 0.230469 0.568359 0.228125 0.568359 0.227344 0.569336 0.221875 0.569336 0.221094 0.570312 0.220312 0.570312 0.220312 0.586914 0.221875 0.588867 0.222656 0.588867 0.223438 0.589844 0.223438 0.590820 0.224219 0.590820 0.225000 0.591797 0.225781 0.591797 0.226562 0.592773 0.227344 0.592773 0.228125 0.593750 0.228906 0.593750 0.229687 0.594727 0.239063 0.594727 0.239844 0.593750 0.242969 0.593750 0.243750 0.592773 0.244531 0.592773 0.245312 0.591797 0.247656 0.591797 0.248438 0.590820 0.249219 0.590820 0.252344 0.586914 0.253125 0.586914 0.255469 0.583984 0.256250 0.583984 0.260937 0.578125 0.260937 0.577148 0.262500 0.575195 0.262500 0.552734 0.260156 0.549805 0.259375 0.549805 0.257812 0.547852 0.257031 0.547852 0.256250 0.546875 0.253906 0.546875 0.253125 0.545898
12 0.142969 0.490234 0.140625 0.493164 0.139844 0.493164 0.139063 0.494141 0.138281 0.494141 0.137500 0.495117 0.136719 0.495117 0.136719 0.496094 0.135937 0.497070 0.135937 0.500977 0.139063 0.504883 0.139063 0.507812 0.139844 0.508789 0.139844 0.509766 0.142187 0.512695 0.142187 0.513672 0.142969 0.514648 0.142969 0.515625 0.143750 0.516602 0.143750 0.517578 0.144531 0.518555 0.144531 0.527344 0.143750 0.528320 0.143750 0.529297 0.142969 0.530273 0.142969 0.531250 0.140625 0.534180 0.139844 0.534180 0.135937 0.539062 0.135156 0.539062 0.133594 0.541016 0.132812 0.541016 0.132812 0.559570 0.133594 0.559570 0.134375 0.560547 0.135156 0.560547 0.136719 0.562500 0.139844 0.562500 0.140625 0.563477 0.143750 0.563477 0.144531 0.562500 0.148438 0.562500 0.149219 0.561523 0.150781 0.561523 0.151562 0.560547 0.153125 0.560547 0.153906 0.559570 0.154688 0.559570 0.155469 0.558594 0.157031 0.558594 0.157812 0.557617 0.158594 0.557617 0.160156 0.555664 0.160938 0.555664 0.162500 0.553711 0.163281 0.553711 0.167187 0.548828 0.167187 0.547852 0.169531 0.544922 0.169531 0.543945 0.171094 0.541992 0.171094 0.540039 0.172656 0.538086 0.172656 0.536133 0.174219 0.534180 0.174219 0.511719 0.172656 0.509766 0.172656 0.508789 0.171875 0.507812 0.171875 0.506836 0.171094 0.505859 0.171094 0.504883 0.169531 0.502930 0.169531 0.501953 0.165625 0.497070 0.165625 0.496094 0.164844 0.496094 0.164062 0.495117 0.164062 0.494141 0.163281 0.493164 0.162500 0.493164 0.160156 0.490234
2 0.383594 0.347656 0.382031 0.349609 0.381250 0.349609 0.380469 0.350586 0.379688 0.350586 0.378906 0.351562 0.378125 0.351562 0.377344 0.352539 0.376563 0.352539 0.375000 0.354492 0.374219 0.354492 0.369531 0.360352 0.369531 0.361328 0.367188 0.364258 0.367188 0.365234 0.366406 0.366211 0.366406 0.369141 0.365625 0.370117 0.365625 0.374023 0.364844 0.375000 0.364844 0.378906 0.364063 0.379883 0.364063 0.380859 0.364844 0.381836 0.364844 0.383789 0.366406 0.385742 0.366406 0.386719 0.367188 0.387695 0.367969 0.387695 0.368750 0.388672 0.369531 0.388672 0.371094 0.390625 0.378125 0.390625 0.378906 0.389648 0.380469 0.389648 0.382031 0.387695 0.382812 0.387695 0.382812 0.386719 0.390625 0.376953 0.392969 0.376953 0.393750 0.377930 0.394531 0.377930 0.395313 0.378906 0.396094 0.378906 0.400000 0.383789 0.400781 0.383789 0.402344 0.385742 0.412500 0.385742 0.413281 0.384766 0.415625 0.384766 0.415625 0.362305 0.412500 0.358398 0.412500 0.357422 0.411719 0.356445 0.410938 0.356445 0.410156 0.355469 0.409375 0.355469 0.408594 0.354492 0.407813 0.354492 0.406250 0.352539 0.404687 0.352539 0.403906 0.351562 0.403125 0.351562 0.402344 0.350586 0.400781 0.350586 0.400000 0.349609 0.397656 0.349609 0.396875 0.348633 0.392969 0.348633 0.392188 0.347656
12 0.892969 0.183594 0.892188 0.184570 0.891406 0.184570 0.889844 0.186523 0.889062 0.186523 0.885938 0.190430 0.885156 0.190430 0.881250 0.195312 0.880469 0.195312 0.879687 0.196289 0.879687 0.197266 0.878125 0.199219 0.878125 0.200195 0.877344 0.201172 0.877344 0.202148 0.876563 0.203125 0.876563 0.204102 0.873437 0.208008 0.871094 0.208008 0.870313 0.207031 0.869531 0.207031 0.868750 0.206055 0.868750 0.205078 0.867188 0.203125 0.867188 0.200195 0.866406 0.199219 0.866406 0.196289 0.864844 0.194336 0.864844 0.193359 0.864062 0.192383 0.864062 0.191406 0.863281 0.191406 0.862500 0.190430 0.861719 0.190430 0.860938 0.189453 0.860156 0.189453 0.859375 0.188477 0.853906 0.188477 0.853125 0.187500 0.852344 0.187500 0.851562 0.188477 0.849219 0.188477 0.847656 0.190430 0.846875 0.190430 0.846094 0.191406 0.846094 0.192383 0.845313 0.193359 0.845313 0.194336 0.843750 0.196289 0.843750 0.221680 0.846094 0.224609 0.846094 0.225586 0.853125 0.234375 0.853906 0.234375 0.854688 0.235352 0.855469 0.235352 0.856250 0.236328 0.857031 0.236328 0.857812 0.237305 0.882812 0.237305 0.883594 0.236328 0.884375 0.236328 0.885156 0.235352 0.885938 0.235352 0.886719 0.234375 0.887500 0.234375 0.888281 0.233398 0.889062 0.233398 0.891406 0.230469 0.892188 0.230469 0.896094 0.225586 0.896094 0.224609 0.897656 0.222656 0.897656 0.221680 0.898438 0.220703 0.898438 0.218750 0.900000 0.216797 0.900000 0.215820 0.900781 0.214844 0.900781 0.213867 0.901563 0.212891 0.901563 0.210938 0.902344 0.209961 0.902344 0.206055 0.903125 0.205078 0.903125 0.202148 0.903906 0.201172 0.903906 0.199219 0.903125 0.198242 0.903125 0.195312 0.902344 0.194336 0.902344 0.192383 0.901563 0.191406 0.901563 0.190430 0.896875 0.184570 0.895312 0.184570 0.894531 0.183594
5 0.489844 0.114258 0.489063 0.115234 0.489063 0.135742 0.490625 0.137695 0.490625 0.138672 0.491406 0.139648 0.491406 0.140625 0.497656 0.148438 0.498437 0.148438 0.499219 0.149414 0.500000 0.149414 0.501563 0.151367 0.502344 0.151367 0.503125 0.152344 0.503906 0.152344 0.505469 0.154297 0.527344 0.154297 0.528906 0.152344 0.529687 0.152344 0.530469 0.151367 0.531250 0.151367 0.532031 0.150391 0.532813 0.150391 0.534375 0.148438 0.535156 0.148438 0.535937 0.147461 0.536719 0.147461 0.539844 0.143555 0.539844 0.142578 0.541406 0.140625 0.541406 0.138672 0.542969 0.136719 0.542969 0.121094 0.542188 0.120117 0.542188 0.119141 0.539844 0.116211 0.539062 0.116211 0.538281 0.115234 0.533594 0.115234 0.532813 0.116211 0.531250 0.116211 0.524219 0.125000 0.523438 0.125000 0.522656 0.125977 0.521094 0.125977 0.520312 0.126953 0.517969 0.126953 0.517188 0.127930 0.514062 0.127930 0.513281 0.126953 0.512500 0.126953 0.511719 0.125977 0.510156 0.125977 0.508594 0.124023 0.507812 0.124023 0.502344 0.117188 0.502344 0.116211 0.500781 0.114258
4 0.588281 0.019531 0.586719 0.021484 0.586719 0.022461 0.585938 0.023438 0.585938 0.025391 0.585156 0.026367 0.585156 0.047852 0.585938 0.048828 0.585938 0.049805 0.586719 0.050781 0.586719 0.052734 0.587500 0.053711 0.587500 0.055664 0.588281 0.056641 0.588281 0.057617 0.589844 0.059570 0.589844 0.060547 0.591406 0.062500 0.591406 0.063477 0.594531 0.067383 0.594531 0.068359 0.595313 0.069336 0.596094 0.069336 0.596875 0.070312 0.597656 0.070312 0.598437 0.071289 0.599219 0.071289 0.600000 0.072266 0.600781 0.072266 0.601562 0.073242 0.602344 0.073242 0.603125 0.074219 0.627344 0.074219 0.629687 0.071289 0.630469 0.071289 0.635156 0.065430 0.635156 0.064453 0.635938 0.063477 0.635938 0.055664 0.634375 0.053711 0.634375 0.052734 0.632812 0.050781 0.632031 0.050781 0.631250 0.049805 0.630469 0.049805 0.629687 0.048828 0.628906 0.048828 0.628125 0.047852 0.626563 0.047852 0.625781 0.046875 0.622656 0.046875 0.621875 0.047852 0.619531 0.047852 0.618750 0.048828 0.617969 0.048828 0.617188 0.049805 0.610938 0.049805 0.608594 0.046875 0.608594 0.045898 0.607812 0.044922 0.607812 0.041992 0.607031 0.041016 0.607031 0.037109 0.606250 0.036133 0.606250 0.030273 0.605469 0.029297 0.605469 0.028320 0.604688 0.027344 0.604688 0.026367 0.603906 0.025391 0.603906 0.024414 0.600781 0.020508 0.600781 0.019531
0 0.217188 0.462891 0.215625 0.464844 0.214844 0.464844 0.210938 0.469727 0.210938 0.470703 0.210156 0.471680 0.210156 0.472656 0.209375 0.473633 0.209375 0.474609 0.208594 0.475586 0.208594 0.476562 0.207813 0.477539 0.207813 0.478516 0.207031 0.479492 0.207031 0.480469 0.206250 0.481445 0.206250 0.482422 0.205469 0.483398 0.205469 0.484375 0.203906 0.486328 0.203906 0.487305 0.203125 0.488281 0.203125 0.489258 0.201563 0.491211 0.201563 0.492188 0.200781 0.493164 0.200781 0.494141 0.198437 0.497070 0.198437 0.511719 0.201563 0.515625 0.211719 0.515625 0.211719 0.514648 0.214062 0.511719 0.214062 0.510742 0.216406 0.507812 0.217188 0.507812 0.218750 0.505859 0.219531 0.505859 0.221094 0.503906 0.221875 0.503906 0.223438 0.501953 0.224219 0.501953 0.225781 0.500000 0.226562 0.500000 0.227344 0.499023 0.228125 0.499023 0.229687 0.497070 0.230469 0.497070 0.231250 0.496094 0.232031 0.496094 0.232813 0.495117 0.233594 0.495117 0.240625 0.486328 0.240625 0.475586 0.239844 0.474609 0.239844 0.473633 0.236719 0.469727 0.236719 0.468750 0.235937 0.467773 0.235156 0.467773 0.232813 0.464844 0.232031 0.464844 0.230469 0.462891
8 0.830469 0.655273 0.830469 0.660156 0.829688 0.661133 0.829688 0.668945 0.830469 0.669922 0.830469 0.674805 0.831250 0.675781 0.831250 0.676758 0.832031 0.677734 0.832031 0.678711 0.832812 0.679688 0.832812 0.680664 0.833594 0.681641 0.833594 0.682617 0.835938 0.685547 0.835938 0.686523 0.838281 0.689453 0.839063 0.689453 0.839844 0.690430 0.839844 0.691406 0.842187 0.694336 0.842969 0.694336 0.845313 0.697266 0.846875 0.697266 0.847656 0.698242 0.848437 0.698242 0.849219 0.699219 0.850781 0.699219 0.851562 0.700195 0.875000 0.700195 0.875781 0.699219 0.876563 0.699219 0.877344 0.698242 0.878125 0.698242 0.879687 0.696289 0.880469 0.696289 0.880469 0.695312 0.881250 0.694336 0.882031 0.694336 0.882031 0.693359 0.882812 0.692383 0.882812 0.691406 0.884375 0.689453 0.884375 0.677734 0.882812 0.675781 0.882812 0.674805 0.881250 0.672852 0.881250 0.671875 0.880469 0.670898 0.880469 0.668945 0.879687 0.667969 0.879687 0.666992 0.878125 0.665039 0.874219 0.665039 0.873437 0.666016 0.872656 0.666016 0.871875 0.666992 0.869531 0.666992 0.868750 0.667969 0.867969 0.667969 0.867188 0.668945 0.866406 0.668945 0.865625 0.669922 0.860938 0.669922 0.860156 0.668945 0.858594 0.668945 0.857812 0.667969 0.857031 0.667969 0.856250 0.666992 0.853125 0.666992 0.850000 0.663086 0.850000 0.662109 0.849219 0.661133 0.849219 0.659180 0.848437 0.658203 0.848437 0.657227 0.847656 0.656250 0.847656 0.655273
0 0.132812 0.005859 0.127344 0.012695 0.127344 0.013672 0.126562 0.014648 0.126562 0.015625 0.125781 0.016602 0.125781 0.017578 0.125000 0.018555 0.125000 0.040039 0.126562 0.041992 0.126562 0.042969 0.128906 0.045898 0.128906 0.046875 0.134375 0.053711 0.135156 0.053711 0.136719 0.055664 0.137500 0.055664 0.139063 0.057617 0.153906 0.057617 0.154688 0.056641 0.155469 0.056641 0.157031 0.054688 0.158594 0.054688 0.160938 0.051758 0.160938 0.041992 0.160156 0.041992 0.157812 0.039062 0.157031 0.039062 0.156250 0.038086 0.155469 0.038086 0.154688 0.037109 0.153906 0.037109 0.152344 0.035156 0.151562 0.035156 0.150000 0.033203 0.150000 0.032227 0.149219 0.031250 0.149219 0.029297 0.148438 0.028320 0.148438 0.027344 0.146094 0.024414 0.146094 0.023438 0.146875 0.022461 0.146875 0.019531 0.147656 0.018555 0.147656 0.012695 0.144531 0.008789 0.144531 0.007812 0.143750 0.006836 0.143750 0.005859
12 0.578906 0.164062 0.578906 0.165039 0.578125 0.166016 0.577344 0.166016 0.575781 0.167969 0.575000 0.167969 0.574219 0.168945 0.574219 0.169922 0.571094 0.173828 0.571094 0.174805 0.569531 0.176758 0.569531 0.177734 0.568750 0.178711 0.568750 0.179688 0.567969 0.180664 0.567969 0.182617 0.567187 0.183594 0.567187 0.184570 0.566406 0.185547 0.566406 0.186523 0.565625 0.187500 0.565625 0.189453 0.564844 0.190430 0.564844 0.221680 0.565625 0.222656 0.565625 0.223633 0.566406 0.224609 0.566406 0.225586 0.567187 0.226562 0.567187 0.228516 0.568750 0.230469 0.568750 0.231445 0.569531 0.232422 0.569531 0.233398 0.575781 0.241211 0.576562 0.241211 0.578906 0.244141 0.597656 0.244141 0.600000 0.241211 0.600781 0.241211 0.601562 0.240234 0.601562 0.235352 0.602344 0.234375 0.602344 0.231445 0.601562 0.230469 0.601562 0.228516 0.600000 0.226562 0.600000 0.225586 0.599219 0.224609 0.599219 0.223633 0.597656 0.221680 0.597656 0.220703 0.596094 0.218750 0.595313 0.218750 0.594531 0.217773 0.594531 0.216797 0.593750 0.216797 0.592969 0.215820 0.592969 0.214844 0.592187 0.213867 0.592187 0.211914 0.591406 0.210938 0.591406 0.207031 0.590625 0.206055 0.590625 0.197266 0.592187 0.195312 0.592187 0.191406 0.592969 0.190430 0.592969 0.186523 0.593750 0.185547 0.593750 0.184570 0.594531 0.183594 0.594531 0.182617 0.595313 0.181641 0.595313 0.180664 0.596094 0.179688 0.596094 0.178711 0.596875 0.177734 0.596875 0.170898 0.596094 0.169922 0.596094 0.168945 0.592187 0.164062
0 0.059375 0.297852 0.059375 0.298828 0.058594 0.299805 0.057813 0.299805 0.057031 0.300781 0.056250 0.300781 0.053906 0.303711 0.053125 0.303711 0.051562 0.305664 0.051562 0.306641 0.050000 0.308594 0.050000 0.309570 0.049219 0.310547 0.048438 0.310547 0.047656 0.311523 0.046875 0.311523 0.046094 0.312500 0.045312 0.312500 0.044531 0.311523 0.042969 0.311523 0.042188 0.310547 0.041406 0.310547 0.040625 0.309570 0.039844 0.309570 0.037500 0.306641 0.036719 0.306641 0.032813 0.301758 0.032031 0.301758 0.031250 0.300781 0.024219 0.300781 0.023438 0.301758 0.020313 0.301758 0.019531 0.302734 0.018750 0.302734 0.017969 0.303711 0.017188 0.303711 0.014063 0.307617 0.014063 0.324219 0.014844 0.325195 0.014844 0.326172 0.020313 0.333008 0.021094 0.333008 0.023438 0.335938 0.024219 0.335938 0.025000 0.336914 0.025781 0.336914 0.026562 0.337891 0.028125 0.337891 0.028906 0.338867 0.029687 0.338867 0.030469 0.339844 0.031250 0.339844 0.032031 0.340820 0.055469 0.340820 0.057031 0.338867 0.058594 0.338867 0.059375 0.337891 0.060156 0.337891 0.060937 0.336914 0.061719 0.336914 0.062500 0.335938 0.063281 0.335938 0.065625 0.333008 0.066406 0.333008 0.067969 0.331055 0.068750 0.331055 0.077344 0.320312 0.077344 0.305664 0.076563 0.304688 0.076563 0.303711 0.075781 0.302734 0.075781 0.301758 0.072656 0.297852
8 0.213281 0.351562 0.212500 0.352539 0.211719 0.352539 0.210938 0.353516 0.210156 0.353516 0.208594 0.355469 0.207813 0.355469 0.207031 0.356445 0.206250 0.356445 0.202344 0.361328 0.201563 0.361328 0.200781 0.362305 0.200781 0.363281 0.199219 0.365234 0.199219 0.366211 0.197656 0.368164 0.197656 0.390625 0.198437 0.390625 0.200000 0.392578 0.200781 0.392578 0.202344 0.394531 0.203125 0.394531 0.203906 0.393555 0.206250 0.393555 0.207031 0.392578 0.208594 0.392578 0.214062 0.385742 0.214062 0.384766 0.217969 0.379883 0.218750 0.379883 0.218750 0.378906 0.219531 0.377930 0.221875 0.377930 0.222656 0.376953 0.223438 0.376953 0.224219 0.377930 0.225000 0.377930 0.227344 0.380859 0.228125 0.380859 0.228906 0.381836 0.228906 0.382812 0.229687 0.383789 0.229687 0.384766 0.230469 0.385742 0.230469 0.386719 0.231250 0.387695 0.231250 0.388672 0.234375 0.392578 0.235156 0.392578 0.235937 0.393555 0.238281 0.393555 0.239063 0.394531 0.239844 0.394531 0.240625 0.393555 0.243750 0.393555 0.244531 0.392578 0.246094 0.392578 0.246875 0.391602 0.247656 0.392578 0.248438 0.392578 0.249219 0.391602 0.250000 0.391602 0.252344 0.388672 0.252344 0.387695 0.253125 0.386719 0.253125 0.372070 0.251563 0.370117 0.251563 0.368164 0.250000 0.366211 0.250000 0.365234 0.248438 0.363281 0.247656 0.363281 0.243750 0.358398 0.242969 0.358398 0.240625 0.355469 0.239844 0.355469 0.238281 0.353516 0.236719 0.353516 0.235937 0.352539 0.234375 0.352539 0.233594 0.351562
3 0.858594 0.470703 0.857812 0.471680 0.856250 0.471680 0.855469 0.472656 0.852344 0.472656 0.851562 0.473633 0.850781 0.473633 0.850000 0.474609 0.849219 0.474609 0.849219 0.495117 0.850000 0.495117 0.851562 0.497070 0.852344 0.497070 0.855469 0.500977 0.855469 0.501953 0.856250 0.502930 0.856250 0.505859 0.857031 0.506836 0.857031 0.510742 0.857812 0.511719 0.857812 0.517578 0.856250 0.519531 0.856250 0.520508 0.855469 0.521484 0.855469 0.522461 0.854688 0.523438 0.854688 0.524414 0.853906 0.525391 0.853906 0.527344 0.853125 0.528320 0.853125 0.533203 0.852344 0.534180 0.853125 0.535156 0.853125 0.539062 0.853906 0.540039 0.853906 0.541016 0.875000 0.541016 0.882031 0.532227 0.882031 0.531250 0.883594 0.529297 0.883594 0.528320 0.885156 0.526367 0.885156 0.524414 0.885938 0.523438 0.885938 0.521484 0.887500 0.519531 0.887500 0.495117 0.886719 0.494141 0.886719 0.491211 0.885156 0.489258 0.885156 0.487305 0.882812 0.484375 0.882812 0.483398 0.877344 0.476562 0.876563 0.476562 0.875000 0.474609 0.874219 0.474609 0.872656 0.472656 0.871875 0.472656 0.871094 0.471680 0.869531 0.471680 0.868750 0.470703 0.866406 0.470703 0.865625 0.471680 0.864844 0.471680 0.864062 0.470703 0.862500 0.470703 0.861719 0.471680 0.860938 0.471680 0.860156 0.470703
7 0.813281 0.049805 0.812500 0.050781 0.811719 0.050781 0.810937 0.051758 0.810156 0.051758 0.809375 0.052734 0.807813 0.052734 0.807031 0.053711 0.806250 0.053711 0.804688 0.055664 0.803906 0.055664 0.803125 0.056641 0.802344 0.056641 0.798438 0.061523 0.798438 0.062500 0.796875 0.064453 0.796875 0.065430 0.794531 0.068359 0.794531 0.089844 0.795312 0.089844 0.796094 0.090820 0.802344 0.090820 0.803125 0.089844 0.804688 0.089844 0.805469 0.088867 0.806250 0.088867 0.807031 0.087891 0.807813 0.087891 0.810156 0.084961 0.810156 0.083984 0.810937 0.083008 0.810937 0.082031 0.815625 0.076172 0.817969 0.076172 0.818750 0.075195 0.820312 0.075195 0.821875 0.077148 0.822656 0.077148 0.824219 0.079102 0.825781 0.079102 0.831250 0.085938 0.832031 0.085938 0.832812 0.086914 0.834375 0.086914 0.835156 0.087891 0.837500 0.087891 0.838281 0.088867 0.839063 0.087891 0.840625 0.087891 0.841406 0.086914 0.842187 0.086914 0.842969 0.085938 0.843750 0.085938 0.845313 0.083984 0.845313 0.067383 0.835938 0.055664 0.835156 0.055664 0.832031 0.051758 0.831250 0.051758 0.830469 0.050781 0.828906 0.050781 0.828125 0.049805 0.814844 0.049805 0.814063 0.050781
8 0.461719 0.883789 0.460938 0.884766 0.460156 0.884766 0.459375 0.885742 0.458594 0.885742 0.451562 0.894531 0.451562 0.895508 0.450781 0.896484 0.450781 0.897461 0.449219 0.899414 0.449219 0.920898 0.450000 0.921875 0.450000 0.922852 0.450781 0.923828 0.450781 0.924805 0.458594 0.934570 0.459375 0.934570 0.460156 0.935547 0.460938 0.935547 0.464062 0.939453 0.464844 0.939453 0.466406 0.941406 0.467187 0.941406 0.467969 0.942383 0.468750 0.942383 0.469531 0.943359 0.488281 0.943359 0.489063 0.942383 0.489844 0.942383 0.490625 0.941406 0.492188 0.941406 0.492969 0.940430 0.493750 0.940430 0.494531 0.939453 0.495312 0.939453 0.496875 0.937500 0.497656 0.937500 0.500000 0.934570 0.500781 0.934570 0.503906 0.930664 0.503906 0.917969 0.503125 0.917969 0.502344 0.916992 0.501563 0.916992 0.500781 0.916016 0.500000 0.916016 0.499219 0.915039 0.493750 0.915039 0.492969 0.916016 0.492188 0.916016 0.491406 0.916992 0.489063 0.916992 0.488281 0.917969 0.486719 0.917969 0.485938 0.918945 0.485156 0.918945 0.484375 0.919922 0.481250 0.919922 0.480469 0.918945 0.479687 0.918945 0.478906 0.917969 0.478125 0.917969 0.477344 0.916992 0.476562 0.916992 0.472656 0.912109 0.472656 0.904297 0.473438 0.903320 0.473438 0.902344 0.474219 0.901367 0.474219 0.900391 0.475000 0.899414 0.475000 0.898438 0.475781 0.897461 0.475781 0.891602 0.475000 0.890625 0.475000 0.889648 0.470313 0.883789
2 0.163281 0.197266 0.162500 0.198242 0.161719 0.198242 0.160938 0.199219 0.160156 0.199219 0.157031 0.203125 0.157031 0.205078 0.156250 0.206055 0.156250 0.208008 0.155469 0.208984 0.155469 0.211914 0.154688 0.212891 0.154688 0.214844 0.153906 0.215820 0.153906 0.222656 0.154688 0.223633 0.154688 0.226562 0.155469 0.227539 0.155469 0.228516 0.153125 0.231445 0.147656 0.231445 0.146875 0.230469 0.141406 0.230469 0.140625 0.231445 0.139844 0.231445 0.139063 0.232422 0.136719 0.232422 0.135156 0.230469 0.134375 0.230469 0.133594 0.229492 0.132812 0.229492 0.132812 0.251953 0.134375 0.253906 0.134375 0.254883 0.135937 0.256836 0.136719 0.256836 0.140625 0.261719 0.142187 0.261719 0.143750 0.263672 0.144531 0.263672 0.145313 0.264648 0.146875 0.264648 0.147656 0.265625 0.155469 0.265625 0.156250 0.264648 0.158594 0.264648 0.159375 0.263672 0.161719 0.263672 0.162500 0.262695 0.163281 0.262695 0.164062 0.261719 0.164844 0.261719 0.165625 0.260742 0.166406 0.260742 0.168750 0.257812 0.169531 0.257812 0.171875 0.254883 0.172656 0.254883 0.172656 0.253906 0.174219 0.251953 0.174219 0.250977 0.176563 0.248047 0.176563 0.247070 0.177344 0.246094 0.177344 0.245117 0.178125 0.244141 0.178125 0.242188 0.178906 0.241211 0.178906 0.211914 0.177344 0.209961 0.177344 0.208984 0.176563 0.208008 0.176563 0.207031 0.174219 0.204102 0.173437 0.204102 0.171094 0.201172 0.170313 0.201172 0.168750 0.199219 0.167969 0.199219 0.167187 0.198242 0.165625 0.198242 0.164844 0.197266
0 0.535156 0.351562 0.534375 0.352539 0.533594 0.352539 0.532813 0.353516 0.531250 0.353516 0.530469 0.354492 0.528906 0.354492 0.528125 0.355469 0.527344 0.355469 0.526563 0.356445 0.525781 0.356445 0.522656 0.360352 0.521875 0.360352 0.521094 0.361328 0.521094 0.362305 0.518750 0.365234 0.517969 0.365234 0.515625 0.368164 0.515625 0.369141 0.514062 0.371094 0.514062 0.383789 0.515625 0.385742 0.515625 0.386719 0.516406 0.387695 0.516406 0.388672 0.521094 0.394531 0.523438 0.394531 0.525000 0.396484 0.526563 0.396484 0.527344 0.395508 0.528906 0.395508 0.529687 0.394531 0.530469 0.394531 0.531250 0.393555 0.532031 0.393555 0.535156 0.389648 0.535156 0.388672 0.535937 0.387695 0.535937 0.386719 0.536719 0.385742 0.536719 0.384766 0.537500 0.383789 0.538281 0.383789 0.539062 0.382812 0.540625 0.382812 0.541406 0.381836 0.546875 0.381836 0.547656 0.382812 0.556250 0.382812 0.557031 0.381836 0.558594 0.381836 0.562500 0.376953 0.562500 0.360352 0.561719 0.360352 0.557031 0.354492 0.554688 0.354492 0.553906 0.353516 0.553125 0.353516 0.551562 0.351562
0 0.704688 0.314453 0.700781 0.319336 0.700781 0.320312 0.696875 0.325195 0.696094 0.325195 0.695312 0.326172 0.694531 0.326172 0.694531 0.341797 0.696094 0.343750 0.696094 0.344727 0.698438 0.347656 0.699219 0.347656 0.702344 0.351562 0.702344 0.352539 0.703125 0.352539 0.703906 0.353516 0.704688 0.353516 0.707031 0.356445 0.707812 0.356445 0.710156 0.359375 0.710938 0.359375 0.711719 0.360352 0.713281 0.360352 0.714063 0.361328 0.716406 0.361328 0.717187 0.362305 0.725000 0.362305 0.726562 0.360352 0.727344 0.360352 0.729688 0.357422 0.729688 0.339844 0.728906 0.338867 0.728906 0.336914 0.728125 0.335938 0.728125 0.333008 0.727344 0.332031 0.727344 0.330078 0.726562 0.329102 0.726562 0.328125 0.725000 0.326172 0.725000 0.325195 0.717969 0.316406 0.717187 0.316406 0.715625 0.314453
11 0.114844 0.076172 0.112500 0.079102 0.112500 0.080078 0.111719 0.081055 0.111719 0.082031 0.110937 0.083008 0.110937 0.083984 0.110156 0.084961 0.110156 0.085938 0.109375 0.086914 0.109375 0.087891 0.108594 0.088867 0.108594 0.089844 0.107813 0.090820 0.107813 0.100586 0.108594 0.101562 0.108594 0.103516 0.109375 0.104492 0.109375 0.108398 0.108594 0.109375 0.108594 0.110352 0.107813 0.111328 0.107813 0.113281 0.107031 0.114258 0.107031 0.115234 0.102344 0.121094 0.102344 0.122070 0.101562 0.123047 0.101562 0.124023 0.100781 0.125000 0.100781 0.125977 0.099219 0.127930 0.099219 0.131836 0.098437 0.132812 0.098437 0.137695 0.097656 0.138672 0.098437 0.139648 0.097656 0.140625 0.097656 0.141602 0.098437 0.142578 0.098437 0.145508 0.099219 0.146484 0.099219 0.148438 0.100000 0.149414 0.100000 0.151367 0.102344 0.154297 0.102344 0.155273 0.121094 0.155273 0.121094 0.154297 0.121875 0.153320 0.122656 0.153320 0.122656 0.152344 0.124219 0.150391 0.124219 0.149414 0.125000 0.148438 0.125000 0.147461 0.125781 0.146484 0.125781 0.145508 0.126562 0.144531 0.126562 0.143555 0.127344 0.142578 0.127344 0.141602 0.129688 0.138672 0.129688 0.137695 0.131250 0.135742 0.131250 0.133789 0.132031 0.132812 0.132031 0.131836 0.132812 0.130859 0.132812 0.128906 0.133594 0.127930 0.133594 0.126953 0.134375 0.125977 0.134375 0.125000 0.135156 0.124023 0.135156 0.121094 0.135937 0.120117 0.135937 0.116211 0.136719 0.115234 0.136719 0.112305 0.138281 0.110352 0.138281 0.107422 0.139063 0.106445 0.139063 0.105469 0.139844 0.104492 0.139844 0.089844 0.139063 0.088867 0.139063 0.086914 0.138281 0.085938 0.138281 0.083984 0.137500 0.083008 0.137500 0.082031 0.135937 0.080078 0.135937 0.079102 0.133594 0.076172
0 0.123438 0.729492 0.120313 0.733398 0.120313 0.734375 0.119531 0.735352 0.119531 0.743164 0.120313 0.744141 0.120313 0.746094 0.121094 0.747070 0.121094 0.749023 0.121875 0.750000 0.121875 0.763672 0.120313 0.765625 0.120313 0.766602 0.119531 0.767578 0.118750 0.767578 0.117188 0.769531 0.116406 0.769531 0.114062 0.772461 0.113281 0.772461 0.112500 0.773438 0.111719 0.773438 0.110937 0.774414 0.110156 0.774414 0.109375 0.775391 0.107813 0.775391 0.107031 0.776367 0.106250 0.776367 0.106250 0.788086 0.107813 0.790039 0.108594 0.790039 0.109375 0.791016 0.110156 0.791016 0.110937 0.791992 0.111719 0.791992 0.112500 0.792969 0.126562 0.792969 0.127344 0.791992 0.128125 0.791992 0.128906 0.791016 0.129688 0.791016 0.131250 0.789062 0.132031 0.789062 0.133594 0.787109 0.134375 0.787109 0.136719 0.784180 0.136719 0.783203 0.137500 0.782227 0.137500 0.781250 0.139063 0.779297 0.139063 0.778320 0.139844 0.777344 0.139844 0.776367 0.141406 0.774414 0.141406 0.772461 0.142187 0.771484 0.142187 0.769531 0.143750 0.767578 0.143750 0.748047 0.142187 0.746094 0.142187 0.743164 0.141406 0.742188 0.141406 0.740234 0.140625 0.739258 0.140625 0.737305 0.137500 0.733398 0.137500 0.732422 0.136719 0.731445 0.135937 0.731445 0.134375 0.729492
4 0.929688 0.526367 0.928906 0.527344 0.928906 0.528320 0.928125 0.529297 0.927344 0.529297 0.926562 0.530273 0.926562 0.531250 0.925000 0.533203 0.925000 0.534180 0.924219 0.535156 0.924219 0.542969 0.925781 0.544922 0.925781 0.545898 0.926562 0.546875 0.926562 0.547852 0.928906 0.550781 0.928906 0.551758 0.929688 0.552734 0.929688 0.553711 0.930469 0.554688 0.930469 0.557617 0.931250 0.558594 0.931250 0.559570 0.932031 0.560547 0.932031 0.561523 0.932813 0.562500 0.932813 0.563477 0.933594 0.564453 0.933594 0.566406 0.934375 0.567383 0.934375 0.568359 0.935156 0.569336 0.935156 0.573242 0.934375 0.574219 0.934375 0.575195 0.933594 0.576172 0.931250 0.576172 0.930469 0.577148 0.929688 0.577148 0.928906 0.578125 0.928906 0.579102 0.926562 0.582031 0.926562 0.583008 0.925781 0.583984 0.925781 0.585938 0.925000 0.586914 0.925000 0.593750 0.925781 0.594727 0.925781 0.596680 0.928906 0.600586 0.929688 0.600586 0.930469 0.601562 0.932031 0.601562 0.932813 0.602539 0.934375 0.602539 0.935156 0.603516 0.947656 0.603516 0.954688 0.594727 0.954688 0.593750 0.957812 0.589844 0.957812 0.588867 0.958594 0.587891 0.958594 0.586914 0.959375 0.585938 0.959375 0.584961 0.960156 0.583984 0.960156 0.581055 0.960938 0.580078 0.960938 0.579102 0.961719 0.578125 0.961719 0.577148 0.962500 0.576172 0.962500 0.575195 0.961719 0.574219 0.961719 0.573242 0.962500 0.572266 0.962500 0.558594 0.961719 0.557617 0.961719 0.556641 0.960938 0.555664 0.960938 0.553711 0.960156 0.552734 0.960156 0.550781 0.958594 0.548828 0.958594 0.547852 0.957031 0.545898 0.957031 0.544922 0.956250 0.543945 0.956250 0.542969 0.952344 0.538086 0.951562 0.538086 0.950781 0.537109 0.950781 0.536133 0.950000 0.535156 0.950000 0.533203 0.944531 0.526367
12 0.557031 0.264648 0.554688 0.267578 0.554688 0.269531 0.553906 0.270508 0.553906 0.272461 0.553125 0.273438 0.553125 0.277344 0.553906 0.278320 0.553906 0.283203 0.554688 0.284180 0.554688 0.286133 0.555469 0.287109 0.555469 0.291016 0.554688 0.291992 0.554688 0.299805 0.553125 0.301758 0.552344 0.301758 0.551562 0.302734 0.539062 0.302734 0.537500 0.304688 0.537500 0.305664 0.535937 0.307617 0.535937 0.324219 0.539844 0.329102 0.540625 0.329102 0.541406 0.330078 0.542188 0.330078 0.543750 0.332031 0.564844 0.332031 0.565625 0.331055 0.566406 0.331055 0.569531 0.327148 0.570312 0.327148 0.571875 0.325195 0.572656 0.325195 0.575781 0.321289 0.575781 0.320312 0.576562 0.319336 0.576562 0.318359 0.578125 0.316406 0.578125 0.315430 0.578906 0.314453 0.578906 0.310547 0.579688 0.309570 0.579688 0.286133 0.578906 0.285156 0.578906 0.283203 0.578125 0.282227 0.578125 0.281250 0.577344 0.280273 0.577344 0.279297 0.576562 0.278320 0.576562 0.277344 0.575781 0.276367 0.575781 0.275391 0.573438 0.272461 0.573438 0.271484 0.569531 0.266602 0.568750 0.266602 0.567187 0.264648
10 0.020313 0.830078 0.019531 0.831055 0.018750 0.831055 0.017969 0.832031 0.017188 0.832031 0.015625 0.833984 0.014063 0.833984 0.013281 0.834961 0.012500 0.834961 0.011719 0.835938 0.010937 0.835938 0.010156 0.836914 0.010156 0.837891 0.007031 0.841797 0.007031 0.842773 0.005469 0.844727 0.005469 0.845703 0.003906 0.847656 0.003906 0.861328 0.006250 0.864258 0.007031 0.864258 0.008594 0.866211 0.009375 0.866211 0.010156 0.867188 0.011719 0.867188 0.012500 0.868164 0.014063 0.868164 0.014844 0.869141 0.017188 0.869141 0.017969 0.868164 0.019531 0.868164 0.020313 0.867188 0.021875 0.867188 0.022656 0.866211 0.026562 0.866211 0.027344 0.865234 0.030469 0.865234 0.031250 0.866211 0.032031 0.866211 0.034375 0.869141 0.034375 0.878906 0.035156 0.879883 0.035156 0.880859 0.035937 0.881836 0.039062 0.881836 0.039844 0.882812 0.040625 0.882812 0.041406 0.883789 0.042188 0.883789 0.042969 0.884766 0.043750 0.884766 0.044531 0.885742 0.046875 0.885742 0.050000 0.881836 0.050000 0.880859 0.052344 0.877930 0.052344 0.876953 0.053906 0.875000 0.053906 0.851562 0.053125 0.850586 0.053125 0.849609 0.052344 0.848633 0.052344 0.847656 0.050781 0.845703 0.050781 0.844727 0.050000 0.843750 0.050000 0.842773 0.048438 0.840820 0.048438 0.839844 0.045312 0.835938 0.044531 0.835938 0.042188 0.833008 0.041406 0.833008 0.040625 0.832031 0.039844 0.832031 0.039062 0.831055 0.038281 0.831055 0.037500 0.830078
4 0.694531 0.778320 0.693750 0.779297 0.692187 0.779297 0.691406 0.780273 0.690625 0.780273 0.689844 0.781250 0.688281 0.781250 0.686719 0.783203 0.685937 0.783203 0.684375 0.785156 0.683594 0.785156 0.683594 0.786133 0.682813 0.787109 0.682813 0.788086 0.680469 0.791016 0.680469 0.791992 0.678906 0.793945 0.678906 0.794922 0.678125 0.795898 0.678125 0.796875 0.677344 0.797852 0.677344 0.799805 0.675781 0.801758 0.675781 0.816406 0.676562 0.817383 0.676562 0.820312 0.677344 0.821289 0.677344 0.824219 0.678125 0.825195 0.678125 0.826172 0.678906 0.827148 0.691406 0.827148 0.691406 0.826172 0.692187 0.825195 0.692187 0.823242 0.692969 0.822266 0.692969 0.819336 0.693750 0.818359 0.693750 0.817383 0.694531 0.816406 0.694531 0.815430 0.699219 0.809570 0.700000 0.809570 0.701562 0.807617 0.704688 0.807617 0.705469 0.806641 0.711719 0.806641 0.712500 0.807617 0.714063 0.807617 0.714844 0.806641 0.717969 0.806641 0.718750 0.805664 0.719531 0.805664 0.720313 0.804688 0.721094 0.804688 0.721875 0.803711 0.722656 0.803711 0.726562 0.798828 0.726562 0.797852 0.727344 0.796875 0.727344 0.791992 0.725781 0.790039 0.725781 0.789062 0.725000 0.788086 0.725000 0.787109 0.724219 0.786133 0.723437 0.786133 0.721875 0.784180 0.721094 0.784180 0.720313 0.783203 0.719531 0.783203 0.718750 0.782227 0.717969 0.782227 0.717187 0.781250 0.715625 0.781250 0.714844 0.780273 0.712500 0.780273 0.711719 0.779297 0.710938 0.779297 0.710156 0.778320
8 0.811719 0.383789 0.810156 0.385742 0.809375 0.385742 0.807813 0.387695 0.807031 0.387695 0.807031 0.405273 0.807813 0.405273 0.808594 0.406250 0.809375 0.406250 0.810156 0.407227 0.814063 0.407227 0.814844 0.408203 0.816406 0.408203 0.819531 0.412109 0.819531 0.416016 0.820312 0.416992 0.820312 0.417969 0.821094 0.418945 0.821094 0.420898 0.821875 0.421875 0.821875 0.425781 0.821094 0.426758 0.821094 0.428711 0.821875 0.429688 0.821094 0.430664 0.821094 0.439453 0.821875 0.440430 0.821875 0.448242 0.823438 0.450195 0.823438 0.451172 0.826562 0.455078 0.835938 0.455078 0.843750 0.445312 0.843750 0.444336 0.845313 0.442383 0.845313 0.441406 0.846094 0.440430 0.846094 0.438477 0.848437 0.435547 0.848437 0.409180 0.847656 0.408203 0.847656 0.407227 0.846875 0.406250 0.846875 0.405273 0.846094 0.404297 0.846094 0.403320 0.845313 0.402344 0.845313 0.401367 0.843750 0.399414 0.843750 0.398438 0.842969 0.397461 0.842187 0.397461 0.838281 0.392578 0.838281 0.391602 0.837500 0.391602 0.836719 0.390625 0.835938 0.390625 0.834375 0.388672 0.833594 0.388672 0.832812 0.387695 0.832031 0.387695 0.831250 0.386719 0.828906 0.386719 0.828125 0.385742 0.826562 0.385742 0.825000 0.383789
12 0.260156 0.116211 0.259375 0.117188 0.258594 0.117188 0.257812 0.118164 0.257031 0.118164 0.254688 0.121094 0.254688 0.123047 0.253906 0.124023 0.253906 0.125000 0.252344 0.126953 0.252344 0.128906 0.251563 0.129883 0.251563 0.131836 0.250781 0.132812 0.250781 0.134766 0.249219 0.136719 0.248438 0.136719 0.247656 0.137695 0.246875 0.137695 0.246094 0.136719 0.245312 0.136719 0.242969 0.133789 0.242969 0.132812 0.242188 0.131836 0.242188 0.130859 0.237500 0.125000 0.235937 0.125000 0.235156 0.124023 0.233594 0.124023 0.232813 0.123047 0.228125 0.123047 0.227344 0.122070 0.226562 0.123047 0.225781 0.123047 0.225000 0.124023 0.224219 0.124023 0.221875 0.126953 0.221875 0.128906 0.221094 0.129883 0.221094 0.134766 0.221875 0.135742 0.221875 0.138672 0.222656 0.139648 0.222656 0.142578 0.223438 0.143555 0.223438 0.145508 0.224219 0.146484 0.224219 0.147461 0.225000 0.148438 0.225000 0.149414 0.227344 0.152344 0.227344 0.153320 0.228906 0.155273 0.228906 0.156250 0.234375 0.163086 0.235156 0.163086 0.235937 0.164062 0.236719 0.164062 0.237500 0.165039 0.238281 0.165039 0.239844 0.166992 0.240625 0.166992 0.242188 0.168945 0.263281 0.168945 0.264062 0.167969 0.264844 0.167969 0.266406 0.166016 0.267188 0.166016 0.268750 0.164062 0.269531 0.164062 0.275000 0.157227 0.275000 0.155273 0.276562 0.153320 0.276562 0.152344 0.277344 0.151367 0.277344 0.127930 0.276562 0.126953 0.276562 0.125977 0.275000 0.124023 0.275000 0.123047 0.274219 0.122070 0.274219 0.121094 0.272656 0.119141 0.271875 0.119141 0.271094 0.118164 0.269531 0.118164 0.268750 0.117188 0.267188 0.117188 0.266406 0.116211
12 0.019531 0.859375 0.017969 0.861328 0.017188 0.861328 0.016406 0.862305 0.015625 0.862305 0.014844 0.863281 0.014063 0.863281 0.008594 0.870117 0.007812 0.870117 0.007031 0.871094 0.007031 0.872070 0.006250 0.873047 0.006250 0.874023 0.003906 0.876953 0.003906 0.878906 0.003125 0.879883 0.003125 0.880859 0.002344 0.881836 0.002344 0.882812 0.001563 0.883789 0.001563 0.905273 0.002344 0.906250 0.002344 0.908203 0.003125 0.909180 0.003125 0.911133 0.003906 0.912109 0.003906 0.913086 0.004687 0.914062 0.004687 0.915039 0.006250 0.916992 0.006250 0.917969 0.009375 0.921875 0.010156 0.921875 0.012500 0.924805 0.013281 0.924805 0.014844 0.926758 0.015625 0.926758 0.017188 0.928711 0.030469 0.928711 0.032031 0.926758 0.032031 0.925781 0.032813 0.924805 0.032813 0.922852 0.033594 0.921875 0.033594 0.920898 0.034375 0.919922 0.034375 0.917969 0.035937 0.916016 0.035937 0.915039 0.036719 0.914062 0.036719 0.910156 0.035937 0.909180 0.035937 0.907227 0.034375 0.905273 0.034375 0.904297 0.032813 0.902344 0.032813 0.901367 0.029687 0.897461 0.029687 0.896484 0.028906 0.895508 0.028906 0.894531 0.028125 0.893555 0.028125 0.888672 0.030469 0.885742 0.032031 0.885742 0.032813 0.884766 0.039844 0.884766 0.040625 0.883789 0.041406 0.883789 0.042188 0.882812 0.043750 0.882812 0.046094 0.879883 0.046875 0.879883 0.048438 0.877930 0.049219 0.877930 0.050781 0.875977 0.050781 0.875000 0.051562 0.874023 0.051562 0.868164 0.050781 0.867188 0.050781 0.865234 0.046875 0.860352 0.046094 0.860352 0.045312 0.859375
8 0.163281 0.519531 0.160938 0.522461 0.160156 0.522461 0.157812 0.525391 0.157812 0.526367 0.157031 0.527344 0.157031 0.528320 0.156250 0.529297 0.156250 0.534180 0.157031 0.535156 0.157031 0.536133 0.157812 0.537109 0.157812 0.538086 0.158594 0.539062 0.158594 0.540039 0.164062 0.546875 0.164062 0.550781 0.161719 0.553711 0.160938 0.553711 0.160156 0.554688 0.157031 0.554688 0.156250 0.555664 0.154688 0.555664 0.153906 0.556641 0.152344 0.556641 0.151562 0.557617 0.150781 0.557617 0.150000 0.558594 0.149219 0.558594 0.148438 0.559570 0.147656 0.559570 0.146875 0.560547 0.146094 0.560547 0.143750 0.563477 0.142969 0.563477 0.142969 0.579102 0.144531 0.581055 0.145313 0.581055 0.147656 0.583984 0.148438 0.583984 0.150000 0.585938 0.150781 0.585938 0.151562 0.586914 0.152344 0.586914 0.153125 0.587891 0.153906 0.587891 0.154688 0.588867 0.170313 0.588867 0.171094 0.587891 0.172656 0.587891 0.173437 0.586914 0.175000 0.586914 0.175781 0.585938 0.176563 0.585938 0.177344 0.584961 0.178125 0.584961 0.178906 0.583984 0.179688 0.583984 0.182031 0.581055 0.182812 0.581055 0.182812 0.580078 0.185156 0.577148 0.185156 0.576172 0.186719 0.574219 0.186719 0.572266 0.187500 0.571289 0.187500 0.569336 0.188281 0.568359 0.188281 0.566406 0.189062 0.565430 0.189062 0.539062 0.187500 0.537109 0.187500 0.536133 0.186719 0.535156 0.186719 0.534180 0.185938 0.533203 0.185938 0.532227 0.185156 0.531250 0.185156 0.530273 0.183594 0.528320 0.183594 0.527344 0.180469 0.523438 0.179688 0.523438 0.178125 0.521484 0.177344 0.521484 0.176563 0.520508 0.175781 0.520508 0.175000 0.519531
5 0.307031 0.878906 0.306250 0.879883 0.305469 0.879883 0.304688 0.880859 0.303125 0.880859 0.302344 0.881836 0.300781 0.881836 0.300000 0.882812 0.299219 0.882812 0.297656 0.884766 0.296875 0.884766 0.295312 0.886719 0.294531 0.886719 0.292187 0.889648 0.292187 0.890625 0.289844 0.893555 0.289844 0.894531 0.289062 0.895508 0.289062 0.896484 0.286719 0.899414 0.286719 0.916992 0.287500 0.917969 0.287500 0.918945 0.289062 0.920898 0.290625 0.920898 0.291406 0.921875 0.292969 0.921875 0.296875 0.926758 0.297656 0.926758 0.298438 0.927734 0.299219 0.927734 0.300000 0.928711 0.302344 0.928711 0.303125 0.927734 0.303125 0.926758 0.303906 0.925781 0.303906 0.922852 0.307812 0.917969 0.307812 0.916992 0.308594 0.916016 0.308594 0.915039 0.310937 0.912109 0.310937 0.911133 0.313281 0.908203 0.314063 0.908203 0.314844 0.907227 0.317188 0.907227 0.319531 0.910156 0.320312 0.910156 0.321094 0.911133 0.321094 0.912109 0.328906 0.921875 0.329688 0.921875 0.330469 0.922852 0.331250 0.922852 0.332031 0.923828 0.332813 0.923828 0.333594 0.924805 0.335938 0.924805 0.336719 0.925781 0.339062 0.925781 0.339844 0.924805 0.341406 0.924805 0.342969 0.922852 0.342969 0.897461 0.340625 0.894531 0.340625 0.893555 0.336719 0.888672 0.335938 0.888672 0.332813 0.884766 0.332031 0.884766 0.330469 0.882812 0.329688 0.882812 0.328125 0.880859 0.327344 0.880859 0.325781 0.878906
3 0.950781 0.767578 0.950000 0.768555 0.946094 0.768555 0.945312 0.769531 0.943750 0.769531 0.942969 0.770508 0.941406 0.770508 0.940625 0.771484 0.939844 0.771484 0.939063 0.772461 0.938281 0.772461 0.935937 0.775391 0.935156 0.775391 0.930469 0.781250 0.930469 0.782227 0.928125 0.785156 0.928125 0.786133 0.926562 0.788086 0.926562 0.789062 0.925781 0.790039 0.925781 0.791016 0.924219 0.792969 0.924219 0.824219 0.925781 0.826172 0.925781 0.827148 0.926562 0.828125 0.926562 0.829102 0.927344 0.830078 0.927344 0.831055 0.932031 0.836914 0.932813 0.836914 0.933594 0.837891 0.947656 0.837891 0.951562 0.833008 0.951562 0.825195 0.950781 0.824219 0.950781 0.822266 0.949219 0.820312 0.949219 0.818359 0.946875 0.815430 0.946875 0.814453 0.946094 0.813477 0.946094 0.811523 0.945312 0.810547 0.945312 0.807617 0.946094 0.806641 0.946094 0.805664 0.946875 0.804688 0.946875 0.803711 0.950781 0.798828 0.950781 0.797852 0.951562 0.796875 0.952344 0.796875 0.953906 0.794922 0.954688 0.794922 0.955469 0.793945 0.957812 0.793945 0.958594 0.792969 0.959375 0.792969 0.960156 0.791992 0.961719 0.791992 0.961719 0.769531 0.960938 0.769531 0.960156 0.768555 0.957031 0.768555 0.956250 0.767578
3 0.692969 0.891602 0.692969 0.893555 0.692187 0.894531 0.692187 0.921875 0.692969 0.922852 0.692969 0.923828 0.693750 0.924805 0.693750 0.925781 0.694531 0.926758 0.694531 0.927734 0.695312 0.928711 0.695312 0.929688 0.696094 0.930664 0.696094 0.931641 0.700781 0.937500 0.700781 0.938477 0.701562 0.939453 0.702344 0.939453 0.703125 0.940430 0.703906 0.940430 0.705469 0.942383 0.706250 0.942383 0.707031 0.943359 0.707812 0.943359 0.708594 0.944336 0.719531 0.944336 0.720313 0.943359 0.720313 0.924805 0.719531 0.924805 0.718750 0.923828 0.718750 0.922852 0.717187 0.920898 0.717187 0.919922 0.716406 0.918945 0.716406 0.917969 0.715625 0.916992 0.715625 0.913086 0.714844 0.912109 0.714844 0.908203 0.714063 0.907227 0.714063 0.905273 0.714844 0.904297 0.714844 0.899414 0.715625 0.898438 0.715625 0.895508 0.716406 0.894531 0.716406 0.893555 0.717187 0.892578 0.717187 0.891602
12 0.639062 0.690430 0.635938 0.694336 0.634375 0.694336 0.632031 0.697266 0.632031 0.698242 0.631250 0.699219 0.631250 0.714844 0.632031 0.715820 0.632031 0.718750 0.632812 0.719727 0.632812 0.724609 0.632031 0.725586 0.632031 0.726562 0.630469 0.728516 0.629687 0.728516 0.628906 0.729492 0.628125 0.729492 0.627344 0.730469 0.621875 0.730469 0.621094 0.731445 0.620313 0.731445 0.619531 0.732422 0.618750 0.732422 0.617969 0.733398 0.617188 0.733398 0.617188 0.757812 0.617969 0.757812 0.618750 0.758789 0.619531 0.758789 0.620313 0.759766 0.621094 0.759766 0.621875 0.760742 0.625000 0.760742 0.625781 0.761719 0.628906 0.761719 0.629687 0.760742 0.635156 0.760742 0.635938 0.759766 0.637500 0.759766 0.638281 0.758789 0.640625 0.758789 0.641406 0.757812 0.642188 0.757812 0.642969 0.756836 0.643750 0.756836 0.645312 0.754883 0.646094 0.754883 0.646875 0.753906 0.647656 0.753906 0.648438 0.752930 0.649219 0.752930 0.650781 0.750977 0.651563 0.750977 0.651563 0.750000 0.653125 0.748047 0.653906 0.748047 0.653906 0.747070 0.658594 0.741211 0.658594 0.740234 0.659375 0.739258 0.659375 0.738281 0.660156 0.737305 0.660156 0.736328 0.661719 0.734375 0.661719 0.713867 0.660937 0.712891 0.660937 0.711914 0.660156 0.710938 0.660156 0.708984 0.659375 0.708008 0.659375 0.707031 0.658594 0.706055 0.658594 0.704102 0.657813 0.703125 0.657813 0.702148 0.657031 0.701172 0.657031 0.700195 0.653906 0.696289 0.653906 0.695312 0.650781 0.691406 0.650000 0.691406 0.649219 0.690430
5 0.721094 0.460938 0.720313 0.461914 0.719531 0.461914 0.718750 0.462891 0.717187 0.462891 0.716406 0.463867 0.715625 0.463867 0.714063 0.465820 0.713281 0.465820 0.711719 0.467773 0.710938 0.467773 0.709375 0.469727 0.709375 0.470703 0.707031 0.473633 0.707031 0.475586 0.705469 0.477539 0.705469 0.496094 0.706250 0.497070 0.706250 0.498047 0.707031 0.499023 0.707031 0.500977 0.712500 0.507812 0.722656 0.507812 0.722656 0.506836 0.725781 0.502930 0.725781 0.501953 0.726562 0.500977 0.726562 0.497070 0.727344 0.496094 0.727344 0.493164 0.728906 0.491211 0.728906 0.490234 0.732031 0.486328 0.732812 0.486328 0.733594 0.485352 0.736719 0.485352 0.737500 0.486328 0.738281 0.486328 0.739062 0.487305 0.739844 0.487305 0.740625 0.488281 0.742188 0.488281 0.742969 0.489258 0.746094 0.489258 0.746875 0.488281 0.748437 0.488281 0.749219 0.487305 0.750781 0.487305 0.751563 0.486328 0.752344 0.486328 0.753125 0.485352 0.753125 0.471680 0.752344 0.471680 0.751563 0.470703 0.751563 0.469727 0.750781 0.468750 0.750000 0.468750 0.749219 0.467773 0.748437 0.467773 0.747656 0.466797 0.746875 0.466797 0.745313 0.464844 0.744531 0.464844 0.743750 0.463867 0.742969 0.463867 0.742188 0.462891 0.741406 0.462891 0.740625 0.461914 0.739062 0.461914 0.738281 0.460938