12 0.489844 0.015625 0.489063 0.016602 0.488281 0.016602 0.487500 0.017578 0.486719 0.017578 0.480469 0.025391 0.480469 0.026367 0.478906 0.028320 0.478906 0.029297 0.478125 0.030273 0.478125 0.031250 0.477344 0.032227 0.477344 0.033203 0.476562 0.034180 0.476562 0.037109 0.475781 0.038086 0.475781 0.040039 0.475000 0.041016 0.475000 0.041992 0.474219 0.042969 0.474219 0.044922 0.473438 0.045898 0.473438 0.048828 0.472656 0.049805 0.472656 0.066406 0.473438 0.067383 0.473438 0.069336 0.474219 0.070312 0.474219 0.072266 0.475000 0.073242 0.475000 0.075195 0.475781 0.076172 0.475781 0.078125 0.494531 0.078125 0.495312 0.077148 0.495312 0.075195 0.496094 0.074219 0.496094 0.069336 0.496875 0.068359 0.496875 0.064453 0.496094 0.063477 0.496094 0.061523 0.495312 0.060547 0.495312 0.058594 0.494531 0.057617 0.494531 0.055664 0.495312 0.054688 0.495312 0.053711 0.498437 0.049805 0.500000 0.049805 0.500781 0.048828 0.501563 0.049805 0.502344 0.049805 0.503125 0.048828 0.507812 0.048828 0.508594 0.047852 0.510156 0.047852 0.510938 0.046875 0.512500 0.046875 0.513281 0.045898 0.514844 0.045898 0.515625 0.044922 0.517188 0.044922 0.517969 0.043945 0.518750 0.043945 0.518750 0.042969 0.521875 0.039062 0.521875 0.038086 0.522656 0.037109 0.522656 0.036133 0.523438 0.035156 0.523438 0.034180 0.524219 0.033203 0.524219 0.030273 0.523438 0.029297 0.523438 0.028320 0.521875 0.026367 0.521875 0.025391 0.519531 0.022461 0.518750 0.022461 0.517969 0.021484 0.517188 0.021484 0.516406 0.020508 0.515625 0.020508 0.514844 0.019531 0.514062 0.019531 0.513281 0.018555 0.511719 0.018555 0.510938 0.017578 0.507812 0.017578 0.507031 0.016602 0.503906 0.016602 0.503125 0.015625
1 0.325000 0.377930 0.321094 0.382812 0.321094 0.383789 0.317969 0.387695 0.317188 0.387695 0.314844 0.390625 0.314844 0.391602 0.314063 0.392578 0.314063 0.393555 0.314844 0.394531 0.314844 0.398438 0.315625 0.399414 0.315625 0.410156 0.314844 0.411133 0.314844 0.416016 0.312500 0.418945 0.311719 0.418945 0.310937 0.419922 0.301563 0.419922 0.298438 0.416016 0.298438 0.439453 0.300781 0.442383 0.301563 0.442383 0.303125 0.444336 0.303906 0.444336 0.304688 0.445312 0.306250 0.445312 0.307031 0.446289 0.307812 0.446289 0.308594 0.447266 0.310156 0.447266 0.310937 0.448242 0.312500 0.448242 0.313281 0.449219 0.321875 0.449219 0.322656 0.448242 0.323437 0.448242 0.324219 0.447266 0.325000 0.447266 0.326562 0.445312 0.328906 0.445312 0.329688 0.444336 0.330469 0.444336 0.332813 0.441406 0.333594 0.441406 0.334375 0.440430 0.335156 0.440430 0.337500 0.437500 0.338281 0.437500 0.340625 0.434570 0.340625 0.432617 0.342969 0.429688 0.342969 0.428711 0.344531 0.426758 0.344531 0.424805 0.345313 0.423828 0.345313 0.396484 0.343750 0.394531 0.343750 0.392578 0.342969 0.391602 0.342969 0.390625 0.340625 0.387695 0.340625 0.386719 0.336719 0.381836 0.335938 0.381836 0.334375 0.379883 0.333594 0.379883 0.332813 0.378906 0.332031 0.378906 0.331250 0.377930
8 0.677344 0.717773 0.675781 0.719727 0.675000 0.719727 0.671875 0.723633 0.671875 0.742188 0.672656 0.743164 0.672656 0.744141 0.673438 0.745117 0.673438 0.746094 0.674219 0.747070 0.674219 0.748047 0.675000 0.749023 0.675000 0.750000 0.675781 0.750977 0.675781 0.751953 0.678125 0.754883 0.678125 0.755859 0.679688 0.757812 0.679688 0.758789 0.680469 0.758789 0.682031 0.760742 0.682813 0.760742 0.684375 0.762695 0.685156 0.762695 0.685937 0.763672 0.686719 0.763672 0.687500 0.764648 0.688281 0.764648 0.689063 0.765625 0.689844 0.765625 0.690625 0.766602 0.692187 0.766602 0.692969 0.767578 0.694531 0.767578 0.695312 0.768555 0.710156 0.768555 0.711719 0.766602 0.712500 0.766602 0.713281 0.765625 0.714063 0.765625 0.714844 0.764648 0.715625 0.764648 0.720313 0.758789 0.720313 0.757812 0.721094 0.756836 0.721094 0.755859 0.721875 0.754883 0.721875 0.753906 0.723437 0.751953 0.723437 0.750977 0.724219 0.750000 0.724219 0.749023 0.725781 0.747070 0.725781 0.730469 0.725000 0.729492 0.724219 0.729492 0.723437 0.728516 0.722656 0.728516 0.721875 0.727539 0.719531 0.727539 0.718750 0.726562 0.716406 0.726562 0.715625 0.727539 0.714844 0.727539 0.714063 0.728516 0.713281 0.728516 0.712500 0.729492 0.711719 0.729492 0.709375 0.732422 0.707812 0.732422 0.707031 0.733398 0.705469 0.733398 0.704688 0.734375 0.698438 0.734375 0.697656 0.733398 0.692969 0.733398 0.690625 0.730469 0.690625 0.729492 0.689844 0.728516 0.689844 0.727539 0.689063 0.726562 0.689063 0.725586 0.688281 0.724609 0.688281 0.723633 0.687500 0.722656 0.687500 0.721680 0.686719 0.720703 0.686719 0.719727 0.685156 0.717773
7 0.358594 0.775391 0.357812 0.776367 0.357031 0.776367 0.356250 0.777344 0.355469 0.777344 0.354687 0.778320 0.353906 0.778320 0.353125 0.779297 0.352344 0.779297 0.350781 0.781250 0.350000 0.781250 0.347656 0.784180 0.347656 0.785156 0.343750 0.790039 0.343750 0.791992 0.342187 0.793945 0.342187 0.794922 0.341406 0.795898 0.341406 0.798828 0.339844 0.800781 0.339844 0.804688 0.339062 0.805664 0.339062 0.808594 0.338281 0.809570 0.338281 0.810547 0.337500 0.811523 0.337500 0.820312 0.338281 0.821289 0.338281 0.824219 0.339062 0.825195 0.339062 0.829102 0.341406 0.832031 0.341406 0.833008 0.345313 0.837891 0.361719 0.837891 0.361719 0.836914 0.362500 0.835938 0.362500 0.834961 0.364063 0.833008 0.364063 0.832031 0.364844 0.831055 0.364844 0.825195 0.364063 0.824219 0.364063 0.821289 0.362500 0.819336 0.362500 0.812500 0.363281 0.811523 0.363281 0.810547 0.364063 0.809570 0.364063 0.808594 0.364844 0.807617 0.364844 0.806641 0.365625 0.805664 0.366406 0.805664 0.367969 0.803711 0.367969 0.802734 0.371094 0.798828 0.371875 0.798828 0.373437 0.796875 0.375781 0.796875 0.376563 0.795898 0.377344 0.795898 0.378125 0.794922 0.380469 0.794922 0.382031 0.792969 0.383594 0.792969 0.384375 0.791992 0.385156 0.791992 0.385937 0.791016 0.386719 0.791016 0.388281 0.789062 0.388281 0.788086 0.389844 0.786133 0.389844 0.783203 0.388281 0.781250 0.388281 0.780273 0.386719 0.778320 0.385937 0.778320 0.385156 0.777344 0.384375 0.777344 0.383594 0.776367 0.383594 0.775391
2 0.671094 0.215820 0.671094 0.216797 0.670312 0.217773 0.669531 0.217773 0.664844 0.223633 0.664844 0.226562 0.663281 0.228516 0.663281 0.231445 0.662500 0.232422 0.662500 0.249023 0.663281 0.250000 0.663281 0.250977 0.664844 0.252930 0.664844 0.255859 0.665625 0.256836 0.665625 0.258789 0.667188 0.260742 0.667188 0.261719 0.670312 0.265625 0.671094 0.265625 0.671875 0.266602 0.671875 0.267578 0.672656 0.268555 0.673438 0.268555 0.676562 0.272461 0.677344 0.272461 0.678125 0.273438 0.678906 0.273438 0.679688 0.274414 0.681250 0.274414 0.682813 0.276367 0.707031 0.276367 0.707812 0.275391 0.708594 0.275391 0.709375 0.274414 0.710156 0.274414 0.712500 0.271484 0.713281 0.271484 0.714844 0.269531 0.715625 0.269531 0.716406 0.268555 0.716406 0.267578 0.717187 0.266602 0.717969 0.266602 0.717969 0.265625 0.719531 0.263672 0.719531 0.260742 0.720313 0.259766 0.720313 0.257812 0.718750 0.255859 0.718750 0.253906 0.717969 0.252930 0.717969 0.251953 0.714844 0.248047 0.714844 0.247070 0.713281 0.245117 0.712500 0.245117 0.710938 0.243164 0.710156 0.243164 0.709375 0.242188 0.708594 0.242188 0.707812 0.241211 0.704688 0.241211 0.703906 0.240234 0.701562 0.240234 0.700781 0.241211 0.700000 0.241211 0.699219 0.240234 0.697656 0.240234 0.696875 0.241211 0.695312 0.241211 0.694531 0.242188 0.692969 0.242188 0.692187 0.243164 0.689844 0.243164 0.689063 0.242188 0.688281 0.242188 0.687500 0.241211 0.687500 0.239258 0.688281 0.238281 0.688281 0.233398 0.689063 0.232422 0.689063 0.230469 0.689844 0.229492 0.689844 0.224609 0.689063 0.223633 0.689063 0.220703 0.688281 0.219727 0.688281 0.218750 0.686719 0.216797 0.686719 0.215820
3 0.766406 0.894531 0.765625 0.895508 0.765625 0.903320 0.766406 0.904297 0.766406 0.906250 0.767188 0.907227 0.767188 0.908203 0.767969 0.909180 0.767969 0.911133 0.768750 0.912109 0.768750 0.913086 0.769531 0.914062 0.769531 0.916016 0.770312 0.916992 0.770312 0.918945 0.771094 0.919922 0.771094 0.920898 0.772656 0.922852 0.772656 0.923828 0.773438 0.924805 0.773438 0.925781 0.775000 0.927734 0.775000 0.928711 0.775781 0.929688 0.775781 0.930664 0.777344 0.932617 0.777344 0.933594 0.778125 0.934570 0.778125 0.935547 0.778906 0.936523 0.778906 0.937500 0.780469 0.939453 0.780469 0.940430 0.782031 0.942383 0.782031 0.943359 0.782813 0.944336 0.782813 0.945312 0.783594 0.946289 0.783594 0.947266 0.784375 0.948242 0.784375 0.949219 0.785156 0.949219 0.788281 0.953125 0.807031 0.953125 0.807031 0.952148 0.808594 0.950195 0.808594 0.949219 0.809375 0.948242 0.809375 0.947266 0.810156 0.946289 0.810156 0.945312 0.810937 0.944336 0.810937 0.941406 0.812500 0.939453 0.812500 0.925781 0.811719 0.924805 0.811719 0.922852 0.810937 0.921875 0.810937 0.919922 0.809375 0.917969 0.809375 0.916992 0.808594 0.916016 0.808594 0.915039 0.807031 0.913086 0.807031 0.912109 0.804688 0.909180 0.803906 0.909180 0.800781 0.905273 0.800000 0.905273 0.799219 0.904297 0.798438 0.904297 0.797656 0.903320 0.796875 0.903320 0.795312 0.901367 0.794531 0.901367 0.792969 0.899414 0.792188 0.899414 0.791406 0.898438 0.790625 0.898438 0.789844 0.897461 0.788281 0.897461 0.787500 0.896484 0.786719 0.896484 0.785156 0.894531
5 0.121875 0.453125 0.121094 0.454102 0.120313 0.454102 0.119531 0.455078 0.117969 0.455078 0.117188 0.456055 0.116406 0.456055 0.115625 0.457031 0.114844 0.457031 0.114062 0.458008 0.113281 0.458008 0.112500 0.458984 0.111719 0.458984 0.109375 0.461914 0.108594 0.461914 0.108594 0.462891 0.106250 0.465820 0.106250 0.466797 0.105469 0.467773 0.105469 0.468750 0.103906 0.470703 0.103906 0.471680 0.103125 0.472656 0.103125 0.473633 0.102344 0.474609 0.102344 0.497070 0.103906 0.499023 0.103906 0.500000 0.104688 0.500977 0.104688 0.501953 0.106250 0.503906 0.106250 0.504883 0.107031 0.505859 0.107031 0.506836 0.109375 0.509766 0.109375 0.510742 0.111719 0.513672 0.111719 0.514648 0.113281 0.516602 0.114062 0.516602 0.116406 0.519531 0.128125 0.519531 0.129688 0.517578 0.130469 0.517578 0.133594 0.513672 0.133594 0.512695 0.134375 0.511719 0.134375 0.510742 0.135156 0.509766 0.135156 0.504883 0.134375 0.503906 0.134375 0.500977 0.133594 0.500000 0.133594 0.497070 0.132812 0.496094 0.132812 0.495117 0.130469 0.492188 0.129688 0.492188 0.125000 0.486328 0.125000 0.481445 0.127344 0.478516 0.128125 0.478516 0.129688 0.476562 0.130469 0.476562 0.131250 0.475586 0.132031 0.475586 0.132812 0.474609 0.133594 0.474609 0.134375 0.473633 0.135156 0.473633 0.135937 0.472656 0.136719 0.472656 0.139063 0.469727 0.139063 0.456055 0.136719 0.453125
8 0.368750 0.388672 0.367969 0.389648 0.366406 0.389648 0.365625 0.390625 0.364063 0.390625 0.360938 0.394531 0.360156 0.394531 0.360156 0.415039 0.360938 0.415039 0.361719 0.416016 0.364063 0.416016 0.364844 0.416992 0.367969 0.416992 0.368750 0.417969 0.370312 0.417969 0.371094 0.418945 0.371875 0.418945 0.375000 0.422852 0.375781 0.422852 0.376563 0.423828 0.377344 0.423828 0.379688 0.426758 0.379688 0.427734 0.380469 0.428711 0.380469 0.430664 0.379688 0.431641 0.379688 0.432617 0.378906 0.433594 0.378906 0.434570 0.376563 0.437500 0.375781 0.437500 0.374219 0.439453 0.374219 0.440430 0.372656 0.442383 0.371875 0.442383 0.370312 0.444336 0.369531 0.444336 0.367969 0.446289 0.367969 0.447266 0.367188 0.448242 0.367188 0.449219 0.367969 0.450195 0.367969 0.452148 0.368750 0.453125 0.368750 0.455078 0.382031 0.455078 0.383594 0.453125 0.386719 0.453125 0.387500 0.454102 0.388281 0.454102 0.389062 0.453125 0.390625 0.453125 0.391406 0.454102 0.392188 0.453125 0.393750 0.453125 0.397656 0.448242 0.397656 0.446289 0.398438 0.445312 0.398438 0.444336 0.400000 0.442383 0.400000 0.412109 0.399219 0.411133 0.399219 0.410156 0.398438 0.409180 0.398438 0.408203 0.396875 0.406250 0.396875 0.405273 0.394531 0.402344 0.394531 0.401367 0.389062 0.394531 0.388281 0.394531 0.387500 0.393555 0.386719 0.393555 0.385937 0.392578 0.385156 0.392578 0.384375 0.391602 0.382812 0.391602 0.382031 0.390625 0.379688 0.390625 0.378906 0.389648 0.375781 0.389648 0.375000 0.388672
6 0.028125 0.847656 0.027344 0.848633 0.025000 0.848633 0.024219 0.849609 0.021875 0.849609 0.021094 0.850586 0.020313 0.850586 0.018750 0.852539 0.017969 0.852539 0.017188 0.853516 0.017188 0.854492 0.014844 0.857422 0.014844 0.858398 0.010937 0.863281 0.010937 0.879883 0.012500 0.881836 0.012500 0.882812 0.013281 0.883789 0.014063 0.883789 0.019531 0.890625 0.020313 0.890625 0.021094 0.891602 0.025000 0.891602 0.025781 0.890625 0.026562 0.890625 0.028906 0.887695 0.029687 0.887695 0.031250 0.885742 0.032031 0.885742 0.032813 0.884766 0.032813 0.883789 0.035937 0.879883 0.037500 0.879883 0.039062 0.881836 0.039062 0.882812 0.039844 0.883789 0.039844 0.887695 0.040625 0.888672 0.040625 0.890625 0.042969 0.893555 0.042969 0.894531 0.043750 0.895508 0.043750 0.896484 0.044531 0.897461 0.044531 0.898438 0.046094 0.900391 0.046094 0.901367 0.046875 0.901367 0.048438 0.903320 0.049219 0.903320 0.050000 0.904297 0.051562 0.904297 0.052344 0.905273 0.053125 0.905273 0.054688 0.907227 0.054688 0.908203 0.059375 0.908203 0.060937 0.906250 0.061719 0.906250 0.062500 0.905273 0.062500 0.904297 0.067187 0.898438 0.067187 0.875977 0.066406 0.875000 0.066406 0.874023 0.065625 0.873047 0.065625 0.872070 0.064062 0.870117 0.064062 0.868164 0.063281 0.867188 0.063281 0.866211 0.061719 0.864258 0.061719 0.863281 0.056250 0.856445 0.055469 0.856445 0.054688 0.855469 0.053906 0.855469 0.053125 0.854492 0.052344 0.854492 0.051562 0.853516 0.050781 0.853516 0.050000 0.852539 0.049219 0.852539 0.048438 0.851562 0.047656 0.851562 0.046875 0.850586 0.046094 0.850586 0.045312 0.849609 0.044531 0.849609 0.043750 0.848633 0.042969 0.848633 0.042188 0.847656
5 0.716406 0.367188 0.714844 0.369141 0.714844 0.370117 0.708594 0.377930 0.707812 0.377930 0.707031 0.378906 0.702344 0.378906 0.701562 0.379883 0.695312 0.379883 0.694531 0.380859 0.692969 0.380859 0.692187 0.381836 0.690625 0.381836 0.689844 0.380859 0.689063 0.380859 0.688281 0.379883 0.688281 0.378906 0.687500 0.377930 0.687500 0.376953 0.686719 0.375977 0.686719 0.375000 0.682031 0.369141 0.677344 0.369141 0.676562 0.370117 0.675781 0.370117 0.675000 0.371094 0.675000 0.372070 0.671875 0.375977 0.671875 0.391602 0.672656 0.392578 0.672656 0.393555 0.673438 0.394531 0.673438 0.395508 0.675000 0.397461 0.675000 0.398438 0.682031 0.407227 0.682813 0.407227 0.683594 0.408203 0.684375 0.408203 0.685156 0.409180 0.685937 0.409180 0.687500 0.411133 0.709375 0.411133 0.710156 0.410156 0.710938 0.410156 0.711719 0.409180 0.713281 0.409180 0.714063 0.408203 0.714844 0.408203 0.715625 0.407227 0.716406 0.407227 0.717187 0.406250 0.717969 0.406250 0.719531 0.404297 0.720313 0.404297 0.724219 0.399414 0.725000 0.399414 0.725781 0.398438 0.725781 0.397461 0.727344 0.395508 0.727344 0.393555 0.728125 0.392578 0.728125 0.389648 0.728906 0.388672 0.728906 0.387695 0.729688 0.386719 0.729688 0.374023 0.728125 0.372070 0.728125 0.371094 0.727344 0.371094 0.725781 0.369141 0.725000 0.369141 0.723437 0.367188
5 0.731250 0.856445 0.729688 0.858398 0.728906 0.858398 0.728125 0.859375 0.727344 0.859375 0.724219 0.863281 0.723437 0.863281 0.723437 0.864258 0.720313 0.868164 0.720313 0.889648 0.721094 0.890625 0.721094 0.891602 0.722656 0.893555 0.722656 0.894531 0.724219 0.896484 0.724219 0.897461 0.726562 0.900391 0.726562 0.901367 0.727344 0.901367 0.729688 0.904297 0.730469 0.904297 0.732031 0.906250 0.732812 0.906250 0.734375 0.908203 0.735156 0.908203 0.735938 0.909180 0.737500 0.909180 0.738281 0.910156 0.740625 0.910156 0.741406 0.911133 0.742969 0.911133 0.743750 0.912109 0.757812 0.912109 0.759375 0.910156 0.760156 0.910156 0.760938 0.909180 0.762500 0.909180 0.763281 0.908203 0.764062 0.908203 0.767969 0.903320 0.767969 0.892578 0.767188 0.892578 0.766406 0.891602 0.765625 0.891602 0.764844 0.890625 0.757031 0.890625 0.756250 0.889648 0.752344 0.889648 0.751563 0.888672 0.750781 0.888672 0.749219 0.886719 0.748437 0.886719 0.747656 0.885742 0.746875 0.885742 0.745313 0.883789 0.745313 0.882812 0.744531 0.881836 0.744531 0.877930 0.743750 0.876953 0.743750 0.875000 0.744531 0.874023 0.744531 0.863281 0.743750 0.862305 0.743750 0.861328 0.742188 0.859375 0.741406 0.859375 0.740625 0.858398 0.739844 0.858398 0.738281 0.856445
4 0.847656 0.708984 0.844531 0.712891 0.844531 0.713867 0.842969 0.715820 0.842969 0.723633 0.844531 0.725586 0.844531 0.727539 0.846094 0.729492 0.846094 0.731445 0.846875 0.732422 0.846875 0.734375 0.847656 0.735352 0.847656 0.741211 0.843750 0.746094 0.843750 0.747070 0.842187 0.749023 0.841406 0.749023 0.839063 0.751953 0.838281 0.751953 0.836719 0.753906 0.835938 0.753906 0.835156 0.754883 0.834375 0.754883 0.833594 0.755859 0.833594 0.769531 0.834375 0.770508 0.835156 0.770508 0.837500 0.773438 0.847656 0.773438 0.848437 0.772461 0.849219 0.772461 0.850000 0.771484 0.850781 0.771484 0.851562 0.770508 0.852344 0.770508 0.853125 0.769531 0.853906 0.769531 0.854688 0.768555 0.855469 0.768555 0.859375 0.763672 0.860156 0.763672 0.866406 0.755859 0.866406 0.754883 0.867969 0.752930 0.867969 0.750977 0.869531 0.749023 0.869531 0.722656 0.865625 0.717773 0.865625 0.716797 0.862500 0.712891 0.861719 0.712891 0.860156 0.710938 0.859375 0.710938 0.858594 0.709961 0.857812 0.709961 0.857031 0.708984
2 0.100000 0.794922 0.099219 0.795898 0.099219 0.796875 0.096875 0.799805 0.096875 0.800781 0.096094 0.801758 0.096094 0.802734 0.091406 0.808594 0.090625 0.808594 0.088281 0.811523 0.087500 0.811523 0.085938 0.813477 0.078906 0.813477 0.077344 0.815430 0.077344 0.816406 0.076563 0.817383 0.076563 0.818359 0.075781 0.819336 0.075781 0.821289 0.075000 0.822266 0.075000 0.824219 0.074219 0.825195 0.074219 0.829102 0.075000 0.830078 0.075000 0.831055 0.080469 0.837891 0.081250 0.837891 0.082812 0.839844 0.103906 0.839844 0.104688 0.838867 0.105469 0.838867 0.110937 0.832031 0.110937 0.826172 0.111719 0.825195 0.111719 0.823242 0.112500 0.822266 0.112500 0.819336 0.113281 0.818359 0.113281 0.816406 0.114062 0.815430 0.114062 0.814453 0.114844 0.813477 0.114844 0.812500 0.115625 0.811523 0.115625 0.810547 0.116406 0.809570 0.116406 0.808594 0.117188 0.807617 0.117188 0.804688 0.117969 0.803711 0.117969 0.801758 0.117188 0.800781 0.117188 0.799805 0.113281 0.794922
6 0.480469 0.650391 0.480469 0.653320 0.479687 0.654297 0.479687 0.656250 0.478125 0.658203 0.478125 0.659180 0.476562 0.661133 0.476562 0.662109 0.475781 0.663086 0.475781 0.664062 0.475000 0.665039 0.475000 0.666016 0.473438 0.667969 0.473438 0.670898 0.472656 0.671875 0.472656 0.672852 0.471875 0.673828 0.471094 0.673828 0.469531 0.675781 0.468750 0.675781 0.467969 0.676758 0.462500 0.676758 0.461719 0.675781 0.460938 0.675781 0.460156 0.674805 0.459375 0.674805 0.458594 0.673828 0.451562 0.673828 0.450000 0.675781 0.449219 0.675781 0.448437 0.676758 0.447656 0.676758 0.445312 0.679688 0.445312 0.691406 0.446875 0.693359 0.446875 0.694336 0.452344 0.701172 0.453125 0.701172 0.453906 0.702148 0.454688 0.702148 0.455469 0.703125 0.456250 0.703125 0.457031 0.704102 0.478125 0.704102 0.478906 0.703125 0.481250 0.703125 0.482031 0.702148 0.482812 0.702148 0.483594 0.701172 0.484375 0.701172 0.485156 0.700195 0.485938 0.700195 0.487500 0.698242 0.488281 0.698242 0.489063 0.697266 0.489844 0.697266 0.490625 0.696289 0.490625 0.695312 0.494531 0.690430 0.494531 0.689453 0.495312 0.688477 0.495312 0.687500 0.496094 0.686523 0.496094 0.685547 0.496875 0.684570 0.496875 0.682617 0.497656 0.681641 0.497656 0.679688 0.498437 0.678711 0.498437 0.675781 0.499219 0.674805 0.499219 0.673828 0.500000 0.672852 0.500000 0.664062 0.499219 0.663086 0.499219 0.660156 0.498437 0.659180 0.498437 0.655273 0.497656 0.654297 0.497656 0.653320 0.496875 0.652344 0.496875 0.651367 0.496094 0.650391
5 0.835156 0.817383 0.834375 0.818359 0.833594 0.818359 0.832812 0.819336 0.832031 0.819336 0.831250 0.820312 0.829688 0.820312 0.827344 0.823242 0.826562 0.823242 0.820312 0.831055 0.820312 0.832031 0.819531 0.833008 0.819531 0.833984 0.818750 0.834961 0.818750 0.835938 0.817969 0.836914 0.817969 0.838867 0.817187 0.839844 0.817187 0.840820 0.816406 0.841797 0.816406 0.868164 0.817969 0.870117 0.817969 0.871094 0.818750 0.872070 0.818750 0.873047 0.819531 0.874023 0.819531 0.875000 0.826562 0.883789 0.827344 0.883789 0.828906 0.885742 0.829688 0.885742 0.830469 0.886719 0.831250 0.886719 0.832031 0.887695 0.846875 0.887695 0.846875 0.886719 0.850000 0.882812 0.850000 0.873047 0.849219 0.872070 0.849219 0.869141 0.848437 0.868164 0.848437 0.866211 0.846875 0.864258 0.846875 0.863281 0.845313 0.861328 0.845313 0.860352 0.844531 0.859375 0.844531 0.858398 0.843750 0.857422 0.843750 0.855469 0.842969 0.854492 0.842969 0.848633 0.845313 0.845703 0.846875 0.845703 0.847656 0.844727 0.849219 0.844727 0.850000 0.843750 0.850781 0.843750 0.851562 0.842773 0.852344 0.842773 0.853125 0.841797 0.853906 0.841797 0.857031 0.837891 0.857812 0.837891 0.857812 0.820312 0.857031 0.819336 0.856250 0.819336 0.855469 0.818359 0.853906 0.818359 0.853125 0.817383
8 0.459375 0.488281 0.458594 0.489258 0.456250 0.489258 0.453125 0.493164 0.453125 0.496094 0.452344 0.497070 0.452344 0.499023 0.451562 0.500000 0.451562 0.501953 0.448437 0.505859 0.444531 0.505859 0.443750 0.504883 0.442969 0.505859 0.439063 0.505859 0.438281 0.504883 0.437500 0.505859 0.436719 0.505859 0.435937 0.504883 0.435156 0.504883 0.433594 0.502930 0.432812 0.502930 0.431250 0.500977 0.431250 0.500000 0.429688 0.498047 0.429688 0.497070 0.426563 0.493164 0.425781 0.493164 0.425000 0.492188 0.417187 0.492188 0.416406 0.493164 0.414844 0.493164 0.411719 0.497070 0.411719 0.498047 0.410938 0.499023 0.410938 0.521484 0.412500 0.523438 0.412500 0.524414 0.414062 0.526367 0.414062 0.527344 0.415625 0.529297 0.416406 0.529297 0.417187 0.530273 0.417969 0.530273 0.418750 0.531250 0.419531 0.531250 0.420312 0.532227 0.421094 0.532227 0.422656 0.534180 0.424219 0.534180 0.425000 0.535156 0.426563 0.535156 0.427344 0.536133 0.428125 0.536133 0.428906 0.537109 0.448437 0.537109 0.449219 0.536133 0.450781 0.536133 0.451562 0.535156 0.453125 0.535156 0.453906 0.534180 0.456250 0.534180 0.457031 0.533203 0.457813 0.533203 0.459375 0.531250 0.460156 0.531250 0.464844 0.525391 0.464844 0.524414 0.465625 0.523438 0.465625 0.522461 0.466406 0.521484 0.466406 0.520508 0.467969 0.518555 0.467969 0.517578 0.468750 0.516602 0.468750 0.515625 0.470313 0.513672 0.470313 0.500000 0.469531 0.499023 0.469531 0.498047 0.468750 0.497070 0.468750 0.496094 0.467969 0.495117 0.467969 0.494141 0.465625 0.491211 0.464844 0.491211 0.464062 0.490234 0.463281 0.490234 0.462500 0.489258 0.460938 0.489258 0.460156 0.488281
4 0.777344 0.321289 0.776563 0.322266 0.775781 0.322266 0.774219 0.324219 0.773438 0.324219 0.772656 0.325195 0.771875 0.325195 0.767188 0.331055 0.767188 0.332031 0.764844 0.334961 0.764844 0.335938 0.764062 0.336914 0.764062 0.337891 0.762500 0.339844 0.762500 0.340820 0.761719 0.341797 0.761719 0.342773 0.760938 0.343750 0.760938 0.344727 0.760156 0.345703 0.760156 0.346680 0.759375 0.347656 0.759375 0.350586 0.758594 0.351562 0.758594 0.357422 0.757812 0.358398 0.757812 0.361328 0.758594 0.362305 0.758594 0.367188 0.759375 0.368164 0.759375 0.369141 0.760938 0.371094 0.760938 0.372070 0.761719 0.373047 0.761719 0.374023 0.780469 0.374023 0.780469 0.373047 0.781250 0.372070 0.781250 0.369141 0.782031 0.368164 0.782031 0.367188 0.783594 0.365234 0.783594 0.363281 0.784375 0.362305 0.784375 0.361328 0.783594 0.360352 0.784375 0.359375 0.784375 0.358398 0.783594 0.357422 0.783594 0.356445 0.784375 0.355469 0.784375 0.350586 0.785156 0.349609 0.785156 0.347656 0.787500 0.344727 0.788281 0.344727 0.789062 0.343750 0.793750 0.343750 0.794531 0.344727 0.795312 0.344727 0.797656 0.347656 0.800000 0.347656 0.800781 0.348633 0.801562 0.347656 0.803125 0.347656 0.804688 0.345703 0.805469 0.345703 0.806250 0.344727 0.807813 0.344727 0.808594 0.343750 0.809375 0.343750 0.811719 0.340820 0.811719 0.339844 0.812500 0.338867 0.812500 0.333984 0.811719 0.333008 0.811719 0.331055 0.810937 0.330078 0.810937 0.329102 0.809375 0.327148 0.809375 0.326172 0.808594 0.325195 0.807813 0.325195 0.805469 0.322266 0.804688 0.322266 0.803906 0.321289
0 0.221875 0.168945 0.221094 0.169922 0.220312 0.169922 0.219531 0.170898 0.217969 0.170898 0.217188 0.171875 0.216406 0.171875 0.214844 0.173828 0.213281 0.173828 0.210938 0.176758 0.210156 0.176758 0.207813 0.179688 0.207031 0.179688 0.206250 0.180664 0.206250 0.181641 0.203906 0.184570 0.203906 0.185547 0.200781 0.189453 0.200781 0.200195 0.201563 0.201172 0.201563 0.202148 0.200781 0.203125 0.200781 0.206055 0.202344 0.208008 0.202344 0.210938 0.203906 0.212891 0.203906 0.213867 0.215625 0.213867 0.215625 0.212891 0.216406 0.211914 0.216406 0.209961 0.217969 0.208008 0.217969 0.205078 0.221094 0.201172 0.221875 0.201172 0.222656 0.200195 0.223438 0.200195 0.224219 0.199219 0.226562 0.199219 0.227344 0.198242 0.234375 0.198242 0.235156 0.199219 0.235937 0.199219 0.236719 0.200195 0.237500 0.200195 0.238281 0.201172 0.239844 0.201172 0.240625 0.202148 0.242188 0.202148 0.242969 0.203125 0.248438 0.203125 0.250000 0.201172 0.250781 0.201172 0.251563 0.200195 0.252344 0.200195 0.254688 0.197266 0.254688 0.183594 0.253125 0.181641 0.253125 0.180664 0.251563 0.178711 0.251563 0.177734 0.250000 0.175781 0.249219 0.175781 0.246875 0.172852 0.245312 0.172852 0.244531 0.171875 0.243750 0.171875 0.242969 0.170898 0.241406 0.170898 0.240625 0.169922 0.239844 0.169922 0.239063 0.168945
5 0.908594 0.200195 0.907813 0.201172 0.907031 0.201172 0.903906 0.205078 0.903906 0.206055 0.903125 0.207031 0.903125 0.208008 0.902344 0.208984 0.902344 0.213867 0.901563 0.214844 0.901563 0.215820 0.900781 0.216797 0.900781 0.217773 0.893750 0.226562 0.892188 0.226562 0.891406 0.227539 0.888281 0.227539 0.887500 0.226562 0.886719 0.226562 0.885938 0.225586 0.885156 0.225586 0.882812 0.222656 0.882031 0.222656 0.881250 0.221680 0.881250 0.220703 0.879687 0.218750 0.878906 0.218750 0.877344 0.216797 0.876563 0.216797 0.875000 0.214844 0.869531 0.214844 0.868750 0.215820 0.867969 0.215820 0.865625 0.218750 0.865625 0.235352 0.866406 0.236328 0.866406 0.237305 0.867969 0.239258 0.867969 0.240234 0.870313 0.243164 0.870313 0.244141 0.873437 0.248047 0.874219 0.248047 0.875781 0.250000 0.876563 0.250000 0.877344 0.250977 0.878125 0.250977 0.878906 0.251953 0.881250 0.251953 0.882812 0.253906 0.899219 0.253906 0.900000 0.252930 0.900781 0.252930 0.901563 0.251953 0.902344 0.251953 0.903125 0.250977 0.903906 0.250977 0.904687 0.250000 0.905469 0.250000 0.907031 0.248047 0.907813 0.248047 0.913281 0.241211 0.913281 0.240234 0.916406 0.236328 0.916406 0.235352 0.917969 0.233398 0.917969 0.232422 0.918750 0.231445 0.918750 0.230469 0.919531 0.229492 0.919531 0.205078 0.918750 0.205078 0.916406 0.202148 0.915625 0.202148 0.914844 0.201172 0.914062 0.201172 0.913281 0.200195
8 0.391406 0.471680 0.390625 0.472656 0.389844 0.472656 0.389062 0.473633 0.387500 0.473633 0.386719 0.474609 0.385937 0.474609 0.385156 0.475586 0.383594 0.475586 0.382812 0.476562 0.382031 0.476562 0.379688 0.479492 0.378906 0.479492 0.377344 0.481445 0.376563 0.481445 0.375781 0.482422 0.375000 0.482422 0.371875 0.486328 0.371094 0.486328 0.369531 0.488281 0.368750 0.488281 0.366406 0.491211 0.365625 0.491211 0.363281 0.494141 0.363281 0.495117 0.361719 0.497070 0.361719 0.514648 0.367188 0.521484 0.367969 0.521484 0.368750 0.522461 0.369531 0.522461 0.370312 0.523438 0.371875 0.523438 0.372656 0.524414 0.373437 0.524414 0.374219 0.525391 0.378125 0.525391 0.378906 0.526367 0.383594 0.526367 0.384375 0.525391 0.385156 0.525391 0.386719 0.523438 0.387500 0.523438 0.391406 0.518555 0.391406 0.517578 0.392969 0.515625 0.392969 0.514648 0.394531 0.512695 0.394531 0.511719 0.395313 0.510742 0.396094 0.510742 0.396875 0.509766 0.396875 0.508789 0.400000 0.504883 0.400781 0.504883 0.403125 0.501953 0.403125 0.500977 0.405469 0.498047 0.407031 0.498047 0.407813 0.499023 0.409375 0.499023 0.410156 0.500000 0.410938 0.500000 0.412500 0.501953 0.413281 0.501953 0.414062 0.502930 0.414844 0.502930 0.416406 0.504883 0.417969 0.504883 0.418750 0.505859 0.425000 0.505859 0.425781 0.504883 0.426563 0.504883 0.427344 0.503906 0.428125 0.503906 0.429688 0.501953 0.430469 0.501953 0.431250 0.500977 0.431250 0.487305 0.430469 0.487305 0.429688 0.486328 0.429688 0.485352 0.426563 0.481445 0.425781 0.481445 0.425000 0.480469 0.424219 0.480469 0.423438 0.479492 0.422656 0.479492 0.421875 0.478516 0.421094 0.478516 0.420312 0.477539 0.419531 0.477539 0.418750 0.476562 0.417969 0.476562 0.417187 0.475586 0.415625 0.475586 0.414844 0.474609 0.414062 0.474609 0.413281 0.473633 0.411719 0.473633 0.410938 0.472656 0.407813 0.472656 0.407031 0.471680
10 0.565625 0.289062 0.564844 0.290039 0.564063 0.290039 0.563281 0.291016 0.561719 0.291016 0.560937 0.291992 0.560156 0.291992 0.554688 0.298828 0.554688 0.303711 0.555469 0.304688 0.555469 0.305664 0.557813 0.308594 0.558594 0.308594 0.560156 0.310547 0.564063 0.310547 0.564844 0.311523 0.569531 0.311523 0.570312 0.312500 0.572656 0.312500 0.573438 0.313477 0.574219 0.313477 0.575000 0.314453 0.575781 0.314453 0.576562 0.315430 0.577344 0.315430 0.579688 0.318359 0.579688 0.319336 0.581250 0.321289 0.581250 0.324219 0.580469 0.325195 0.580469 0.327148 0.579688 0.328125 0.579688 0.330078 0.578906 0.331055 0.578906 0.332031 0.578125 0.333008 0.578125 0.334961 0.577344 0.335938 0.577344 0.339844 0.578125 0.340820 0.578125 0.343750 0.580469 0.346680 0.580469 0.347656 0.594531 0.347656 0.596094 0.345703 0.596094 0.344727 0.596875 0.343750 0.597656 0.343750 0.599219 0.341797 0.599219 0.340820 0.601562 0.337891 0.601562 0.336914 0.603125 0.334961 0.603125 0.333008 0.603906 0.332031 0.603906 0.331055 0.604688 0.330078 0.604688 0.309570 0.603906 0.308594 0.603906 0.307617 0.602344 0.305664 0.602344 0.304688 0.597656 0.298828 0.597656 0.297852 0.596875 0.297852 0.593750 0.293945 0.592969 0.293945 0.592187 0.292969 0.591406 0.292969 0.590625 0.291992 0.589063 0.291992 0.588281 0.291016 0.587500 0.291016 0.585938 0.289062
2 0.862500 0.577148 0.859375 0.581055 0.858594 0.581055 0.857812 0.582031 0.857031 0.582031 0.856250 0.583008 0.855469 0.583008 0.853906 0.584961 0.853906 0.602539 0.854688 0.603516 0.854688 0.604492 0.855469 0.605469 0.855469 0.606445 0.856250 0.607422 0.856250 0.608398 0.857031 0.609375 0.857031 0.610352 0.858594 0.612305 0.858594 0.613281 0.859375 0.614258 0.859375 0.615234 0.869531 0.627930 0.870313 0.627930 0.871094 0.628906 0.871875 0.628906 0.872656 0.629883 0.873437 0.629883 0.875781 0.632812 0.901563 0.632812 0.903125 0.630859 0.904687 0.630859 0.905469 0.629883 0.906250 0.629883 0.907031 0.628906 0.907813 0.628906 0.911719 0.624023 0.911719 0.623047 0.914062 0.620117 0.914062 0.601562 0.912500 0.599609 0.912500 0.598633 0.910937 0.596680 0.910937 0.595703 0.909375 0.593750 0.908594 0.593750 0.907813 0.592773 0.906250 0.592773 0.905469 0.591797 0.898438 0.591797 0.897656 0.592773 0.896094 0.592773 0.895312 0.593750 0.893750 0.593750 0.892969 0.594727 0.892188 0.594727 0.891406 0.595703 0.888281 0.595703 0.887500 0.596680 0.884375 0.596680 0.880469 0.591797 0.880469 0.590820 0.877344 0.586914 0.877344 0.585938 0.876563 0.584961 0.876563 0.583984 0.875781 0.583008 0.875781 0.582031 0.874219 0.580078 0.874219 0.579102 0.872656 0.577148
12 0.478125 0.086914 0.476562 0.088867 0.475781 0.088867 0.475000 0.089844 0.474219 0.089844 0.471094 0.093750 0.471094 0.094727 0.469531 0.096680 0.469531 0.109375 0.470313 0.109375 0.471094 0.110352 0.471875 0.110352 0.472656 0.111328 0.473438 0.111328 0.474219 0.112305 0.476562 0.112305 0.477344 0.113281 0.479687 0.113281 0.480469 0.114258 0.481250 0.114258 0.482031 0.115234 0.482812 0.115234 0.488281 0.122070 0.488281 0.124023 0.489063 0.125000 0.489063 0.125977 0.489844 0.126953 0.489844 0.127930 0.490625 0.128906 0.490625 0.134766 0.491406 0.135742 0.491406 0.140625 0.490625 0.141602 0.490625 0.142578 0.491406 0.143555 0.491406 0.148438 0.492188 0.149414 0.492188 0.150391 0.492969 0.151367 0.492969 0.152344 0.493750 0.153320 0.494531 0.153320 0.496094 0.155273 0.503125 0.155273 0.505469 0.152344 0.506250 0.152344 0.510156 0.147461 0.510156 0.146484 0.510938 0.145508 0.510938 0.144531 0.511719 0.143555 0.511719 0.142578 0.512500 0.141602 0.512500 0.140625 0.513281 0.139648 0.513281 0.138672 0.514062 0.137695 0.514062 0.135742 0.515625 0.133789 0.515625 0.107422 0.514844 0.106445 0.514844 0.105469 0.514062 0.104492 0.514062 0.103516 0.513281 0.102539 0.513281 0.101562 0.512500 0.100586 0.512500 0.099609 0.511719 0.098633 0.511719 0.097656 0.510156 0.095703 0.510156 0.094727 0.509375 0.094727 0.507812 0.092773 0.507031 0.092773 0.505469 0.090820 0.504687 0.090820 0.503906 0.089844 0.503125 0.089844 0.502344 0.088867 0.501563 0.088867 0.500781 0.087891 0.500000 0.087891 0.499219 0.086914
11 0.539844 0.337891 0.536719 0.341797 0.536719 0.342773 0.535156 0.344727 0.535156 0.345703 0.534375 0.346680 0.534375 0.347656 0.533594 0.348633 0.533594 0.357422 0.534375 0.358398 0.534375 0.363281 0.532031 0.366211 0.532031 0.367188 0.528125 0.372070 0.525000 0.372070 0.524219 0.373047 0.522656 0.373047 0.521875 0.374023 0.521094 0.374023 0.517188 0.378906 0.517188 0.379883 0.514062 0.383789 0.514062 0.384766 0.513281 0.385742 0.513281 0.386719 0.512500 0.387695 0.512500 0.388672 0.511719 0.389648 0.511719 0.391602 0.510938 0.392578 0.510938 0.400391 0.511719 0.401367 0.510938 0.402344 0.510938 0.403320 0.511719 0.404297 0.511719 0.407227 0.512500 0.408203 0.512500 0.410156 0.513281 0.411133 0.513281 0.414062 0.514062 0.415039 0.514062 0.416992 0.514844 0.417969 0.514844 0.418945 0.517188 0.421875 0.517188 0.422852 0.520312 0.426758 0.521094 0.426758 0.524219 0.430664 0.553125 0.430664 0.555469 0.427734 0.557031 0.427734 0.559375 0.424805 0.560156 0.424805 0.564063 0.419922 0.564844 0.419922 0.565625 0.418945 0.565625 0.417969 0.567969 0.415039 0.567969 0.414062 0.571875 0.409180 0.571875 0.408203 0.572656 0.407227 0.572656 0.406250 0.573438 0.405273 0.573438 0.404297 0.574219 0.403320 0.574219 0.401367 0.575000 0.400391 0.575000 0.398438 0.575781 0.397461 0.575781 0.396484 0.576562 0.395508 0.576562 0.393555 0.577344 0.392578 0.577344 0.391602 0.578125 0.390625 0.578125 0.384766 0.578906 0.383789 0.578906 0.378906 0.579688 0.377930 0.579688 0.373047 0.578906 0.372070 0.578906 0.366211 0.578125 0.365234 0.578125 0.362305 0.577344 0.361328 0.577344 0.359375 0.576562 0.358398 0.576562 0.357422 0.575000 0.355469 0.575000 0.352539 0.573438 0.350586 0.573438 0.349609 0.572656 0.348633 0.572656 0.347656 0.567187 0.340820 0.566406 0.340820 0.564063 0.337891
5 0.783594 0.287109 0.783594 0.288086 0.782813 0.289062 0.782813 0.290039 0.782031 0.291016 0.782031 0.292969 0.781250 0.293945 0.781250 0.294922 0.780469 0.295898 0.780469 0.296875 0.778125 0.299805 0.777344 0.299805 0.775781 0.301758 0.775000 0.301758 0.774219 0.302734 0.771875 0.302734 0.771094 0.303711 0.769531 0.303711 0.768750 0.304688 0.767969 0.304688 0.767188 0.303711 0.766406 0.303711 0.765625 0.302734 0.764844 0.302734 0.764062 0.301758 0.763281 0.301758 0.761719 0.299805 0.760938 0.299805 0.759375 0.297852 0.758594 0.297852 0.757812 0.296875 0.756250 0.296875 0.755469 0.297852 0.752344 0.297852 0.751563 0.298828 0.750781 0.298828 0.749219 0.300781 0.749219 0.314453 0.750000 0.315430 0.750781 0.315430 0.751563 0.316406 0.751563 0.317383 0.756250 0.323242 0.757031 0.323242 0.757812 0.324219 0.758594 0.324219 0.759375 0.325195 0.760156 0.325195 0.760938 0.326172 0.778906 0.326172 0.781250 0.323242 0.782031 0.323242 0.783594 0.321289 0.784375 0.321289 0.789062 0.315430 0.789062 0.314453 0.793750 0.308594 0.794531 0.308594 0.797656 0.304688 0.797656 0.303711 0.798438 0.302734 0.798438 0.301758 0.799219 0.300781 0.799219 0.290039 0.798438 0.289062 0.798438 0.287109
8 0.916406 0.426758 0.910156 0.434570 0.910156 0.435547 0.907813 0.438477 0.907813 0.453125 0.909375 0.455078 0.909375 0.456055 0.910937 0.458008 0.911719 0.458008 0.912500 0.458984 0.928125 0.458984 0.928906 0.459961 0.930469 0.459961 0.931250 0.460938 0.932813 0.460938 0.933594 0.461914 0.935156 0.461914 0.935937 0.462891 0.937500 0.462891 0.938281 0.463867 0.939063 0.463867 0.940625 0.465820 0.940625 0.469727 0.939844 0.470703 0.939844 0.472656 0.939063 0.473633 0.939063 0.476562 0.939844 0.477539 0.939844 0.478516 0.957812 0.478516 0.958594 0.477539 0.958594 0.476562 0.959375 0.475586 0.959375 0.474609 0.960156 0.473633 0.960156 0.456055 0.959375 0.455078 0.959375 0.454102 0.958594 0.453125 0.958594 0.452148 0.957812 0.451172 0.957812 0.450195 0.957031 0.449219 0.957031 0.448242 0.956250 0.447266 0.956250 0.446289 0.954688 0.444336 0.954688 0.443359 0.953906 0.442383 0.953906 0.441406 0.946094 0.431641 0.945312 0.431641 0.943750 0.429688 0.942969 0.429688 0.942187 0.428711 0.941406 0.428711 0.940625 0.427734 0.939844 0.427734 0.939063 0.426758
3 0.521094 0.212891 0.520312 0.213867 0.517188 0.213867 0.516406 0.214844 0.515625 0.214844 0.514844 0.215820 0.513281 0.215820 0.512500 0.216797 0.511719 0.216797 0.510938 0.217773 0.509375 0.217773 0.507812 0.219727 0.507031 0.219727 0.505469 0.221680 0.504687 0.221680 0.503906 0.222656 0.503125 0.222656 0.500000 0.226562 0.500000 0.227539 0.497656 0.230469 0.497656 0.248047 0.498437 0.249023 0.498437 0.250000 0.500781 0.252930 0.501563 0.252930 0.502344 0.253906 0.506250 0.253906 0.507031 0.252930 0.509375 0.252930 0.510156 0.253906 0.510938 0.253906 0.511719 0.252930 0.515625 0.252930 0.516406 0.251953 0.521094 0.251953 0.521875 0.250977 0.522656 0.250977 0.523438 0.251953 0.525781 0.251953 0.526563 0.250977 0.528906 0.250977 0.529687 0.251953 0.530469 0.251953 0.534375 0.256836 0.534375 0.259766 0.535156 0.260742 0.535156 0.264648 0.536719 0.266602 0.536719 0.267578 0.535937 0.268555 0.535937 0.272461 0.536719 0.273438 0.536719 0.275391 0.535937 0.276367 0.535937 0.278320 0.536719 0.279297 0.536719 0.284180 0.537500 0.285156 0.537500 0.287109 0.541406 0.291992 0.542188 0.291992 0.543750 0.293945 0.544531 0.293945 0.545312 0.294922 0.546094 0.294922 0.546875 0.295898 0.550781 0.295898 0.551562 0.294922 0.553125 0.294922 0.554688 0.292969 0.556250 0.292969 0.560156 0.288086 0.560937 0.288086 0.561719 0.287109 0.561719 0.286133 0.562500 0.285156 0.562500 0.284180 0.564063 0.282227 0.564063 0.281250 0.565625 0.279297 0.565625 0.278320 0.567187 0.276367 0.567187 0.275391 0.567969 0.274414 0.567969 0.247070 0.567187 0.246094 0.567187 0.245117 0.566406 0.244141 0.566406 0.242188 0.564844 0.240234 0.564844 0.238281 0.564063 0.237305 0.564063 0.236328 0.562500 0.234375 0.562500 0.233398 0.561719 0.232422 0.561719 0.231445 0.560156 0.229492 0.560156 0.228516 0.559375 0.228516 0.557031 0.225586 0.556250 0.225586 0.554688 0.223633 0.553906 0.223633 0.551562 0.220703 0.550781 0.220703 0.549219 0.218750 0.547656 0.218750 0.546875 0.217773 0.546094 0.217773 0.545312 0.216797 0.544531 0.216797 0.543750 0.215820 0.542969 0.215820 0.542188 0.214844 0.540625 0.214844 0.539844 0.213867 0.538281 0.213867 0.537500 0.212891
1 0.919531 0.592773 0.918750 0.593750 0.917188 0.593750 0.914844 0.596680 0.914062 0.596680 0.914062 0.597656 0.910156 0.602539 0.910156 0.622070 0.910937 0.623047 0.910937 0.624023 0.915625 0.629883 0.916406 0.629883 0.917969 0.631836 0.920312 0.631836 0.921094 0.632812 0.925000 0.632812 0.925781 0.631836 0.929688 0.631836 0.930469 0.632812 0.932813 0.632812 0.933594 0.633789 0.935937 0.633789 0.937500 0.635742 0.938281 0.635742 0.939063 0.636719 0.939844 0.636719 0.940625 0.637695 0.941406 0.637695 0.942969 0.639648 0.943750 0.639648 0.946875 0.643555 0.949219 0.643555 0.950000 0.644531 0.950781 0.644531 0.951562 0.645508 0.953125 0.645508 0.953906 0.646484 0.955469 0.646484 0.956250 0.647461 0.960938 0.647461 0.961719 0.646484 0.962500 0.646484 0.963281 0.645508 0.964063 0.645508 0.964063 0.644531 0.965625 0.642578 0.965625 0.624023 0.964063 0.622070 0.964063 0.621094 0.963281 0.620117 0.963281 0.619141 0.961719 0.617188 0.961719 0.616211 0.957031 0.610352 0.956250 0.610352 0.950000 0.602539 0.949219 0.602539 0.948438 0.601562 0.947656 0.601562 0.944531 0.597656 0.942969 0.597656 0.942187 0.596680 0.940625 0.596680 0.939844 0.595703 0.938281 0.595703 0.937500 0.594727 0.936719 0.594727 0.935937 0.593750 0.935156 0.593750 0.934375 0.592773
11 0.080469 0.011719 0.079687 0.012695 0.078125 0.012695 0.077344 0.013672 0.075781 0.013672 0.075000 0.014648 0.074219 0.014648 0.072656 0.016602 0.071875 0.016602 0.067969 0.021484 0.067969 0.022461 0.064844 0.026367 0.064844 0.028320 0.064062 0.029297 0.064062 0.031250 0.063281 0.032227 0.063281 0.034180 0.062500 0.035156 0.062500 0.038086 0.061719 0.039062 0.061719 0.041016 0.059375 0.043945 0.057813 0.043945 0.057031 0.044922 0.054688 0.044922 0.053906 0.045898 0.050781 0.045898 0.050000 0.046875 0.046875 0.046875 0.046094 0.047852 0.045312 0.047852 0.044531 0.048828 0.043750 0.048828 0.042188 0.050781 0.041406 0.050781 0.040625 0.051758 0.040625 0.084961 0.041406 0.084961 0.042969 0.086914 0.042969 0.087891 0.045312 0.090820 0.045312 0.091797 0.046875 0.093750 0.047656 0.093750 0.048438 0.094727 0.050000 0.094727 0.051562 0.096680 0.052344 0.096680 0.053125 0.097656 0.055469 0.097656 0.056250 0.098633 0.057813 0.098633 0.058594 0.099609 0.060156 0.099609 0.060937 0.100586 0.062500 0.100586 0.063281 0.101562 0.064844 0.101562 0.065625 0.102539 0.067187 0.102539 0.067969 0.101562 0.071094 0.101562 0.071875 0.100586 0.075781 0.100586 0.076563 0.099609 0.080469 0.099609 0.081250 0.098633 0.086719 0.098633 0.087500 0.097656 0.089063 0.097656 0.089844 0.096680 0.090625 0.096680 0.092969 0.093750 0.093750 0.093750 0.094531 0.092773 0.095312 0.092773 0.096094 0.091797 0.096875 0.091797 0.099219 0.088867 0.100000 0.088867 0.104688 0.083008 0.104688 0.082031 0.107031 0.079102 0.107031 0.078125 0.107813 0.077148 0.107813 0.076172 0.108594 0.075195 0.108594 0.074219 0.109375 0.073242 0.109375 0.072266 0.110156 0.071289 0.110156 0.070312 0.110937 0.069336 0.110937 0.039062 0.110156 0.038086 0.110156 0.035156 0.109375 0.034180 0.109375 0.032227 0.108594 0.031250 0.108594 0.029297 0.107813 0.028320 0.107813 0.027344 0.105469 0.024414 0.105469 0.023438 0.102344 0.019531 0.101562 0.019531 0.100000 0.017578 0.099219 0.017578 0.098437 0.016602 0.097656 0.016602 0.096875 0.015625 0.096094 0.015625 0.095312 0.014648 0.094531 0.014648 0.092969 0.012695 0.091406 0.012695 0.090625 0.011719
1 0.214844 0.031250 0.212500 0.034180 0.211719 0.034180 0.210156 0.036133 0.207813 0.036133 0.206250 0.038086 0.205469 0.038086 0.203125 0.041016 0.203125 0.041992 0.200781 0.044922 0.200781 0.045898 0.200000 0.046875 0.200000 0.066406 0.200781 0.067383 0.200781 0.068359 0.202344 0.070312 0.202344 0.071289 0.203906 0.073242 0.204687 0.073242 0.206250 0.075195 0.207031 0.075195 0.209375 0.078125 0.211719 0.078125 0.212500 0.079102 0.213281 0.079102 0.214062 0.080078 0.215625 0.080078 0.216406 0.081055 0.224219 0.081055 0.225000 0.080078 0.229687 0.080078 0.230469 0.079102 0.232031 0.079102 0.232813 0.078125 0.235937 0.078125 0.236719 0.077148 0.237500 0.077148 0.238281 0.076172 0.239063 0.076172 0.239844 0.075195 0.240625 0.075195 0.241406 0.074219 0.242188 0.074219 0.243750 0.072266 0.244531 0.072266 0.245312 0.071289 0.245312 0.070312 0.246094 0.069336 0.246875 0.069336 0.246875 0.068359 0.250781 0.063477 0.250781 0.062500 0.252344 0.060547 0.252344 0.059570 0.253125 0.058594 0.253125 0.036133 0.252344 0.036133 0.251563 0.035156 0.250000 0.035156 0.249219 0.034180 0.242969 0.034180 0.242188 0.035156 0.240625 0.035156 0.238281 0.038086 0.238281 0.039062 0.237500 0.040039 0.236719 0.040039 0.235937 0.041016 0.234375 0.041016 0.233594 0.041992 0.231250 0.041992 0.230469 0.041016 0.229687 0.041016 0.228906 0.040039 0.227344 0.040039 0.226562 0.039062 0.225781 0.039062 0.224219 0.037109 0.224219 0.035156 0.223438 0.034180 0.223438 0.031250
7 0.298438 0.025391 0.297656 0.026367 0.296094 0.026367 0.295312 0.027344 0.294531 0.027344 0.293750 0.028320 0.292969 0.028320 0.292187 0.029297 0.290625 0.029297 0.289844 0.030273 0.289062 0.030273 0.287500 0.032227 0.286719 0.032227 0.285156 0.034180 0.284375 0.034180 0.278906 0.041016 0.278906 0.041992 0.275781 0.045898 0.275781 0.054688 0.276562 0.055664 0.276562 0.056641 0.278125 0.058594 0.278125 0.059570 0.279687 0.061523 0.280469 0.061523 0.281250 0.062500 0.304688 0.062500 0.305469 0.061523 0.310937 0.061523 0.311719 0.060547 0.318750 0.060547 0.319531 0.059570 0.320312 0.059570 0.321094 0.058594 0.321875 0.058594 0.322656 0.057617 0.323437 0.057617 0.324219 0.056641 0.324219 0.055664 0.327344 0.051758 0.327344 0.037109 0.326562 0.036133 0.326562 0.035156 0.325000 0.033203 0.325000 0.032227 0.321875 0.028320 0.321094 0.028320 0.320312 0.027344 0.318750 0.027344 0.317188 0.025391
7 0.162500 0.625977 0.160156 0.628906 0.159375 0.628906 0.158594 0.629883 0.157812 0.629883 0.153906 0.634766 0.153125 0.634766 0.152344 0.635742 0.152344 0.636719 0.149219 0.640625 0.149219 0.641602 0.148438 0.642578 0.148438 0.644531 0.147656 0.645508 0.147656 0.668945 0.151562 0.673828 0.152344 0.673828 0.153125 0.674805 0.161719 0.674805 0.162500 0.673828 0.163281 0.673828 0.163281 0.672852 0.164844 0.670898 0.164844 0.669922 0.165625 0.668945 0.165625 0.666992 0.167187 0.665039 0.167187 0.664062 0.169531 0.661133 0.169531 0.660156 0.171094 0.658203 0.171875 0.658203 0.172656 0.657227 0.175781 0.657227 0.176563 0.656250 0.179688 0.656250 0.180469 0.657227 0.181250 0.657227 0.182031 0.658203 0.182812 0.658203 0.184375 0.660156 0.185938 0.660156 0.187500 0.662109 0.188281 0.662109 0.190625 0.665039 0.192188 0.665039 0.192969 0.666016 0.195312 0.666016 0.196094 0.665039 0.196875 0.665039 0.197656 0.664062 0.198437 0.664062 0.199219 0.663086 0.200000 0.663086 0.201563 0.661133 0.201563 0.645508 0.200000 0.643555 0.200000 0.642578 0.199219 0.641602 0.199219 0.640625 0.196094 0.636719 0.196094 0.635742 0.195312 0.635742 0.194531 0.634766 0.194531 0.633789 0.193750 0.632812 0.192969 0.632812 0.191406 0.630859 0.189844 0.630859 0.188281 0.628906 0.186719 0.628906 0.185938 0.627930 0.185156 0.627930 0.183594 0.625977
0 0.600000 0.359375 0.600000 0.360352 0.599219 0.361328 0.599219 0.362305 0.598437 0.363281 0.598437 0.365234 0.597656 0.366211 0.597656 0.375977 0.598437 0.376953 0.598437 0.379883 0.599219 0.380859 0.599219 0.381836 0.600000 0.382812 0.600000 0.383789 0.601562 0.385742 0.601562 0.386719 0.603906 0.389648 0.604688 0.389648 0.606250 0.391602 0.607812 0.391602 0.608594 0.392578 0.610156 0.392578 0.610938 0.393555 0.619531 0.393555 0.620313 0.392578 0.621094 0.393555 0.621875 0.392578 0.623437 0.392578 0.624219 0.391602 0.627344 0.391602 0.628125 0.390625 0.630469 0.390625 0.631250 0.389648 0.632812 0.389648 0.636719 0.384766 0.636719 0.383789 0.638281 0.381836 0.638281 0.379883 0.639844 0.377930 0.639844 0.364258 0.636719 0.364258 0.635938 0.365234 0.635156 0.365234 0.633594 0.367188 0.632812 0.367188 0.632031 0.368164 0.625781 0.368164 0.625000 0.367188 0.623437 0.367188 0.621875 0.365234 0.621094 0.365234 0.619531 0.363281 0.619531 0.362305 0.617188 0.359375
4 0.733594 0.254883 0.732812 0.255859 0.732031 0.255859 0.731250 0.256836 0.730469 0.256836 0.729688 0.257812 0.728125 0.257812 0.726562 0.259766 0.725781 0.259766 0.724219 0.261719 0.723437 0.261719 0.721094 0.264648 0.720313 0.264648 0.717187 0.268555 0.717187 0.269531 0.714844 0.272461 0.714844 0.274414 0.714063 0.275391 0.714063 0.276367 0.712500 0.278320 0.712500 0.280273 0.711719 0.281250 0.711719 0.303711 0.712500 0.304688 0.712500 0.305664 0.713281 0.306641 0.713281 0.307617 0.714063 0.308594 0.714063 0.310547 0.715625 0.312500 0.715625 0.314453 0.716406 0.315430 0.716406 0.316406 0.717187 0.317383 0.717187 0.318359 0.720313 0.322266 0.721094 0.322266 0.723437 0.325195 0.732031 0.325195 0.732812 0.324219 0.733594 0.324219 0.735156 0.322266 0.735156 0.320312 0.736719 0.318359 0.736719 0.314453 0.737500 0.313477 0.737500 0.305664 0.736719 0.304688 0.736719 0.303711 0.735938 0.302734 0.735938 0.301758 0.735156 0.300781 0.735156 0.298828 0.733594 0.296875 0.733594 0.295898 0.732812 0.294922 0.733594 0.293945 0.733594 0.292969 0.735938 0.290039 0.736719 0.290039 0.739062 0.287109 0.740625 0.287109 0.742188 0.285156 0.743750 0.285156 0.745313 0.283203 0.746875 0.283203 0.747656 0.282227 0.751563 0.282227 0.752344 0.281250 0.753906 0.281250 0.753906 0.259766 0.753125 0.258789 0.752344 0.258789 0.751563 0.257812 0.750000 0.257812 0.749219 0.256836 0.748437 0.256836 0.747656 0.255859 0.745313 0.255859 0.744531 0.254883
8 0.021875 0.629883 0.021094 0.630859 0.019531 0.630859 0.018750 0.631836 0.017969 0.631836 0.017188 0.632812 0.015625 0.632812 0.014063 0.634766 0.013281 0.634766 0.003906 0.646484 0.003906 0.647461 0.002344 0.649414 0.002344 0.650391 0.001563 0.651367 0.001563 0.653320 0.000781 0.654297 0.000781 0.655273 0.000000 0.656250 0.000000 0.679688 0.000781 0.680664 0.000781 0.682617 0.001563 0.683594 0.001563 0.685547 0.002344 0.686523 0.002344 0.687500 0.003125 0.688477 0.003125 0.689453 0.004687 0.691406 0.004687 0.692383 0.005469 0.692383 0.011719 0.700195 0.012500 0.700195 0.013281 0.701172 0.015625 0.701172 0.016406 0.702148 0.019531 0.702148 0.026562 0.693359 0.026562 0.691406 0.027344 0.690430 0.027344 0.689453 0.028125 0.688477 0.028125 0.687500 0.027344 0.686523 0.027344 0.683594 0.026562 0.682617 0.026562 0.678711 0.025781 0.677734 0.025781 0.674805 0.026562 0.673828 0.025781 0.672852 0.025781 0.669922 0.026562 0.668945 0.026562 0.666016 0.027344 0.665039 0.027344 0.664062 0.028906 0.662109 0.028906 0.661133 0.031250 0.658203 0.032031 0.658203 0.032813 0.657227 0.033594 0.657227 0.034375 0.656250 0.035156 0.657227 0.035937 0.657227 0.036719 0.658203 0.036719 0.659180 0.037500 0.660156 0.038281 0.660156 0.039062 0.661133 0.039844 0.661133 0.041406 0.663086 0.043750 0.663086 0.044531 0.664062 0.049219 0.664062 0.050000 0.663086 0.050781 0.663086 0.051562 0.662109 0.052344 0.662109 0.052344 0.644531 0.050781 0.642578 0.050781 0.641602 0.046094 0.635742 0.045312 0.635742 0.044531 0.634766 0.043750 0.634766 0.042969 0.633789 0.042188 0.633789 0.041406 0.632812 0.040625 0.632812 0.039844 0.631836 0.038281 0.631836 0.036719 0.629883
10 0.575781 0.336914 0.574219 0.338867 0.573438 0.338867 0.572656 0.339844 0.571875 0.339844 0.570312 0.341797 0.569531 0.341797 0.568750 0.342773 0.567969 0.342773 0.564063 0.347656 0.564063 0.348633 0.561719 0.351562 0.561719 0.352539 0.560156 0.354492 0.560156 0.357422 0.559375 0.358398 0.559375 0.361328 0.558594 0.362305 0.558594 0.382812 0.560156 0.384766 0.560156 0.385742 0.560937 0.386719 0.560937 0.388672 0.562500 0.390625 0.562500 0.392578 0.563281 0.393555 0.563281 0.394531 0.564063 0.395508 0.564063 0.396484 0.570312 0.404297 0.574219 0.404297 0.575000 0.403320 0.579688 0.403320 0.580469 0.404297 0.582812 0.404297 0.584375 0.406250 0.585938 0.406250 0.586719 0.407227 0.589844 0.407227 0.591406 0.405273 0.592187 0.405273 0.592969 0.404297 0.592969 0.403320 0.593750 0.402344 0.593750 0.396484 0.592969 0.395508 0.592969 0.392578 0.592187 0.391602 0.592187 0.389648 0.591406 0.388672 0.591406 0.387695 0.590625 0.386719 0.590625 0.385742 0.589063 0.383789 0.589063 0.380859 0.587500 0.378906 0.587500 0.377930 0.586719 0.376953 0.586719 0.375977 0.585938 0.375000 0.585938 0.374023 0.584375 0.372070 0.585156 0.371094 0.585156 0.369141 0.588281 0.365234 0.589063 0.365234 0.591406 0.362305 0.592187 0.362305 0.596094 0.357422 0.596875 0.357422 0.600000 0.353516 0.600000 0.352539 0.601562 0.350586 0.601562 0.349609 0.602344 0.348633 0.602344 0.346680 0.601562 0.345703 0.601562 0.342773 0.599219 0.339844 0.598437 0.339844 0.597656 0.338867 0.596875 0.338867 0.595313 0.336914
7 0.510156 0.808594 0.509375 0.809570 0.507031 0.809570 0.506250 0.810547 0.505469 0.810547 0.504687 0.811523 0.503906 0.811523 0.502344 0.813477 0.501563 0.813477 0.500000 0.815430 0.499219 0.815430 0.497656 0.817383 0.497656 0.818359 0.496875 0.819336 0.496094 0.819336 0.496094 0.838867 0.497656 0.838867 0.498437 0.839844 0.500781 0.839844 0.501563 0.838867 0.505469 0.838867 0.506250 0.837891 0.510938 0.837891 0.512500 0.839844 0.513281 0.839844 0.514062 0.840820 0.514844 0.840820 0.515625 0.841797 0.516406 0.841797 0.519531 0.845703 0.519531 0.849609 0.518750 0.850586 0.518750 0.859375 0.524219 0.866211 0.525000 0.866211 0.526563 0.868164 0.527344 0.868164 0.528906 0.870117 0.530469 0.870117 0.531250 0.869141 0.534375 0.869141 0.535156 0.868164 0.539062 0.868164 0.539844 0.867188 0.542188 0.867188 0.543750 0.865234 0.544531 0.865234 0.544531 0.827148 0.543750 0.827148 0.542969 0.826172 0.542969 0.825195 0.542188 0.824219 0.542188 0.823242 0.540625 0.821289 0.539844 0.821289 0.535937 0.816406 0.535156 0.816406 0.532813 0.813477 0.532031 0.813477 0.531250 0.812500 0.529687 0.812500 0.528906 0.811523 0.528125 0.811523 0.527344 0.810547 0.525781 0.810547 0.525000 0.809570 0.521094 0.809570 0.520312 0.808594
7 0.388281 0.670898 0.386719 0.672852 0.385937 0.672852 0.385156 0.673828 0.384375 0.673828 0.383594 0.674805 0.382812 0.674805 0.382031 0.675781 0.381250 0.675781 0.380469 0.676758 0.379688 0.676758 0.379688 0.695312 0.380469 0.695312 0.381250 0.696289 0.382031 0.696289 0.382812 0.697266 0.385156 0.697266 0.385937 0.698242 0.386719 0.698242 0.387500 0.699219 0.392188 0.699219 0.392969 0.698242 0.394531 0.698242 0.395313 0.697266 0.397656 0.697266 0.398438 0.696289 0.400781 0.696289 0.402344 0.698242 0.402344 0.699219 0.403125 0.700195 0.403125 0.701172 0.403906 0.702148 0.403906 0.704102 0.403125 0.705078 0.403125 0.706055 0.401562 0.708008 0.401562 0.708984 0.400781 0.709961 0.400781 0.715820 0.400000 0.716797 0.400000 0.723633 0.400781 0.724609 0.400781 0.725586 0.401562 0.726562 0.401562 0.729492 0.402344 0.730469 0.402344 0.732422 0.405469 0.736328 0.411719 0.736328 0.415625 0.731445 0.416406 0.731445 0.417187 0.730469 0.418750 0.730469 0.419531 0.729492 0.420312 0.729492 0.421094 0.728516 0.421875 0.728516 0.422656 0.727539 0.422656 0.726562 0.423438 0.725586 0.423438 0.724609 0.424219 0.723633 0.424219 0.722656 0.425781 0.720703 0.425781 0.718750 0.426563 0.717773 0.426563 0.716797 0.427344 0.715820 0.427344 0.693359 0.426563 0.692383 0.426563 0.691406 0.425781 0.690430 0.425781 0.688477 0.425000 0.687500 0.425000 0.686523 0.424219 0.685547 0.424219 0.684570 0.421875 0.681641 0.421875 0.680664 0.421094 0.680664 0.416406 0.674805 0.415625 0.674805 0.414844 0.673828 0.413281 0.673828 0.412500 0.672852 0.411719 0.672852 0.410938 0.671875 0.410156 0.671875 0.409375 0.670898
4 0.722656 0.521484 0.721875 0.522461 0.718750 0.522461 0.717969 0.523438 0.714063 0.523438 0.713281 0.524414 0.712500 0.524414 0.711719 0.525391 0.710938 0.525391 0.703125 0.535156 0.703125 0.536133 0.699219 0.541016 0.699219 0.542969 0.698438 0.543945 0.698438 0.544922 0.696875 0.546875 0.696875 0.547852 0.696094 0.548828 0.696094 0.570312 0.696875 0.571289 0.696875 0.574219 0.697656 0.575195 0.697656 0.576172 0.698438 0.577148 0.698438 0.578125 0.699219 0.579102 0.699219 0.580078 0.701562 0.583008 0.701562 0.583984 0.702344 0.584961 0.702344 0.585938 0.708594 0.593750 0.709375 0.593750 0.710938 0.595703 0.728906 0.595703 0.729688 0.594727 0.729688 0.592773 0.730469 0.591797 0.730469 0.588867 0.729688 0.587891 0.729688 0.585938 0.728906 0.584961 0.728906 0.583008 0.728125 0.582031 0.728125 0.581055 0.727344 0.580078 0.727344 0.579102 0.726562 0.578125 0.726562 0.577148 0.725781 0.576172 0.725781 0.575195 0.723437 0.572266 0.723437 0.571289 0.716406 0.562500 0.716406 0.558594 0.717969 0.556641 0.720313 0.556641 0.721094 0.555664 0.721875 0.555664 0.722656 0.554688 0.724219 0.554688 0.725000 0.553711 0.725781 0.553711 0.726562 0.552734 0.729688 0.552734 0.730469 0.551758 0.731250 0.551758 0.732031 0.552734 0.732812 0.551758 0.737500 0.551758 0.737500 0.528320 0.736719 0.527344 0.735938 0.527344 0.734375 0.525391 0.733594 0.525391 0.732812 0.524414 0.731250 0.524414 0.730469 0.523438 0.728906 0.523438 0.728125 0.522461 0.727344 0.522461 0.726562 0.521484
0 0.535937 0.900391 0.535156 0.901367 0.534375 0.901367 0.533594 0.902344 0.532031 0.902344 0.531250 0.901367 0.525781 0.901367 0.523438 0.904297 0.522656 0.904297 0.519531 0.908203 0.518750 0.908203 0.517969 0.909180 0.516406 0.909180 0.515625 0.910156 0.514844 0.909180 0.513281 0.909180 0.512500 0.908203 0.510938 0.908203 0.509375 0.906250 0.508594 0.906250 0.507031 0.904297 0.506250 0.904297 0.505469 0.903320 0.503906 0.903320 0.503125 0.902344 0.497656 0.902344 0.496875 0.903320 0.496094 0.903320 0.495312 0.904297 0.493750 0.904297 0.492969 0.905273 0.492188 0.905273 0.491406 0.906250 0.490625 0.906250 0.489063 0.908203 0.489063 0.920898 0.489844 0.921875 0.489844 0.922852 0.491406 0.924805 0.491406 0.926758 0.492969 0.928711 0.492969 0.929688 0.496875 0.934570 0.497656 0.934570 0.499219 0.936523 0.500000 0.936523 0.500781 0.937500 0.501563 0.937500 0.503125 0.939453 0.504687 0.939453 0.505469 0.940430 0.506250 0.940430 0.507031 0.941406 0.520312 0.941406 0.521094 0.940430 0.522656 0.940430 0.523438 0.939453 0.524219 0.939453 0.525000 0.938477 0.525781 0.938477 0.526563 0.937500 0.527344 0.937500 0.528125 0.936523 0.528906 0.936523 0.532031 0.932617 0.532813 0.932617 0.535156 0.929688 0.535937 0.929688 0.538281 0.926758 0.538281 0.925781 0.539844 0.923828 0.540625 0.923828 0.540625 0.900391
6 0.805469 0.050781 0.800000 0.057617 0.800000 0.058594 0.799219 0.059570 0.799219 0.060547 0.798438 0.061523 0.798438 0.077148 0.799219 0.078125 0.799219 0.080078 0.800000 0.081055 0.800000 0.083008 0.800781 0.083984 0.800781 0.084961 0.801562 0.085938 0.801562 0.086914 0.802344 0.087891 0.802344 0.088867 0.803125 0.089844 0.803125 0.090820 0.806250 0.094727 0.806250 0.095703 0.807813 0.097656 0.808594 0.097656 0.810156 0.099609 0.810937 0.099609 0.813281 0.102539 0.814063 0.102539 0.814844 0.103516 0.816406 0.103516 0.817187 0.104492 0.818750 0.104492 0.819531 0.105469 0.839844 0.105469 0.840625 0.104492 0.841406 0.104492 0.842187 0.103516 0.842969 0.103516 0.843750 0.102539 0.844531 0.102539 0.845313 0.101562 0.846094 0.101562 0.851562 0.094727 0.852344 0.094727 0.852344 0.078125 0.851562 0.077148 0.850781 0.077148 0.850000 0.076172 0.848437 0.076172 0.847656 0.075195 0.837500 0.075195 0.836719 0.076172 0.834375 0.076172 0.833594 0.077148 0.832812 0.077148 0.832031 0.078125 0.831250 0.078125 0.830469 0.079102 0.828906 0.079102 0.828125 0.080078 0.826562 0.080078 0.824219 0.077148 0.824219 0.076172 0.823438 0.075195 0.823438 0.072266 0.822656 0.071289 0.822656 0.063477 0.821875 0.062500 0.821875 0.059570 0.821094 0.058594 0.821094 0.055664 0.820312 0.054688 0.820312 0.053711 0.818750 0.051758 0.817969 0.051758 0.817187 0.050781
1 0.147656 0.921875 0.146875 0.922852 0.146094 0.922852 0.145313 0.923828 0.143750 0.923828 0.140625 0.927734 0.140625 0.928711 0.139063 0.930664 0.139063 0.933594 0.138281 0.934570 0.138281 0.939453 0.139063 0.940430 0.139063 0.942383 0.139844 0.943359 0.139844 0.950195 0.140625 0.951172 0.140625 0.959961 0.139844 0.960938 0.139844 0.962891 0.138281 0.964844 0.137500 0.964844 0.136719 0.965820 0.135937 0.965820 0.135156 0.966797 0.133594 0.966797 0.132812 0.967773 0.131250 0.967773 0.130469 0.968750 0.129688 0.968750 0.126562 0.972656 0.126562 0.977539 0.125781 0.978516 0.125781 0.980469 0.125000 0.981445 0.125000 0.986328 0.127344 0.989258 0.128125 0.989258 0.128906 0.990234 0.129688 0.990234 0.130469 0.991211 0.132031 0.991211 0.132812 0.992188 0.133594 0.992188 0.134375 0.993164 0.148438 0.993164 0.149219 0.992188 0.150000 0.992188 0.150781 0.991211 0.152344 0.991211 0.153906 0.989258 0.154688 0.989258 0.157031 0.986328 0.157812 0.986328 0.161719 0.981445 0.161719 0.980469 0.163281 0.978516 0.163281 0.977539 0.164062 0.976562 0.164062 0.975586 0.164844 0.974609 0.164844 0.973633 0.165625 0.972656 0.165625 0.970703 0.166406 0.969727 0.166406 0.968750 0.167187 0.967773 0.167187 0.966797 0.167969 0.965820 0.167969 0.964844 0.168750 0.963867 0.168750 0.962891 0.169531 0.961914 0.169531 0.937500 0.167969 0.935547 0.167969 0.933594 0.165625 0.930664 0.165625 0.929688 0.164844 0.928711 0.164844 0.927734 0.164062 0.926758 0.164062 0.925781 0.161719 0.922852 0.161719 0.921875
10 0.763281 0.139648 0.757812 0.146484 0.757812 0.147461 0.757031 0.148438 0.757031 0.149414 0.756250 0.150391 0.756250 0.156250 0.757031 0.157227 0.757031 0.160156 0.757812 0.161133 0.757812 0.166016 0.754687 0.169922 0.751563 0.169922 0.746094 0.163086 0.745313 0.163086 0.744531 0.162109 0.743750 0.162109 0.742969 0.161133 0.742188 0.161133 0.741406 0.160156 0.738281 0.160156 0.737500 0.159180 0.732812 0.159180 0.732031 0.160156 0.729688 0.160156 0.728906 0.161133 0.728125 0.161133 0.727344 0.162109 0.726562 0.162109 0.725781 0.163086 0.725000 0.163086 0.724219 0.164062 0.724219 0.165039 0.722656 0.166992 0.722656 0.179688 0.723437 0.180664 0.723437 0.181641 0.724219 0.182617 0.724219 0.183594 0.725000 0.184570 0.725000 0.185547 0.725781 0.186523 0.725781 0.187500 0.727344 0.189453 0.728125 0.189453 0.729688 0.191406 0.730469 0.191406 0.732031 0.193359 0.732812 0.193359 0.733594 0.194336 0.734375 0.194336 0.735938 0.196289 0.736719 0.196289 0.737500 0.197266 0.738281 0.197266 0.739062 0.198242 0.762500 0.198242 0.764062 0.196289 0.764844 0.196289 0.765625 0.195312 0.767188 0.195312 0.767969 0.194336 0.768750 0.194336 0.769531 0.193359 0.770312 0.193359 0.771094 0.192383 0.771875 0.192383 0.774219 0.189453 0.775000 0.189453 0.775781 0.188477 0.775781 0.187500 0.778125 0.184570 0.778125 0.183594 0.778906 0.182617 0.778906 0.181641 0.779687 0.180664 0.779687 0.179688 0.780469 0.178711 0.780469 0.177734 0.781250 0.176758 0.781250 0.175781 0.782031 0.174805 0.782031 0.155273 0.781250 0.154297 0.781250 0.153320 0.780469 0.152344 0.780469 0.151367 0.779687 0.150391 0.779687 0.149414 0.778125 0.147461 0.778125 0.146484 0.772656 0.139648
2 0.338281 0.319336 0.338281 0.321289 0.337500 0.322266 0.337500 0.324219 0.336719 0.325195 0.336719 0.326172 0.337500 0.327148 0.337500 0.331055 0.338281 0.332031 0.338281 0.334961 0.339062 0.335938 0.339062 0.336914 0.340625 0.338867 0.340625 0.339844 0.342969 0.342773 0.343750 0.342773 0.347656 0.347656 0.347656 0.348633 0.349219 0.350586 0.349219 0.352539 0.350000 0.353516 0.350000 0.354492 0.351562 0.356445 0.351562 0.357422 0.352344 0.358398 0.352344 0.359375 0.353125 0.360352 0.353125 0.362305 0.353906 0.363281 0.353906 0.365234 0.352344 0.367188 0.352344 0.368164 0.349219 0.372070 0.348438 0.372070 0.343750 0.377930 0.343750 0.379883 0.342969 0.380859 0.342969 0.387695 0.343750 0.388672 0.343750 0.389648 0.344531 0.390625 0.344531 0.391602 0.348438 0.396484 0.368750 0.396484 0.369531 0.395508 0.370312 0.395508 0.371094 0.394531 0.371875 0.394531 0.374219 0.391602 0.375000 0.391602 0.378125 0.387695 0.378906 0.387695 0.378906 0.386719 0.380469 0.384766 0.380469 0.383789 0.381250 0.382812 0.381250 0.380859 0.382031 0.379883 0.382031 0.377930 0.382812 0.376953 0.382812 0.375000 0.383594 0.374023 0.383594 0.373047 0.384375 0.372070 0.384375 0.370117 0.385156 0.369141 0.385156 0.350586 0.383594 0.348633 0.383594 0.347656 0.382812 0.346680 0.382812 0.345703 0.382031 0.344727 0.382031 0.343750 0.381250 0.342773 0.381250 0.340820 0.379688 0.338867 0.379688 0.336914 0.377344 0.333984 0.377344 0.333008 0.371094 0.325195 0.370312 0.325195 0.368750 0.323242 0.367969 0.323242 0.366406 0.321289 0.364844 0.321289 0.363281 0.319336
10 0.617188 0.564453 0.615625 0.566406 0.614844 0.566406 0.614062 0.567383 0.613281 0.567383 0.612500 0.568359 0.611719 0.568359 0.610938 0.569336 0.610156 0.569336 0.609375 0.570312 0.608594 0.570312 0.606250 0.573242 0.605469 0.573242 0.603125 0.576172 0.602344 0.576172 0.600781 0.578125 0.600781 0.579102 0.600000 0.580078 0.600000 0.581055 0.596875 0.584961 0.596875 0.599609 0.598437 0.601562 0.598437 0.602539 0.599219 0.603516 0.599219 0.604492 0.600000 0.605469 0.600000 0.606445 0.600781 0.607422 0.600781 0.608398 0.603125 0.611328 0.603125 0.612305 0.603906 0.613281 0.604688 0.613281 0.606250 0.615234 0.607031 0.615234 0.608594 0.617188 0.617969 0.617188 0.621094 0.613281 0.621094 0.612305 0.621875 0.611328 0.621875 0.609375 0.622656 0.608398 0.622656 0.605469 0.621875 0.604492 0.621875 0.601562 0.621094 0.600586 0.621094 0.599609 0.620313 0.598633 0.620313 0.593750 0.621094 0.592773 0.621094 0.591797 0.625000 0.586914 0.630469 0.586914 0.631250 0.587891 0.633594 0.587891 0.634375 0.588867 0.635938 0.588867 0.636719 0.589844 0.641406 0.589844 0.642188 0.588867 0.643750 0.588867 0.646094 0.585938 0.646094 0.577148 0.640625 0.570312 0.639844 0.570312 0.637500 0.567383 0.636719 0.567383 0.634375 0.564453
6 0.834375 0.899414 0.833594 0.900391 0.832031 0.900391 0.831250 0.901367 0.830469 0.901367 0.829688 0.902344 0.828906 0.902344 0.828125 0.903320 0.827344 0.903320 0.826562 0.904297 0.825781 0.904297 0.825000 0.905273 0.824219 0.905273 0.816406 0.915039 0.816406 0.940430 0.820312 0.945312 0.821875 0.945312 0.822656 0.946289 0.824219 0.946289 0.825000 0.947266 0.826562 0.947266 0.827344 0.948242 0.833594 0.948242 0.834375 0.947266 0.835156 0.947266 0.837500 0.944336 0.837500 0.943359 0.838281 0.942383 0.838281 0.941406 0.839844 0.939453 0.839844 0.937500 0.840625 0.936523 0.840625 0.935547 0.843750 0.931641 0.849219 0.931641 0.850000 0.930664 0.853906 0.930664 0.855469 0.932617 0.855469 0.940430 0.856250 0.941406 0.856250 0.942383 0.858594 0.945312 0.859375 0.945312 0.860156 0.946289 0.864844 0.946289 0.865625 0.945312 0.866406 0.945312 0.867188 0.944336 0.867969 0.944336 0.868750 0.943359 0.869531 0.943359 0.871094 0.941406 0.871094 0.940430 0.873437 0.937500 0.873437 0.917969 0.872656 0.917969 0.871875 0.916992 0.871875 0.916016 0.869531 0.913086 0.869531 0.912109 0.866406 0.908203 0.865625 0.908203 0.862500 0.904297 0.861719 0.904297 0.860156 0.902344 0.858594 0.902344 0.857812 0.901367 0.856250 0.901367 0.855469 0.900391 0.853906 0.900391 0.853125 0.899414
5 0.625781 0.374023 0.624219 0.375977 0.624219 0.376953 0.623437 0.377930 0.623437 0.381836 0.624219 0.382812 0.624219 0.384766 0.625000 0.385742 0.625000 0.387695 0.625781 0.388672 0.625781 0.389648 0.626563 0.390625 0.626563 0.392578 0.625781 0.393555 0.625781 0.398438 0.625000 0.399414 0.625000 0.400391 0.624219 0.401367 0.624219 0.403320 0.623437 0.404297 0.623437 0.405273 0.622656 0.406250 0.622656 0.407227 0.621094 0.409180 0.620313 0.409180 0.619531 0.410156 0.617969 0.410156 0.617188 0.411133 0.616406 0.411133 0.615625 0.412109 0.610156 0.412109 0.609375 0.411133 0.608594 0.411133 0.607031 0.409180 0.603125 0.409180 0.603125 0.420898 0.604688 0.422852 0.604688 0.427734 0.605469 0.428711 0.605469 0.429688 0.606250 0.430664 0.606250 0.431641 0.607031 0.432617 0.607031 0.433594 0.607812 0.434570 0.608594 0.434570 0.612500 0.439453 0.632031 0.439453 0.633594 0.437500 0.634375 0.437500 0.635938 0.435547 0.636719 0.435547 0.641406 0.429688 0.641406 0.428711 0.643750 0.425781 0.643750 0.424805 0.644531 0.423828 0.644531 0.422852 0.645312 0.421875 0.645312 0.420898 0.646875 0.418945 0.646875 0.416016 0.648438 0.414062 0.648438 0.391602 0.647656 0.390625 0.647656 0.388672 0.646875 0.387695 0.646875 0.386719 0.646094 0.385742 0.646094 0.384766 0.644531 0.382812 0.644531 0.381836 0.638281 0.374023
11 0.803906 0.358398 0.803125 0.359375 0.801562 0.359375 0.800781 0.360352 0.800000 0.360352 0.799219 0.361328 0.798438 0.361328 0.797656 0.362305 0.796875 0.362305 0.796094 0.363281 0.795312 0.363281 0.794531 0.364258 0.793750 0.364258 0.792969 0.365234 0.792188 0.365234 0.791406 0.366211 0.790625 0.366211 0.787500 0.370117 0.786719 0.370117 0.784375 0.373047 0.784375 0.374023 0.783594 0.375000 0.783594 0.375977 0.782031 0.377930 0.782031 0.378906 0.779687 0.381836 0.779687 0.382812 0.777344 0.385742 0.777344 0.386719 0.776563 0.387695 0.776563 0.389648 0.775781 0.390625 0.775781 0.392578 0.775000 0.393555 0.775000 0.396484 0.774219 0.397461 0.774219 0.421875 0.775000 0.422852 0.775000 0.423828 0.775781 0.424805 0.775781 0.426758 0.776563 0.427734 0.776563 0.442383 0.777344 0.443359 0.777344 0.444336 0.778125 0.444336 0.779687 0.446289 0.810156 0.446289 0.810937 0.445312 0.811719 0.445312 0.812500 0.444336 0.814063 0.444336 0.814844 0.443359 0.815625 0.443359 0.816406 0.442383 0.817187 0.442383 0.817969 0.441406 0.818750 0.441406 0.820312 0.439453 0.821875 0.439453 0.822656 0.438477 0.823438 0.438477 0.823438 0.437500 0.825000 0.435547 0.825000 0.433594 0.825781 0.432617 0.825781 0.430664 0.826562 0.429688 0.826562 0.426758 0.827344 0.425781 0.827344 0.414062 0.826562 0.413086 0.826562 0.410156 0.825781 0.409180 0.825781 0.408203 0.826562 0.407227 0.826562 0.406250 0.827344 0.405273 0.828125 0.405273 0.828906 0.404297 0.832031 0.404297 0.832812 0.403320 0.835156 0.403320 0.835938 0.402344 0.837500 0.402344 0.838281 0.401367 0.839063 0.401367 0.842187 0.397461 0.842187 0.396484 0.842969 0.395508 0.842969 0.394531 0.843750 0.393555 0.843750 0.379883 0.842969 0.378906 0.842969 0.377930 0.841406 0.375977 0.841406 0.375000 0.840625 0.374023 0.840625 0.373047 0.839844 0.372070 0.839844 0.369141 0.839063 0.368164 0.839063 0.367188 0.837500 0.365234 0.836719 0.365234 0.835156 0.363281 0.834375 0.363281 0.833594 0.362305 0.832031 0.362305 0.831250 0.361328 0.830469 0.361328 0.829688 0.360352 0.828906 0.360352 0.828125 0.359375 0.827344 0.359375 0.826562 0.358398
1 0.853125 0.242188 0.851562 0.244141 0.850000 0.244141 0.849219 0.245117 0.848437 0.245117 0.845313 0.249023 0.844531 0.249023 0.842187 0.251953 0.842187 0.252930 0.839063 0.256836 0.839063 0.257812 0.837500 0.259766 0.837500 0.274414 0.838281 0.274414 0.839063 0.275391 0.839063 0.276367 0.842187 0.280273 0.849219 0.280273 0.850000 0.281250 0.850781 0.281250 0.851562 0.280273 0.853125 0.280273 0.853906 0.279297 0.856250 0.279297 0.857031 0.278320 0.857812 0.278320 0.858594 0.277344 0.860156 0.277344 0.860938 0.276367 0.861719 0.276367 0.862500 0.275391 0.864844 0.275391 0.865625 0.276367 0.866406 0.276367 0.867188 0.277344 0.867969 0.277344 0.870313 0.280273 0.870313 0.281250 0.871094 0.282227 0.871094 0.284180 0.871875 0.285156 0.871875 0.290039 0.872656 0.291016 0.872656 0.291992 0.873437 0.292969 0.873437 0.295898 0.875781 0.298828 0.892188 0.298828 0.898438 0.291016 0.898438 0.290039 0.900000 0.288086 0.900000 0.286133 0.901563 0.284180 0.901563 0.268555 0.900781 0.267578 0.900781 0.265625 0.900000 0.264648 0.900000 0.263672 0.899219 0.262695 0.899219 0.261719 0.897656 0.259766 0.897656 0.258789 0.896094 0.256836 0.896094 0.255859 0.893750 0.252930 0.892969 0.252930 0.889844 0.249023 0.889062 0.249023 0.888281 0.248047 0.887500 0.248047 0.886719 0.247070 0.885938 0.247070 0.885156 0.246094 0.884375 0.246094 0.883594 0.245117 0.882812 0.245117 0.882031 0.244141 0.880469 0.244141 0.878906 0.242188
1 0.641406 0.773438 0.640625 0.774414 0.639844 0.774414 0.638281 0.776367 0.637500 0.776367 0.636719 0.777344 0.635938 0.777344 0.635156 0.778320 0.634375 0.778320 0.633594 0.779297 0.632812 0.779297 0.632031 0.780273 0.631250 0.780273 0.629687 0.782227 0.629687 0.783203 0.625781 0.788086 0.625781 0.789062 0.623437 0.791992 0.623437 0.792969 0.622656 0.793945 0.622656 0.794922 0.621875 0.795898 0.621875 0.796875 0.621094 0.797852 0.621094 0.798828 0.620313 0.799805 0.620313 0.820312 0.621094 0.821289 0.621094 0.823242 0.622656 0.825195 0.622656 0.826172 0.625000 0.829102 0.625000 0.830078 0.625781 0.831055 0.625781 0.832031 0.628125 0.834961 0.628125 0.835938 0.630469 0.838867 0.631250 0.838867 0.633594 0.841797 0.633594 0.842773 0.634375 0.842773 0.636719 0.845703 0.637500 0.845703 0.638281 0.846680 0.639062 0.846680 0.639844 0.847656 0.658594 0.847656 0.658594 0.846680 0.659375 0.845703 0.660156 0.845703 0.661719 0.843750 0.661719 0.842773 0.662500 0.841797 0.662500 0.840820 0.663281 0.839844 0.663281 0.835938 0.662500 0.834961 0.662500 0.828125 0.660937 0.826172 0.660937 0.825195 0.660156 0.824219 0.660156 0.823242 0.657031 0.819336 0.657031 0.818359 0.652344 0.812500 0.652344 0.809570 0.651563 0.808594 0.652344 0.807617 0.652344 0.806641 0.653125 0.805664 0.653125 0.802734 0.654687 0.800781 0.654687 0.799805 0.656250 0.797852 0.657031 0.797852 0.658594 0.795898 0.660937 0.795898 0.662500 0.797852 0.664844 0.797852 0.664844 0.785156 0.664062 0.784180 0.664062 0.783203 0.663281 0.782227 0.663281 0.780273 0.662500 0.779297 0.662500 0.777344 0.661719 0.776367 0.660937 0.776367 0.659375 0.774414 0.658594 0.774414 0.657813 0.773438
3 0.026562 0.894531 0.025781 0.895508 0.023438 0.895508 0.021875 0.897461 0.021094 0.897461 0.020313 0.898438 0.020313 0.919922 0.021094 0.920898 0.021875 0.920898 0.022656 0.921875 0.024219 0.921875 0.025000 0.922852 0.028125 0.922852 0.028906 0.923828 0.030469 0.923828 0.031250 0.924805 0.032031 0.924805 0.033594 0.926758 0.034375 0.926758 0.035156 0.927734 0.035156 0.928711 0.036719 0.930664 0.036719 0.931641 0.038281 0.933594 0.038281 0.934570 0.039062 0.935547 0.039062 0.936523 0.040625 0.938477 0.040625 0.942383 0.041406 0.943359 0.041406 0.948242 0.042188 0.949219 0.042188 0.953125 0.044531 0.956055 0.044531 0.957031 0.046875 0.959961 0.047656 0.959961 0.048438 0.960938 0.050000 0.960938 0.050781 0.961914 0.051562 0.961914 0.053125 0.959961 0.054688 0.959961 0.055469 0.958984 0.055469 0.958008 0.057813 0.955078 0.057813 0.954102 0.059375 0.952148 0.059375 0.951172 0.060937 0.949219 0.060937 0.920898 0.060156 0.919922 0.060156 0.918945 0.059375 0.917969 0.059375 0.916992 0.057813 0.915039 0.057813 0.914062 0.057031 0.913086 0.057031 0.912109 0.051562 0.905273 0.050781 0.905273 0.049219 0.903320 0.048438 0.903320 0.046094 0.900391 0.044531 0.900391 0.043750 0.899414 0.042969 0.899414 0.042188 0.898438 0.041406 0.898438 0.040625 0.897461 0.038281 0.897461 0.037500 0.896484 0.035937 0.896484 0.035156 0.895508 0.032031 0.895508 0.031250 0.894531
7 0.906250 0.296875 0.905469 0.297852 0.904687 0.297852 0.903906 0.298828 0.902344 0.298828 0.900781 0.300781 0.900000 0.300781 0.900000 0.301758 0.897656 0.304688 0.896875 0.304688 0.895312 0.306641 0.895312 0.323242 0.896094 0.323242 0.896875 0.324219 0.897656 0.324219 0.898438 0.325195 0.902344 0.325195 0.903125 0.326172 0.903906 0.325195 0.906250 0.325195 0.907031 0.326172 0.907813 0.326172 0.909375 0.328125 0.909375 0.329102 0.911719 0.332031 0.911719 0.333008 0.912500 0.333984 0.912500 0.342773 0.911719 0.343750 0.911719 0.344727 0.909375 0.347656 0.909375 0.348633 0.908594 0.349609 0.908594 0.350586 0.907813 0.351562 0.907813 0.352539 0.907031 0.353516 0.907031 0.356445 0.907813 0.357422 0.907813 0.359375 0.914062 0.367188 0.928906 0.367188 0.930469 0.365234 0.931250 0.365234 0.932031 0.364258 0.932813 0.364258 0.935156 0.361328 0.935937 0.361328 0.937500 0.359375 0.937500 0.358398 0.939063 0.356445 0.939063 0.355469 0.939844 0.354492 0.939844 0.324219 0.939063 0.323242 0.939063 0.322266 0.937500 0.320312 0.937500 0.319336 0.935937 0.317383 0.935937 0.316406 0.934375 0.314453 0.934375 0.313477 0.932031 0.310547 0.931250 0.310547 0.927344 0.305664 0.926562 0.305664 0.925781 0.304688 0.925000 0.304688 0.922656 0.301758 0.921875 0.301758 0.921094 0.300781 0.920312 0.300781 0.919531 0.299805 0.918750 0.299805 0.917969 0.298828 0.917188 0.298828 0.915625 0.296875
5 0.782031 0.632812 0.781250 0.633789 0.777344 0.633789 0.774219 0.637695 0.774219 0.638672 0.773438 0.639648 0.773438 0.640625 0.772656 0.641602 0.772656 0.643555 0.773438 0.644531 0.773438 0.646484 0.774219 0.647461 0.774219 0.649414 0.775000 0.650391 0.775000 0.651367 0.777344 0.654297 0.778125 0.654297 0.778906 0.655273 0.779687 0.655273 0.780469 0.656250 0.782813 0.656250 0.785937 0.660156 0.785937 0.661133 0.786719 0.662109 0.785937 0.663086 0.786719 0.664062 0.786719 0.666016 0.787500 0.666992 0.787500 0.671875 0.780469 0.680664 0.780469 0.681641 0.778906 0.683594 0.778906 0.684570 0.778125 0.685547 0.778125 0.687500 0.777344 0.688477 0.777344 0.694336 0.778125 0.695312 0.796875 0.695312 0.803125 0.687500 0.803125 0.686523 0.803906 0.685547 0.803906 0.684570 0.805469 0.682617 0.805469 0.679688 0.806250 0.678711 0.806250 0.677734 0.807031 0.676758 0.807031 0.674805 0.807813 0.673828 0.807813 0.655273 0.807031 0.654297 0.807031 0.653320 0.806250 0.652344 0.806250 0.650391 0.805469 0.649414 0.805469 0.647461 0.804688 0.646484 0.804688 0.645508 0.803125 0.643555 0.803125 0.642578 0.799219 0.637695 0.798438 0.637695 0.797656 0.636719 0.796875 0.636719 0.796094 0.635742 0.795312 0.635742 0.794531 0.634766 0.793750 0.634766 0.792969 0.633789 0.787500 0.633789 0.786719 0.632812
12 0.865625 0.464844 0.864844 0.465820 0.864062 0.465820 0.862500 0.467773 0.860938 0.467773 0.859375 0.469727 0.858594 0.469727 0.857031 0.471680 0.856250 0.471680 0.851562 0.477539 0.851562 0.478516 0.850000 0.480469 0.850000 0.481445 0.849219 0.482422 0.849219 0.483398 0.847656 0.485352 0.847656 0.509766 0.850000 0.512695 0.850000 0.513672 0.850781 0.514648 0.851562 0.514648 0.852344 0.515625 0.854688 0.515625 0.856250 0.517578 0.857031 0.517578 0.857812 0.518555 0.860156 0.518555 0.860938 0.519531 0.864062 0.519531 0.864844 0.520508 0.865625 0.520508 0.866406 0.519531 0.867188 0.519531 0.867188 0.518555 0.867969 0.517578 0.867969 0.513672 0.868750 0.512695 0.868750 0.511719 0.869531 0.510742 0.869531 0.508789 0.871875 0.505859 0.871875 0.504883 0.875000 0.500977 0.875781 0.500977 0.876563 0.500000 0.877344 0.500000 0.878125 0.499023 0.883594 0.499023 0.884375 0.500000 0.885938 0.500000 0.886719 0.499023 0.887500 0.500000 0.888281 0.500000 0.889062 0.500977 0.889844 0.500977 0.894531 0.506836 0.894531 0.507812 0.897656 0.511719 0.900781 0.511719 0.901563 0.512695 0.903125 0.512695 0.903906 0.511719 0.904687 0.511719 0.905469 0.510742 0.906250 0.510742 0.907813 0.508789 0.907813 0.507812 0.909375 0.505859 0.909375 0.487305 0.907813 0.485352 0.907813 0.484375 0.905469 0.481445 0.905469 0.480469 0.903906 0.478516 0.903906 0.477539 0.900000 0.472656 0.899219 0.472656 0.897656 0.470703 0.896875 0.470703 0.895312 0.468750 0.894531 0.468750 0.893750 0.467773 0.892969 0.467773 0.892188 0.466797 0.890625 0.466797 0.889062 0.464844
4 0.289062 0.317383 0.289062 0.318359 0.287500 0.320312 0.287500 0.321289 0.288281 0.322266 0.287500 0.323242 0.287500 0.326172 0.288281 0.327148 0.288281 0.329102 0.289062 0.330078 0.289062 0.333984 0.289844 0.334961 0.289844 0.337891 0.290625 0.338867 0.290625 0.344727 0.291406 0.345703 0.291406 0.346680 0.290625 0.347656 0.290625 0.349609 0.287500 0.353516 0.287500 0.354492 0.285938 0.356445 0.284375 0.356445 0.283594 0.357422 0.281250 0.357422 0.280469 0.358398 0.278906 0.358398 0.278125 0.359375 0.277344 0.359375 0.276562 0.360352 0.274219 0.360352 0.272656 0.362305 0.271875 0.362305 0.271875 0.388672 0.272656 0.388672 0.273438 0.389648 0.275000 0.389648 0.276562 0.391602 0.277344 0.391602 0.278125 0.392578 0.280469 0.392578 0.282813 0.395508 0.286719 0.395508 0.287500 0.394531 0.289844 0.394531 0.290625 0.393555 0.291406 0.393555 0.292187 0.392578 0.292969 0.392578 0.293750 0.391602 0.294531 0.391602 0.295312 0.390625 0.296094 0.390625 0.300781 0.384766 0.301563 0.384766 0.302344 0.383789 0.303125 0.383789 0.306250 0.379883 0.306250 0.378906 0.307812 0.376953 0.307812 0.375977 0.308594 0.375000 0.308594 0.373047 0.309375 0.372070 0.309375 0.370117 0.310156 0.369141 0.310156 0.368164 0.311719 0.366211 0.311719 0.333984 0.310156 0.332031 0.310156 0.331055 0.309375 0.330078 0.309375 0.329102 0.308594 0.328125 0.308594 0.327148 0.306250 0.324219 0.306250 0.323242 0.303125 0.319336 0.302344 0.319336 0.300781 0.317383
3 0.768750 0.145508 0.767969 0.146484 0.767969 0.147461 0.765625 0.150391 0.765625 0.151367 0.763281 0.154297 0.763281 0.155273 0.762500 0.156250 0.762500 0.158203 0.763281 0.159180 0.763281 0.162109 0.764062 0.163086 0.764062 0.164062 0.765625 0.166016 0.766406 0.166016 0.767969 0.167969 0.770312 0.167969 0.771094 0.168945 0.772656 0.168945 0.774219 0.170898 0.775000 0.170898 0.775781 0.171875 0.777344 0.171875 0.778125 0.172852 0.778906 0.172852 0.779687 0.173828 0.780469 0.173828 0.783594 0.177734 0.784375 0.177734 0.787500 0.181641 0.787500 0.185547 0.786719 0.186523 0.786719 0.198242 0.785937 0.199219 0.785937 0.200195 0.786719 0.201172 0.786719 0.204102 0.787500 0.205078 0.787500 0.206055 0.803906 0.206055 0.803906 0.205078 0.804688 0.204102 0.805469 0.204102 0.806250 0.203125 0.806250 0.202148 0.807813 0.200195 0.807813 0.199219 0.808594 0.198242 0.808594 0.197266 0.810156 0.195312 0.810156 0.194336 0.810937 0.193359 0.810937 0.191406 0.811719 0.190430 0.811719 0.188477 0.812500 0.187500 0.812500 0.170898 0.811719 0.169922 0.811719 0.167969 0.810937 0.166992 0.810937 0.164062 0.810156 0.163086 0.810156 0.162109 0.809375 0.161133 0.809375 0.160156 0.808594 0.159180 0.808594 0.158203 0.807031 0.156250 0.807031 0.155273 0.804688 0.152344 0.803906 0.152344 0.800781 0.148438 0.799219 0.148438 0.797656 0.146484 0.796875 0.146484 0.796094 0.145508
4 0.650781 0.905273 0.650000 0.906250 0.650000 0.925781 0.651563 0.925781 0.652344 0.926758 0.655469 0.926758 0.657031 0.928711 0.657813 0.928711 0.658594 0.929688 0.658594 0.932617 0.659375 0.933594 0.659375 0.935547 0.660156 0.936523 0.660156 0.938477 0.659375 0.939453 0.659375 0.941406 0.658594 0.942383 0.658594 0.946289 0.657813 0.947266 0.658594 0.948242 0.657813 0.949219 0.657813 0.953125 0.657031 0.954102 0.657031 0.955078 0.657813 0.956055 0.657813 0.958008 0.658594 0.958984 0.658594 0.959961 0.659375 0.960938 0.671094 0.960938 0.675000 0.956055 0.675000 0.955078 0.675781 0.954102 0.675781 0.953125 0.677344 0.951172 0.677344 0.948242 0.678125 0.947266 0.678125 0.946289 0.678906 0.945312 0.678906 0.923828 0.677344 0.921875 0.677344 0.920898 0.675781 0.918945 0.675781 0.917969 0.670312 0.911133 0.669531 0.911133 0.668750 0.910156 0.667969 0.910156 0.667188 0.909180 0.666406 0.909180 0.665625 0.908203 0.664844 0.908203 0.664062 0.907227 0.662500 0.907227 0.661719 0.906250 0.660156 0.906250 0.659375 0.905273
12 0.339844 0.618164 0.338281 0.620117 0.337500 0.620117 0.336719 0.621094 0.336719 0.622070 0.335156 0.624023 0.335156 0.625000 0.334375 0.625977 0.334375 0.626953 0.333594 0.627930 0.333594 0.644531 0.334375 0.645508 0.334375 0.647461 0.335156 0.648438 0.335156 0.649414 0.335938 0.650391 0.335938 0.651367 0.336719 0.652344 0.336719 0.653320 0.337500 0.654297 0.337500 0.655273 0.341406 0.660156 0.342187 0.660156 0.343750 0.662109 0.344531 0.662109 0.345313 0.663086 0.346094 0.663086 0.346875 0.664062 0.347656 0.664062 0.348438 0.665039 0.349219 0.665039 0.350000 0.666016 0.351562 0.666016 0.352344 0.666992 0.353125 0.666992 0.353906 0.667969 0.371094 0.667969 0.371875 0.666992 0.373437 0.666992 0.374219 0.666016 0.375781 0.666016 0.376563 0.665039 0.377344 0.665039 0.378125 0.664062 0.378906 0.664062 0.379688 0.663086 0.380469 0.663086 0.382031 0.661133 0.382812 0.661133 0.385156 0.658203 0.385937 0.658203 0.389844 0.653320 0.389844 0.652344 0.390625 0.651367 0.390625 0.650391 0.392969 0.647461 0.392969 0.633789 0.390625 0.630859 0.384375 0.630859 0.383594 0.631836 0.382812 0.631836 0.381250 0.633789 0.380469 0.633789 0.379688 0.634766 0.378906 0.634766 0.378125 0.635742 0.377344 0.635742 0.375781 0.637695 0.375000 0.637695 0.374219 0.638672 0.373437 0.638672 0.372656 0.639648 0.366406 0.639648 0.365625 0.638672 0.364844 0.638672 0.359375 0.631836 0.359375 0.630859 0.358594 0.629883 0.358594 0.628906 0.357812 0.627930 0.357812 0.625977 0.357031 0.625000 0.357031 0.623047 0.356250 0.622070 0.356250 0.621094 0.355469 0.620117 0.354687 0.620117 0.353906 0.619141 0.350781 0.619141 0.350000 0.618164
12 0.320312 0.126953 0.318750 0.128906 0.317969 0.128906 0.316406 0.130859 0.315625 0.130859 0.311719 0.135742 0.311719 0.136719 0.310156 0.138672 0.310156 0.139648 0.308594 0.141602 0.308594 0.143555 0.307031 0.145508 0.307031 0.148438 0.306250 0.149414 0.306250 0.150391 0.305469 0.151367 0.305469 0.176758 0.306250 0.177734 0.306250 0.178711 0.307031 0.179688 0.307031 0.180664 0.307812 0.181641 0.307812 0.183594 0.308594 0.184570 0.308594 0.186523 0.309375 0.187500 0.309375 0.188477 0.310156 0.189453 0.310156 0.190430 0.310937 0.191406 0.310937 0.192383 0.314063 0.196289 0.314063 0.197266 0.318750 0.203125 0.319531 0.203125 0.321094 0.205078 0.321875 0.205078 0.324219 0.208008 0.344531 0.208008 0.347656 0.204102 0.347656 0.203125 0.348438 0.202148 0.348438 0.200195 0.349219 0.199219 0.349219 0.198242 0.348438 0.197266 0.348438 0.194336 0.347656 0.193359 0.347656 0.191406 0.346875 0.190430 0.346094 0.190430 0.345313 0.189453 0.345313 0.188477 0.344531 0.188477 0.343750 0.187500 0.342187 0.187500 0.341406 0.186523 0.340625 0.186523 0.339844 0.185547 0.339062 0.185547 0.333594 0.178711 0.333594 0.176758 0.332813 0.175781 0.332813 0.166992 0.333594 0.166016 0.333594 0.163086 0.335938 0.160156 0.335938 0.159180 0.336719 0.158203 0.337500 0.158203 0.338281 0.157227 0.339062 0.157227 0.339844 0.156250 0.340625 0.156250 0.342969 0.153320 0.342969 0.151367 0.343750 0.150391 0.343750 0.144531 0.342969 0.143555 0.342969 0.139648 0.342187 0.138672 0.342187 0.135742 0.341406 0.134766 0.341406 0.133789 0.340625 0.132812 0.340625 0.131836 0.339844 0.130859 0.339062 0.130859 0.335938 0.126953
1 0.471094 0.170898 0.469531 0.172852 0.467969 0.172852 0.467187 0.173828 0.466406 0.173828 0.464844 0.175781 0.464062 0.175781 0.462500 0.177734 0.462500 0.178711 0.460938 0.180664 0.460938 0.181641 0.460156 0.182617 0.460156 0.184570 0.459375 0.185547 0.459375 0.204102 0.460938 0.206055 0.460938 0.207031 0.464062 0.210938 0.464062 0.211914 0.465625 0.213867 0.466406 0.213867 0.468750 0.216797 0.492969 0.216797 0.493750 0.215820 0.495312 0.215820 0.496094 0.214844 0.496875 0.214844 0.497656 0.213867 0.498437 0.213867 0.499219 0.212891 0.500781 0.212891 0.501563 0.211914 0.502344 0.211914 0.503125 0.210938 0.503906 0.210938 0.505469 0.208984 0.506250 0.208984 0.507031 0.208008 0.507812 0.208008 0.510938 0.204102 0.510938 0.203125 0.515625 0.197266 0.515625 0.196289 0.516406 0.195312 0.516406 0.194336 0.517188 0.193359 0.517188 0.191406 0.517969 0.190430 0.517969 0.189453 0.518750 0.188477 0.518750 0.186523 0.519531 0.185547 0.519531 0.176758 0.518750 0.175781 0.518750 0.173828 0.516406 0.170898 0.503125 0.170898 0.496875 0.178711 0.496094 0.178711 0.495312 0.179688 0.494531 0.179688 0.492969 0.181641 0.492188 0.181641 0.491406 0.182617 0.490625 0.182617 0.489844 0.183594 0.489063 0.182617 0.488281 0.182617 0.487500 0.181641 0.486719 0.181641 0.485938 0.180664 0.485156 0.180664 0.481250 0.175781 0.481250 0.174805 0.480469 0.173828 0.479687 0.173828 0.478125 0.171875 0.477344 0.171875 0.476562 0.170898