11 0.382031 0.349609 0.381250 0.350586 0.379688 0.350586 0.375000 0.356445 0.374219 0.356445 0.373437 0.357422 0.373437 0.358398 0.372656 0.359375 0.372656 0.360352 0.371875 0.361328 0.371875 0.376953 0.370312 0.378906 0.370312 0.387695 0.371094 0.387695 0.371875 0.388672 0.373437 0.388672 0.374219 0.389648 0.375000 0.389648 0.376563 0.391602 0.376563 0.392578 0.377344 0.393555 0.377344 0.394531 0.378125 0.395508 0.378125 0.397461 0.378906 0.398438 0.378906 0.399414 0.382812 0.404297 0.382812 0.405273 0.383594 0.406250 0.383594 0.408203 0.384375 0.409180 0.384375 0.411133 0.385156 0.412109 0.385156 0.413086 0.385937 0.414062 0.386719 0.414062 0.387500 0.415039 0.389062 0.415039 0.389844 0.416016 0.390625 0.416016 0.391406 0.416992 0.392188 0.416992 0.395313 0.420898 0.406250 0.420898 0.406250 0.419922 0.410938 0.414062 0.410938 0.413086 0.411719 0.412109 0.411719 0.411133 0.412500 0.410156 0.412500 0.408203 0.413281 0.407227 0.413281 0.404297 0.414844 0.402344 0.414844 0.378906 0.414062 0.377930 0.414062 0.375977 0.413281 0.375000 0.413281 0.373047 0.412500 0.372070 0.412500 0.371094 0.411719 0.370117 0.411719 0.368164 0.410938 0.367188 0.410938 0.364258 0.408594 0.361328 0.408594 0.360352 0.406250 0.357422 0.406250 0.356445 0.404687 0.354492 0.403906 0.354492 0.402344 0.352539 0.401562 0.352539 0.400781 0.351562 0.399219 0.351562 0.398438 0.350586 0.397656 0.350586 0.396875 0.349609
6 0.575781 0.704102 0.574219 0.706055 0.573438 0.706055 0.571875 0.708008 0.571094 0.708008 0.568750 0.710938 0.567969 0.710938 0.566406 0.712891 0.566406 0.714844 0.564063 0.717773 0.564063 0.727539 0.564844 0.728516 0.565625 0.728516 0.567969 0.731445 0.569531 0.731445 0.570312 0.732422 0.575000 0.732422 0.575781 0.733398 0.578125 0.733398 0.578906 0.734375 0.583594 0.734375 0.584375 0.735352 0.585938 0.735352 0.586719 0.736328 0.588281 0.736328 0.589063 0.737305 0.589844 0.737305 0.592187 0.740234 0.592187 0.741211 0.593750 0.743164 0.593750 0.750000 0.594531 0.750977 0.594531 0.751953 0.595313 0.752930 0.595313 0.753906 0.596094 0.754883 0.615625 0.754883 0.616406 0.753906 0.616406 0.750977 0.617188 0.750000 0.617188 0.748047 0.617969 0.747070 0.617969 0.744141 0.618750 0.743164 0.618750 0.741211 0.619531 0.740234 0.619531 0.739258 0.618750 0.738281 0.619531 0.737305 0.618750 0.736328 0.618750 0.731445 0.617969 0.730469 0.617969 0.727539 0.617188 0.726562 0.617188 0.724609 0.616406 0.723633 0.616406 0.722656 0.614844 0.720703 0.614844 0.719727 0.614062 0.718750 0.614062 0.717773 0.607812 0.709961 0.607031 0.709961 0.604688 0.707031 0.603125 0.707031 0.601562 0.705078 0.600781 0.705078 0.600000 0.704102
10 0.278906 0.480469 0.278125 0.481445 0.278125 0.482422 0.276562 0.484375 0.276562 0.485352 0.275000 0.487305 0.275000 0.488281 0.273438 0.490234 0.273438 0.491211 0.272656 0.492188 0.272656 0.493164 0.271875 0.494141 0.271875 0.497070 0.271094 0.498047 0.271094 0.500000 0.270313 0.500977 0.270313 0.505859 0.269531 0.506836 0.269531 0.507812 0.270313 0.508789 0.270313 0.516602 0.271094 0.517578 0.271094 0.518555 0.271875 0.519531 0.271875 0.522461 0.272656 0.523438 0.272656 0.524414 0.273438 0.525391 0.273438 0.526367 0.274219 0.527344 0.274219 0.528320 0.275000 0.529297 0.275000 0.530273 0.277344 0.533203 0.277344 0.534180 0.278906 0.536133 0.278906 0.537109 0.284375 0.543945 0.285156 0.543945 0.286719 0.545898 0.287500 0.545898 0.288281 0.546875 0.289062 0.546875 0.289844 0.547852 0.310937 0.547852 0.311719 0.546875 0.312500 0.546875 0.313281 0.545898 0.314844 0.545898 0.315625 0.544922 0.317188 0.544922 0.318750 0.542969 0.319531 0.542969 0.321094 0.541016 0.321875 0.541016 0.325000 0.537109 0.325000 0.535156 0.325781 0.534180 0.325781 0.530273 0.325000 0.529297 0.325000 0.528320 0.323437 0.526367 0.323437 0.525391 0.321875 0.523438 0.321094 0.523438 0.320312 0.522461 0.318750 0.522461 0.317969 0.521484 0.314063 0.521484 0.313281 0.520508 0.309375 0.520508 0.308594 0.519531 0.307812 0.520508 0.307031 0.520508 0.306250 0.519531 0.304688 0.519531 0.300000 0.513672 0.300000 0.512695 0.296875 0.508789 0.296875 0.505859 0.296094 0.504883 0.296094 0.501953 0.296875 0.500977 0.296875 0.499023 0.297656 0.498047 0.297656 0.496094 0.298438 0.495117 0.298438 0.493164 0.299219 0.492188 0.299219 0.483398 0.298438 0.482422 0.298438 0.480469
6 0.323437 0.058594 0.322656 0.059570 0.320312 0.059570 0.319531 0.060547 0.317969 0.060547 0.317188 0.061523 0.316406 0.061523 0.314844 0.063477 0.313281 0.063477 0.312500 0.064453 0.311719 0.064453 0.310156 0.066406 0.309375 0.066406 0.308594 0.067383 0.307812 0.067383 0.303906 0.072266 0.303125 0.072266 0.302344 0.073242 0.302344 0.074219 0.299219 0.078125 0.299219 0.080078 0.297656 0.082031 0.297656 0.106445 0.299219 0.108398 0.299219 0.109375 0.300000 0.110352 0.300000 0.111328 0.300781 0.112305 0.300781 0.114258 0.302344 0.116211 0.302344 0.117188 0.305469 0.121094 0.306250 0.121094 0.307031 0.122070 0.311719 0.122070 0.313281 0.120117 0.314844 0.120117 0.315625 0.119141 0.316406 0.119141 0.321094 0.113281 0.321094 0.109375 0.321875 0.108398 0.321875 0.107422 0.321094 0.106445 0.321094 0.105469 0.321875 0.104492 0.321875 0.100586 0.322656 0.099609 0.322656 0.098633 0.323437 0.097656 0.323437 0.096680 0.324219 0.095703 0.325000 0.095703 0.325781 0.094727 0.325781 0.093750 0.326562 0.092773 0.328125 0.092773 0.328906 0.091797 0.329688 0.091797 0.330469 0.090820 0.331250 0.090820 0.332031 0.089844 0.332813 0.089844 0.333594 0.088867 0.334375 0.088867 0.335156 0.089844 0.338281 0.089844 0.339062 0.090820 0.346875 0.090820 0.347656 0.089844 0.347656 0.072266 0.346094 0.070312 0.346094 0.069336 0.340625 0.062500 0.339844 0.062500 0.338281 0.060547 0.335938 0.060547 0.335156 0.059570 0.332813 0.059570 0.332031 0.058594
3 0.494531 0.445312 0.493750 0.446289 0.492969 0.446289 0.492188 0.447266 0.492188 0.448242 0.491406 0.449219 0.491406 0.450195 0.490625 0.451172 0.490625 0.452148 0.489844 0.453125 0.489844 0.454102 0.489063 0.455078 0.489063 0.456055 0.488281 0.457031 0.488281 0.459961 0.487500 0.460938 0.486719 0.460938 0.485938 0.461914 0.484375 0.461914 0.483594 0.462891 0.482812 0.462891 0.482031 0.463867 0.481250 0.463867 0.480469 0.464844 0.479687 0.463867 0.478906 0.463867 0.476562 0.460938 0.476562 0.459961 0.475000 0.458008 0.475000 0.457031 0.474219 0.456055 0.474219 0.455078 0.471094 0.451172 0.470313 0.451172 0.468750 0.449219 0.457813 0.449219 0.457031 0.450195 0.456250 0.450195 0.455469 0.451172 0.454688 0.451172 0.453125 0.453125 0.453125 0.470703 0.455469 0.473633 0.455469 0.474609 0.456250 0.475586 0.456250 0.476562 0.460156 0.481445 0.460938 0.481445 0.464844 0.486328 0.465625 0.486328 0.466406 0.487305 0.467187 0.487305 0.467969 0.488281 0.468750 0.488281 0.469531 0.489258 0.470313 0.489258 0.471094 0.490234 0.472656 0.490234 0.473438 0.491211 0.491406 0.491211 0.492969 0.489258 0.493750 0.489258 0.494531 0.488281 0.495312 0.488281 0.498437 0.484375 0.499219 0.484375 0.500781 0.482422 0.501563 0.482422 0.501563 0.481445 0.502344 0.480469 0.502344 0.479492 0.503125 0.478516 0.503125 0.477539 0.503906 0.476562 0.503906 0.475586 0.504687 0.474609 0.504687 0.472656 0.505469 0.471680 0.505469 0.452148 0.504687 0.451172 0.504687 0.450195 0.500781 0.445312
5 0.239063 0.186523 0.238281 0.187500 0.236719 0.187500 0.234375 0.190430 0.233594 0.190430 0.231250 0.193359 0.231250 0.195312 0.230469 0.196289 0.230469 0.203125 0.231250 0.204102 0.231250 0.207031 0.229687 0.208984 0.229687 0.209961 0.228125 0.211914 0.227344 0.211914 0.226562 0.212891 0.224219 0.212891 0.223438 0.213867 0.221875 0.213867 0.221094 0.214844 0.216406 0.214844 0.215625 0.215820 0.213281 0.215820 0.212500 0.214844 0.211719 0.214844 0.210938 0.213867 0.210156 0.213867 0.209375 0.212891 0.208594 0.212891 0.207813 0.211914 0.205469 0.211914 0.204687 0.210938 0.203906 0.210938 0.203125 0.211914 0.202344 0.211914 0.201563 0.212891 0.200781 0.212891 0.200000 0.213867 0.200000 0.226562 0.200781 0.227539 0.200781 0.228516 0.202344 0.230469 0.202344 0.231445 0.203906 0.233398 0.204687 0.233398 0.207813 0.237305 0.208594 0.237305 0.209375 0.238281 0.210938 0.238281 0.212500 0.240234 0.232813 0.240234 0.234375 0.238281 0.235156 0.238281 0.235937 0.237305 0.236719 0.237305 0.237500 0.236328 0.238281 0.236328 0.239063 0.235352 0.239844 0.235352 0.242969 0.231445 0.243750 0.231445 0.244531 0.230469 0.245312 0.230469 0.246875 0.228516 0.247656 0.228516 0.248438 0.227539 0.248438 0.225586 0.250000 0.223633 0.250000 0.222656 0.251563 0.220703 0.251563 0.198242 0.250781 0.197266 0.250781 0.195312 0.250000 0.194336 0.250000 0.193359 0.249219 0.192383 0.248438 0.192383 0.245312 0.188477 0.244531 0.188477 0.243750 0.187500 0.239844 0.187500
4 0.510938 0.809570 0.510156 0.810547 0.506250 0.810547 0.505469 0.811523 0.504687 0.811523 0.503906 0.812500 0.503125 0.812500 0.502344 0.813477 0.501563 0.813477 0.500781 0.814453 0.499219 0.814453 0.498437 0.815430 0.497656 0.815430 0.492188 0.822266 0.492188 0.823242 0.488281 0.828125 0.488281 0.830078 0.487500 0.831055 0.487500 0.833008 0.485156 0.835938 0.485156 0.860352 0.485938 0.861328 0.485938 0.862305 0.486719 0.863281 0.486719 0.864258 0.488281 0.866211 0.488281 0.869141 0.489063 0.870117 0.489063 0.871094 0.489844 0.872070 0.489844 0.873047 0.493750 0.877930 0.493750 0.878906 0.494531 0.879883 0.495312 0.879883 0.496875 0.881836 0.508594 0.881836 0.509375 0.880859 0.509375 0.879883 0.510938 0.877930 0.510938 0.876953 0.511719 0.875977 0.511719 0.874023 0.512500 0.873047 0.512500 0.867188 0.513281 0.866211 0.513281 0.865234 0.512500 0.864258 0.512500 0.861328 0.511719 0.860352 0.511719 0.855469 0.510938 0.854492 0.510938 0.849609 0.511719 0.848633 0.511719 0.847656 0.510938 0.846680 0.511719 0.845703 0.511719 0.843750 0.512500 0.842773 0.512500 0.841797 0.514062 0.839844 0.514062 0.838867 0.514844 0.837891 0.515625 0.837891 0.516406 0.836914 0.518750 0.836914 0.519531 0.835938 0.521875 0.835938 0.521875 0.815430 0.518750 0.811523 0.517969 0.811523 0.517188 0.810547 0.515625 0.810547 0.514844 0.809570
0 0.626563 0.929688 0.626563 0.958008 0.627344 0.958984 0.627344 0.959961 0.628906 0.961914 0.628906 0.962891 0.632031 0.966797 0.632812 0.966797 0.634375 0.968750 0.635156 0.968750 0.635938 0.969727 0.636719 0.969727 0.637500 0.970703 0.638281 0.970703 0.639062 0.971680 0.639844 0.971680 0.640625 0.972656 0.642188 0.972656 0.642969 0.973633 0.647656 0.973633 0.648438 0.974609 0.650000 0.974609 0.650781 0.973633 0.652344 0.973633 0.653125 0.972656 0.654687 0.972656 0.655469 0.971680 0.656250 0.971680 0.657031 0.970703 0.657813 0.970703 0.657813 0.948242 0.657031 0.948242 0.656250 0.947266 0.656250 0.946289 0.655469 0.945312 0.654687 0.945312 0.650781 0.940430 0.650781 0.939453 0.648438 0.936523 0.648438 0.935547 0.647656 0.934570 0.647656 0.933594 0.646094 0.931641 0.645312 0.931641 0.644531 0.930664 0.639062 0.930664 0.638281 0.929688
3 0.643750 0.439453 0.642969 0.440430 0.642188 0.440430 0.641406 0.441406 0.640625 0.441406 0.639844 0.442383 0.639062 0.442383 0.638281 0.443359 0.637500 0.443359 0.636719 0.444336 0.635938 0.444336 0.635156 0.445312 0.634375 0.445312 0.632031 0.448242 0.632031 0.449219 0.628906 0.453125 0.628906 0.463867 0.630469 0.465820 0.630469 0.466797 0.631250 0.467773 0.631250 0.468750 0.632812 0.470703 0.632812 0.471680 0.633594 0.471680 0.634375 0.472656 0.635156 0.472656 0.635938 0.473633 0.636719 0.473633 0.637500 0.474609 0.639062 0.474609 0.639844 0.475586 0.642188 0.475586 0.642969 0.476562 0.646094 0.476562 0.646875 0.475586 0.647656 0.475586 0.648438 0.474609 0.657031 0.474609 0.659375 0.477539 0.659375 0.483398 0.660156 0.484375 0.660156 0.489258 0.660937 0.490234 0.660937 0.491211 0.661719 0.492188 0.661719 0.493164 0.663281 0.495117 0.663281 0.496094 0.664844 0.498047 0.678125 0.498047 0.680469 0.495117 0.680469 0.494141 0.681250 0.493164 0.681250 0.492188 0.682031 0.491211 0.682031 0.490234 0.683594 0.488281 0.683594 0.471680 0.682813 0.470703 0.682813 0.469727 0.682031 0.468750 0.682031 0.466797 0.681250 0.465820 0.681250 0.464844 0.680469 0.463867 0.680469 0.462891 0.679688 0.461914 0.679688 0.460938 0.678906 0.459961 0.678906 0.458984 0.675781 0.455078 0.675781 0.454102 0.674219 0.452148 0.673438 0.452148 0.671094 0.449219 0.670312 0.449219 0.667969 0.446289 0.667188 0.446289 0.665625 0.444336 0.664844 0.444336 0.664062 0.443359 0.663281 0.443359 0.662500 0.442383 0.661719 0.442383 0.660937 0.441406 0.659375 0.441406 0.658594 0.440430 0.657813 0.440430 0.657031 0.439453
3 0.530469 0.725586 0.530469 0.726562 0.528906 0.728516 0.528906 0.730469 0.528125 0.731445 0.528125 0.735352 0.527344 0.736328 0.527344 0.737305 0.528125 0.738281 0.528125 0.739258 0.528906 0.740234 0.528906 0.741211 0.532031 0.745117 0.534375 0.745117 0.535156 0.746094 0.536719 0.746094 0.537500 0.747070 0.538281 0.747070 0.539062 0.748047 0.539844 0.748047 0.542188 0.750977 0.542188 0.754883 0.541406 0.755859 0.540625 0.755859 0.533594 0.764648 0.532813 0.764648 0.532031 0.765625 0.531250 0.765625 0.530469 0.766602 0.529687 0.766602 0.525781 0.771484 0.525000 0.771484 0.525000 0.787109 0.526563 0.789062 0.526563 0.791016 0.527344 0.791992 0.527344 0.792969 0.528125 0.793945 0.528906 0.793945 0.529687 0.794922 0.530469 0.794922 0.531250 0.795898 0.533594 0.795898 0.534375 0.796875 0.536719 0.796875 0.537500 0.795898 0.541406 0.795898 0.542188 0.794922 0.545312 0.794922 0.546094 0.793945 0.547656 0.793945 0.548438 0.792969 0.550000 0.792969 0.551562 0.791016 0.552344 0.791016 0.553906 0.789062 0.554688 0.789062 0.557813 0.785156 0.557813 0.784180 0.560937 0.780273 0.560937 0.779297 0.561719 0.778320 0.561719 0.777344 0.562500 0.776367 0.562500 0.774414 0.563281 0.773438 0.563281 0.744141 0.560937 0.741211 0.560937 0.740234 0.559375 0.738281 0.559375 0.737305 0.557813 0.735352 0.557813 0.734375 0.557031 0.733398 0.556250 0.733398 0.555469 0.732422 0.555469 0.731445 0.554688 0.731445 0.552344 0.728516 0.551562 0.728516 0.549219 0.725586
4 0.341406 0.446289 0.339062 0.449219 0.339062 0.450195 0.337500 0.452148 0.337500 0.454102 0.336719 0.455078 0.336719 0.459961 0.337500 0.460938 0.337500 0.462891 0.338281 0.463867 0.338281 0.466797 0.339062 0.467773 0.339062 0.468750 0.339844 0.469727 0.339844 0.470703 0.340625 0.471680 0.340625 0.472656 0.342969 0.475586 0.342969 0.481445 0.342187 0.482422 0.341406 0.482422 0.340625 0.483398 0.339844 0.483398 0.339062 0.484375 0.336719 0.484375 0.335938 0.485352 0.334375 0.485352 0.333594 0.486328 0.330469 0.486328 0.329688 0.487305 0.324219 0.487305 0.323437 0.488281 0.321875 0.488281 0.319531 0.491211 0.319531 0.492188 0.318750 0.493164 0.317969 0.493164 0.316406 0.495117 0.316406 0.514648 0.318750 0.517578 0.319531 0.517578 0.321094 0.519531 0.321875 0.519531 0.322656 0.520508 0.323437 0.520508 0.324219 0.521484 0.325000 0.521484 0.325781 0.522461 0.327344 0.522461 0.328125 0.523438 0.341406 0.523438 0.342969 0.521484 0.344531 0.521484 0.346094 0.519531 0.347656 0.519531 0.348438 0.518555 0.349219 0.518555 0.350781 0.516602 0.351562 0.516602 0.352344 0.515625 0.353125 0.515625 0.357812 0.509766 0.358594 0.509766 0.360938 0.506836 0.360938 0.505859 0.362500 0.503906 0.362500 0.502930 0.364844 0.500000 0.364844 0.499023 0.365625 0.498047 0.365625 0.497070 0.367188 0.495117 0.367188 0.466797 0.366406 0.465820 0.366406 0.464844 0.364844 0.462891 0.364844 0.461914 0.364063 0.460938 0.364063 0.459961 0.363281 0.458984 0.363281 0.458008 0.360938 0.455078 0.360938 0.454102 0.360156 0.453125 0.359375 0.453125 0.357812 0.451172 0.357031 0.451172 0.355469 0.449219 0.354687 0.449219 0.352344 0.446289
7 0.521875 0.529297 0.521094 0.530273 0.520312 0.530273 0.518750 0.532227 0.517969 0.532227 0.517188 0.533203 0.516406 0.533203 0.510938 0.540039 0.510938 0.541016 0.510156 0.541992 0.510156 0.542969 0.508594 0.544922 0.508594 0.571289 0.511719 0.575195 0.512500 0.575195 0.514844 0.578125 0.515625 0.578125 0.516406 0.579102 0.522656 0.579102 0.522656 0.578125 0.523438 0.577148 0.524219 0.577148 0.525781 0.575195 0.525781 0.574219 0.526563 0.573242 0.526563 0.568359 0.525781 0.567383 0.525781 0.565430 0.525000 0.564453 0.525000 0.559570 0.525781 0.558594 0.525781 0.556641 0.526563 0.555664 0.526563 0.554688 0.528906 0.551758 0.529687 0.551758 0.530469 0.550781 0.531250 0.550781 0.532031 0.549805 0.532813 0.549805 0.533594 0.548828 0.534375 0.548828 0.535156 0.547852 0.538281 0.547852 0.539062 0.548828 0.540625 0.548828 0.541406 0.549805 0.542188 0.549805 0.542969 0.550781 0.546094 0.550781 0.546875 0.551758 0.549219 0.551758 0.550000 0.550781 0.550781 0.550781 0.551562 0.549805 0.552344 0.549805 0.552344 0.540039 0.550781 0.538086 0.550781 0.537109 0.550000 0.537109 0.549219 0.536133 0.548438 0.536133 0.546875 0.534180 0.546094 0.534180 0.545312 0.533203 0.544531 0.533203 0.543750 0.532227 0.542969 0.532227 0.541406 0.530273 0.540625 0.530273 0.539844 0.529297
1 0.421094 0.125977 0.420312 0.126953 0.419531 0.126953 0.417187 0.129883 0.416406 0.129883 0.414062 0.132812 0.414062 0.133789 0.413281 0.134766 0.413281 0.157227 0.414844 0.159180 0.414844 0.162109 0.415625 0.163086 0.415625 0.164062 0.417969 0.166992 0.418750 0.166992 0.421875 0.170898 0.422656 0.170898 0.425000 0.173828 0.425000 0.174805 0.426563 0.176758 0.426563 0.177734 0.428125 0.179688 0.436719 0.179688 0.439063 0.176758 0.439063 0.172852 0.438281 0.171875 0.438281 0.166016 0.437500 0.165039 0.437500 0.163086 0.436719 0.162109 0.436719 0.161133 0.433594 0.157227 0.433594 0.156250 0.435156 0.154297 0.435937 0.154297 0.436719 0.153320 0.441406 0.153320 0.442188 0.152344 0.442969 0.152344 0.446875 0.147461 0.447656 0.147461 0.447656 0.137695 0.446875 0.137695 0.442188 0.131836 0.441406 0.131836 0.439063 0.128906 0.438281 0.128906 0.436719 0.126953 0.434375 0.126953 0.433594 0.125977
11 0.337500 0.390625 0.336719 0.391602 0.335156 0.391602 0.334375 0.392578 0.332031 0.392578 0.330469 0.394531 0.328125 0.394531 0.327344 0.395508 0.326562 0.395508 0.325781 0.396484 0.325000 0.396484 0.324219 0.397461 0.323437 0.397461 0.321875 0.399414 0.321094 0.399414 0.317969 0.403320 0.317188 0.403320 0.314844 0.406250 0.314844 0.407227 0.313281 0.409180 0.313281 0.410156 0.311719 0.412109 0.311719 0.414062 0.310937 0.415039 0.310156 0.415039 0.310156 0.450195 0.311719 0.452148 0.312500 0.452148 0.313281 0.453125 0.314844 0.453125 0.315625 0.454102 0.320312 0.454102 0.321094 0.455078 0.331250 0.455078 0.332031 0.454102 0.333594 0.454102 0.334375 0.453125 0.335156 0.453125 0.335938 0.452148 0.336719 0.452148 0.342187 0.445312 0.342187 0.444336 0.343750 0.442383 0.343750 0.441406 0.344531 0.440430 0.344531 0.439453 0.345313 0.438477 0.345313 0.436523 0.346094 0.435547 0.346094 0.433594 0.346875 0.432617 0.346875 0.431641 0.348438 0.429688 0.350781 0.429688 0.351562 0.428711 0.353125 0.428711 0.353906 0.427734 0.354687 0.427734 0.357812 0.423828 0.357812 0.397461 0.356250 0.397461 0.355469 0.396484 0.353906 0.396484 0.352344 0.394531 0.350781 0.394531 0.350000 0.393555 0.348438 0.393555 0.347656 0.392578 0.346094 0.392578 0.345313 0.391602 0.341406 0.391602 0.340625 0.390625 0.339844 0.390625 0.339062 0.391602 0.338281 0.391602
8 0.785156 0.217773 0.784375 0.218750 0.782813 0.218750 0.782031 0.219727 0.781250 0.219727 0.780469 0.220703 0.779687 0.220703 0.778906 0.221680 0.778125 0.221680 0.776563 0.223633 0.775781 0.223633 0.774219 0.225586 0.773438 0.225586 0.772656 0.226562 0.771875 0.226562 0.770312 0.228516 0.769531 0.228516 0.767188 0.231445 0.767188 0.232422 0.765625 0.234375 0.765625 0.235352 0.764062 0.237305 0.764062 0.239258 0.763281 0.240234 0.763281 0.241211 0.762500 0.242188 0.762500 0.243164 0.760938 0.245117 0.760938 0.247070 0.760156 0.248047 0.760156 0.250000 0.759375 0.250977 0.759375 0.251953 0.758594 0.252930 0.758594 0.255859 0.757812 0.256836 0.757812 0.268555 0.758594 0.269531 0.758594 0.271484 0.759375 0.272461 0.759375 0.274414 0.762500 0.278320 0.762500 0.279297 0.764062 0.281250 0.775000 0.281250 0.777344 0.278320 0.778125 0.278320 0.782031 0.273438 0.782031 0.262695 0.782813 0.261719 0.782813 0.258789 0.785937 0.254883 0.786719 0.254883 0.787500 0.253906 0.788281 0.253906 0.789844 0.251953 0.790625 0.251953 0.791406 0.250977 0.792188 0.250977 0.792969 0.250000 0.793750 0.250000 0.794531 0.249023 0.799219 0.249023 0.800000 0.248047 0.804688 0.248047 0.805469 0.247070 0.810937 0.247070 0.813281 0.244141 0.813281 0.235352 0.811719 0.233398 0.811719 0.232422 0.810937 0.231445 0.810937 0.228516 0.810156 0.227539 0.810156 0.225586 0.808594 0.223633 0.808594 0.222656 0.807813 0.221680 0.807031 0.221680 0.804688 0.218750 0.804688 0.217773
1 0.435156 0.314453 0.432812 0.317383 0.432031 0.317383 0.431250 0.318359 0.430469 0.318359 0.430469 0.319336 0.428125 0.322266 0.428125 0.323242 0.426563 0.325195 0.426563 0.338867 0.427344 0.339844 0.427344 0.343750 0.428125 0.344727 0.428125 0.347656 0.428906 0.348633 0.428906 0.349609 0.429688 0.350586 0.429688 0.351562 0.433594 0.356445 0.433594 0.357422 0.437500 0.362305 0.438281 0.362305 0.440625 0.365234 0.441406 0.365234 0.442188 0.366211 0.443750 0.366211 0.444531 0.367188 0.446094 0.367188 0.446875 0.368164 0.447656 0.368164 0.448437 0.369141 0.449219 0.369141 0.450781 0.371094 0.471875 0.371094 0.472656 0.370117 0.473438 0.370117 0.474219 0.369141 0.475000 0.369141 0.475781 0.368164 0.477344 0.368164 0.478906 0.366211 0.479687 0.366211 0.480469 0.365234 0.481250 0.365234 0.482031 0.364258 0.482812 0.364258 0.485156 0.361328 0.485156 0.360352 0.489063 0.355469 0.489063 0.336914 0.487500 0.334961 0.486719 0.334961 0.485938 0.333984 0.484375 0.333984 0.483594 0.333008 0.479687 0.333008 0.478906 0.333984 0.478125 0.333984 0.477344 0.333008 0.475781 0.333008 0.475000 0.333984 0.467969 0.333984 0.467187 0.333008 0.466406 0.333008 0.464062 0.330078 0.463281 0.330078 0.458594 0.324219 0.458594 0.323242 0.457031 0.321289 0.457031 0.320312 0.456250 0.319336 0.456250 0.317383 0.453906 0.314453
10 0.414844 0.611328 0.414062 0.612305 0.413281 0.612305 0.412500 0.613281 0.411719 0.613281 0.410938 0.614258 0.410156 0.614258 0.405469 0.620117 0.405469 0.621094 0.404687 0.622070 0.404687 0.623047 0.402344 0.625977 0.402344 0.627930 0.400781 0.629883 0.400781 0.658203 0.402344 0.660156 0.402344 0.661133 0.403125 0.662109 0.403125 0.663086 0.405469 0.666016 0.405469 0.666992 0.407031 0.668945 0.407031 0.669922 0.409375 0.672852 0.410156 0.672852 0.412500 0.675781 0.413281 0.675781 0.415625 0.678711 0.417187 0.678711 0.417969 0.679688 0.419531 0.679688 0.420312 0.680664 0.421094 0.680664 0.421875 0.681641 0.424219 0.681641 0.425000 0.682617 0.433594 0.682617 0.434375 0.681641 0.435156 0.681641 0.435937 0.680664 0.438281 0.680664 0.439063 0.679688 0.440625 0.679688 0.442188 0.677734 0.443750 0.677734 0.444531 0.676758 0.445312 0.676758 0.446094 0.675781 0.446875 0.675781 0.446875 0.650391 0.436719 0.650391 0.435937 0.651367 0.435156 0.650391 0.433594 0.650391 0.432812 0.649414 0.432031 0.649414 0.429688 0.646484 0.428906 0.646484 0.428125 0.645508 0.428125 0.644531 0.427344 0.643555 0.427344 0.641602 0.426563 0.640625 0.426563 0.637695 0.425000 0.635742 0.425000 0.634766 0.424219 0.633789 0.424219 0.630859 0.423438 0.629883 0.423438 0.628906 0.424219 0.627930 0.424219 0.626953 0.425000 0.625977 0.425000 0.618164 0.421875 0.614258 0.421094 0.614258 0.420312 0.613281 0.419531 0.613281 0.418750 0.612305 0.416406 0.612305 0.415625 0.611328
10 0.850781 0.734375 0.849219 0.736328 0.848437 0.736328 0.847656 0.737305 0.846875 0.737305 0.844531 0.740234 0.843750 0.740234 0.842187 0.742188 0.841406 0.742188 0.838281 0.746094 0.837500 0.746094 0.835156 0.749023 0.834375 0.749023 0.826562 0.758789 0.826562 0.759766 0.824219 0.762695 0.824219 0.773438 0.825000 0.773438 0.826562 0.775391 0.828125 0.775391 0.828906 0.776367 0.830469 0.776367 0.831250 0.777344 0.834375 0.777344 0.835156 0.778320 0.836719 0.778320 0.837500 0.779297 0.838281 0.779297 0.839063 0.780273 0.862500 0.780273 0.864062 0.778320 0.864844 0.778320 0.866406 0.776367 0.867188 0.776367 0.871094 0.771484 0.871094 0.770508 0.872656 0.768555 0.872656 0.766602 0.873437 0.765625 0.873437 0.747070 0.871094 0.744141 0.871094 0.743164 0.867188 0.738281 0.867188 0.737305 0.864844 0.734375
10 0.224219 0.750977 0.223438 0.751953 0.221875 0.751953 0.217188 0.757812 0.217188 0.758789 0.216406 0.759766 0.216406 0.761719 0.214844 0.763672 0.214844 0.764648 0.214062 0.765625 0.214062 0.766602 0.213281 0.767578 0.213281 0.768555 0.211719 0.770508 0.211719 0.771484 0.209375 0.774414 0.207813 0.774414 0.207031 0.775391 0.206250 0.774414 0.205469 0.774414 0.204687 0.773438 0.203125 0.773438 0.202344 0.772461 0.201563 0.772461 0.200781 0.771484 0.200000 0.771484 0.196094 0.766602 0.195312 0.766602 0.194531 0.767578 0.193750 0.767578 0.191406 0.770508 0.191406 0.772461 0.190625 0.773438 0.190625 0.774414 0.189844 0.775391 0.189844 0.778320 0.189062 0.779297 0.189062 0.796875 0.192188 0.800781 0.192188 0.801758 0.192969 0.802734 0.193750 0.802734 0.194531 0.803711 0.195312 0.803711 0.196094 0.804688 0.196875 0.804688 0.197656 0.805664 0.198437 0.805664 0.199219 0.806641 0.200000 0.806641 0.200781 0.807617 0.201563 0.807617 0.202344 0.808594 0.203125 0.808594 0.203906 0.809570 0.204687 0.809570 0.205469 0.810547 0.221875 0.810547 0.225000 0.806641 0.225781 0.806641 0.227344 0.804688 0.228125 0.804688 0.228906 0.803711 0.228906 0.802734 0.230469 0.800781 0.230469 0.799805 0.232031 0.797852 0.232031 0.796875 0.232813 0.795898 0.232813 0.794922 0.234375 0.792969 0.234375 0.791016 0.235156 0.790039 0.235156 0.789062 0.235937 0.788086 0.235937 0.764648 0.235156 0.763672 0.235156 0.762695 0.234375 0.761719 0.234375 0.759766 0.233594 0.758789 0.233594 0.757812 0.229687 0.752930 0.228125 0.752930 0.227344 0.751953 0.226562 0.751953 0.225781 0.750977
0 0.553906 0.563477 0.552344 0.565430 0.551562 0.565430 0.550000 0.567383 0.549219 0.567383 0.544531 0.573242 0.544531 0.581055 0.546094 0.581055 0.546875 0.582031 0.550000 0.582031 0.550781 0.583008 0.551562 0.583008 0.553125 0.584961 0.553906 0.584961 0.556250 0.587891 0.556250 0.588867 0.560156 0.593750 0.560937 0.593750 0.561719 0.594727 0.566406 0.594727 0.567187 0.595703 0.567969 0.595703 0.569531 0.597656 0.569531 0.599609 0.570312 0.600586 0.570312 0.602539 0.571094 0.603516 0.571094 0.605469 0.571875 0.606445 0.571875 0.609375 0.575000 0.613281 0.595313 0.613281 0.596094 0.612305 0.596094 0.611328 0.597656 0.609375 0.597656 0.608398 0.599219 0.606445 0.599219 0.588867 0.598437 0.587891 0.598437 0.586914 0.597656 0.585938 0.597656 0.584961 0.596875 0.583984 0.596875 0.583008 0.596094 0.582031 0.596094 0.581055 0.594531 0.579102 0.594531 0.578125 0.592969 0.576172 0.592187 0.576172 0.590625 0.574219 0.589844 0.574219 0.585938 0.569336 0.585156 0.569336 0.583594 0.567383 0.582812 0.567383 0.582031 0.566406 0.581250 0.566406 0.580469 0.565430 0.578906 0.565430 0.578125 0.564453 0.577344 0.564453 0.576562 0.563477
2 0.728125 0.040039 0.727344 0.041016 0.725000 0.041016 0.724219 0.041992 0.723437 0.041992 0.721875 0.043945 0.721094 0.043945 0.720313 0.044922 0.720313 0.045898 0.717187 0.049805 0.717187 0.050781 0.715625 0.052734 0.715625 0.076172 0.716406 0.077148 0.716406 0.078125 0.717187 0.079102 0.717187 0.080078 0.717969 0.081055 0.717969 0.082031 0.719531 0.083984 0.719531 0.084961 0.720313 0.084961 0.721094 0.085938 0.721094 0.086914 0.721875 0.087891 0.722656 0.087891 0.725781 0.091797 0.726562 0.091797 0.727344 0.092773 0.728125 0.092773 0.729688 0.094727 0.730469 0.094727 0.731250 0.095703 0.732812 0.095703 0.733594 0.096680 0.734375 0.096680 0.735156 0.097656 0.752344 0.097656 0.753125 0.096680 0.754687 0.096680 0.755469 0.095703 0.757812 0.095703 0.759375 0.093750 0.760156 0.093750 0.760938 0.092773 0.761719 0.092773 0.763281 0.090820 0.764062 0.090820 0.765625 0.088867 0.766406 0.088867 0.767188 0.087891 0.767188 0.086914 0.767969 0.085938 0.767969 0.084961 0.769531 0.083008 0.769531 0.063477 0.768750 0.062500 0.767969 0.062500 0.767188 0.061523 0.766406 0.061523 0.765625 0.060547 0.760938 0.060547 0.760156 0.061523 0.757812 0.061523 0.757031 0.062500 0.754687 0.062500 0.753125 0.064453 0.751563 0.064453 0.750000 0.066406 0.749219 0.066406 0.748437 0.065430 0.746875 0.065430 0.743750 0.061523 0.743750 0.060547 0.742969 0.059570 0.742969 0.058594 0.742188 0.057617 0.742188 0.056641 0.741406 0.055664 0.741406 0.052734 0.739844 0.050781 0.739844 0.048828 0.739062 0.047852 0.739062 0.045898 0.735156 0.041016 0.733594 0.041016 0.732812 0.040039
12 0.542188 0.897461 0.541406 0.898438 0.539062 0.898438 0.538281 0.899414 0.536719 0.899414 0.535937 0.900391 0.535156 0.900391 0.530469 0.906250 0.529687 0.906250 0.528125 0.908203 0.528125 0.909180 0.525781 0.912109 0.525781 0.913086 0.522656 0.916992 0.522656 0.917969 0.521875 0.918945 0.521875 0.920898 0.521094 0.921875 0.521094 0.922852 0.520312 0.923828 0.520312 0.938477 0.521875 0.940430 0.521875 0.941406 0.525781 0.946289 0.526563 0.946289 0.527344 0.947266 0.528125 0.947266 0.528906 0.948242 0.544531 0.948242 0.546875 0.945312 0.546875 0.944336 0.549219 0.941406 0.549219 0.939453 0.550781 0.937500 0.550781 0.936523 0.551562 0.935547 0.551562 0.934570 0.553125 0.932617 0.553125 0.931641 0.559375 0.923828 0.560156 0.923828 0.560937 0.924805 0.561719 0.924805 0.562500 0.925781 0.562500 0.926758 0.563281 0.927734 0.563281 0.931641 0.564063 0.932617 0.564063 0.934570 0.564844 0.935547 0.564844 0.936523 0.571094 0.944336 0.571875 0.944336 0.572656 0.945312 0.574219 0.945312 0.575000 0.946289 0.575781 0.946289 0.576562 0.945312 0.578125 0.945312 0.578906 0.944336 0.579688 0.944336 0.580469 0.943359 0.581250 0.943359 0.582031 0.942383 0.582031 0.941406 0.583594 0.939453 0.584375 0.939453 0.584375 0.919922 0.583594 0.918945 0.583594 0.917969 0.582812 0.916992 0.582812 0.916016 0.582031 0.915039 0.582031 0.914062 0.581250 0.913086 0.581250 0.912109 0.579688 0.910156 0.579688 0.909180 0.574219 0.902344 0.573438 0.902344 0.572656 0.901367 0.571875 0.901367 0.570312 0.899414 0.569531 0.899414 0.567969 0.897461
2 0.889844 0.262695 0.889062 0.263672 0.887500 0.263672 0.885938 0.265625 0.885156 0.265625 0.884375 0.266602 0.883594 0.266602 0.881250 0.269531 0.880469 0.269531 0.878906 0.271484 0.878125 0.271484 0.876563 0.273438 0.875781 0.273438 0.875000 0.274414 0.874219 0.274414 0.871875 0.277344 0.871875 0.301758 0.873437 0.303711 0.873437 0.304688 0.878125 0.310547 0.878125 0.311523 0.878906 0.312500 0.878906 0.313477 0.887500 0.324219 0.888281 0.324219 0.889844 0.326172 0.890625 0.326172 0.891406 0.327148 0.892188 0.327148 0.893750 0.329102 0.904687 0.329102 0.906250 0.327148 0.907031 0.327148 0.910937 0.322266 0.910937 0.307617 0.907031 0.302734 0.907031 0.301758 0.906250 0.300781 0.905469 0.300781 0.904687 0.299805 0.903906 0.299805 0.902344 0.297852 0.900781 0.297852 0.900000 0.296875 0.896094 0.296875 0.895312 0.295898 0.894531 0.295898 0.892188 0.292969 0.892188 0.287109 0.893750 0.285156 0.894531 0.285156 0.895312 0.284180 0.896875 0.284180 0.897656 0.283203 0.899219 0.283203 0.901563 0.280273 0.901563 0.279297 0.902344 0.278320 0.902344 0.277344 0.903125 0.276367 0.903125 0.275391 0.902344 0.274414 0.902344 0.266602 0.901563 0.265625 0.901563 0.264648 0.900000 0.262695
11 0.515625 0.168945 0.514062 0.170898 0.514062 0.172852 0.512500 0.174805 0.512500 0.175781 0.511719 0.176758 0.511719 0.177734 0.510156 0.179688 0.510156 0.181641 0.509375 0.182617 0.509375 0.183594 0.510156 0.184570 0.510156 0.185547 0.510938 0.186523 0.510938 0.187500 0.511719 0.188477 0.512500 0.188477 0.513281 0.189453 0.514844 0.189453 0.516406 0.191406 0.517188 0.191406 0.518750 0.193359 0.519531 0.193359 0.521875 0.196289 0.522656 0.196289 0.523438 0.197266 0.524219 0.197266 0.529687 0.204102 0.530469 0.204102 0.532031 0.206055 0.532813 0.206055 0.536719 0.210938 0.537500 0.210938 0.539062 0.212891 0.539844 0.212891 0.542969 0.216797 0.543750 0.216797 0.546094 0.219727 0.562500 0.219727 0.562500 0.218750 0.564063 0.216797 0.564063 0.214844 0.564844 0.213867 0.564844 0.210938 0.565625 0.209961 0.565625 0.208984 0.564844 0.208008 0.564844 0.200195 0.561719 0.196289 0.561719 0.195312 0.560937 0.195312 0.559375 0.193359 0.558594 0.193359 0.557031 0.191406 0.556250 0.191406 0.554688 0.189453 0.552344 0.189453 0.551562 0.188477 0.550000 0.188477 0.549219 0.189453 0.548438 0.189453 0.547656 0.188477 0.545312 0.188477 0.544531 0.187500 0.542969 0.187500 0.541406 0.185547 0.541406 0.184570 0.539844 0.182617 0.539844 0.178711 0.539062 0.177734 0.539062 0.174805 0.537500 0.172852 0.537500 0.171875 0.535937 0.169922 0.535937 0.168945
4 0.428125 0.487305 0.427344 0.488281 0.426563 0.488281 0.425000 0.490234 0.424219 0.490234 0.423438 0.491211 0.421875 0.491211 0.421094 0.492188 0.420312 0.492188 0.419531 0.493164 0.418750 0.493164 0.417969 0.494141 0.417187 0.494141 0.411719 0.500977 0.411719 0.501953 0.410156 0.503906 0.410156 0.526367 0.411719 0.528320 0.411719 0.529297 0.412500 0.529297 0.413281 0.530273 0.414062 0.530273 0.414844 0.531250 0.415625 0.531250 0.416406 0.532227 0.418750 0.532227 0.421875 0.528320 0.421875 0.526367 0.422656 0.525391 0.422656 0.524414 0.423438 0.523438 0.423438 0.520508 0.424219 0.519531 0.424219 0.518555 0.425000 0.517578 0.425000 0.516602 0.425781 0.515625 0.425781 0.514648 0.426563 0.513672 0.426563 0.512695 0.428906 0.509766 0.429688 0.509766 0.431250 0.507812 0.436719 0.507812 0.439063 0.510742 0.439063 0.511719 0.439844 0.512695 0.439844 0.513672 0.440625 0.514648 0.440625 0.515625 0.441406 0.516602 0.441406 0.517578 0.443750 0.520508 0.443750 0.522461 0.446094 0.525391 0.446094 0.526367 0.446875 0.526367 0.448437 0.528320 0.453125 0.528320 0.453906 0.529297 0.455469 0.529297 0.456250 0.528320 0.457813 0.528320 0.460156 0.525391 0.460938 0.525391 0.463281 0.522461 0.463281 0.521484 0.464062 0.520508 0.464062 0.506836 0.463281 0.505859 0.463281 0.504883 0.461719 0.502930 0.461719 0.501953 0.455469 0.494141 0.454688 0.494141 0.451562 0.490234 0.450781 0.490234 0.450000 0.489258 0.448437 0.489258 0.447656 0.488281 0.446094 0.488281 0.445312 0.487305
2 0.892969 0.728516 0.892188 0.729492 0.891406 0.729492 0.888281 0.733398 0.888281 0.734375 0.887500 0.735352 0.887500 0.737305 0.885938 0.739258 0.885938 0.761719 0.893750 0.771484 0.894531 0.771484 0.896094 0.773438 0.900000 0.773438 0.900781 0.772461 0.901563 0.773438 0.916406 0.773438 0.917188 0.772461 0.918750 0.772461 0.919531 0.771484 0.920312 0.771484 0.921094 0.770508 0.921875 0.770508 0.924219 0.767578 0.925000 0.767578 0.926562 0.765625 0.926562 0.764648 0.929688 0.760742 0.929688 0.759766 0.930469 0.758789 0.931250 0.758789 0.931250 0.735352 0.929688 0.733398 0.928906 0.733398 0.925781 0.729492 0.925000 0.729492 0.924219 0.730469 0.923438 0.730469 0.922656 0.731445 0.921875 0.731445 0.921094 0.732422 0.920312 0.732422 0.918750 0.734375 0.918750 0.735352 0.917188 0.737305 0.917188 0.738281 0.914062 0.742188 0.910937 0.742188 0.909375 0.740234 0.908594 0.740234 0.906250 0.737305 0.905469 0.737305 0.904687 0.736328 0.903906 0.736328 0.902344 0.734375 0.901563 0.734375 0.899219 0.731445 0.899219 0.730469 0.897656 0.728516
2 0.757812 0.829102 0.757812 0.830078 0.755469 0.833008 0.755469 0.833984 0.754687 0.834961 0.754687 0.835938 0.753906 0.836914 0.753906 0.838867 0.753125 0.839844 0.753125 0.844727 0.753906 0.845703 0.753906 0.846680 0.758594 0.852539 0.758594 0.853516 0.759375 0.854492 0.759375 0.855469 0.760156 0.856445 0.760156 0.857422 0.760938 0.858398 0.760938 0.860352 0.761719 0.861328 0.761719 0.866211 0.760156 0.868164 0.760156 0.869141 0.759375 0.870117 0.759375 0.871094 0.754687 0.876953 0.753906 0.876953 0.751563 0.879883 0.751563 0.890625 0.752344 0.890625 0.753906 0.892578 0.753906 0.893555 0.754687 0.894531 0.754687 0.895508 0.755469 0.896484 0.755469 0.897461 0.756250 0.898438 0.756250 0.899414 0.757031 0.900391 0.757031 0.901367 0.757812 0.902344 0.764844 0.902344 0.765625 0.901367 0.766406 0.901367 0.767188 0.900391 0.767969 0.900391 0.768750 0.899414 0.772656 0.899414 0.774219 0.897461 0.775000 0.897461 0.775781 0.896484 0.776563 0.896484 0.777344 0.895508 0.778125 0.895508 0.780469 0.892578 0.781250 0.892578 0.782031 0.891602 0.782031 0.890625 0.782813 0.889648 0.782813 0.888672 0.785937 0.884766 0.785937 0.883789 0.786719 0.882812 0.786719 0.880859 0.789062 0.877930 0.789062 0.875977 0.790625 0.874023 0.790625 0.848633 0.789844 0.848633 0.789062 0.847656 0.789062 0.846680 0.788281 0.845703 0.788281 0.844727 0.787500 0.843750 0.787500 0.842773 0.786719 0.841797 0.786719 0.840820 0.780469 0.833008 0.779687 0.833008 0.778125 0.831055 0.777344 0.831055 0.775781 0.829102
10 0.293750 0.151367 0.292969 0.152344 0.291406 0.152344 0.290625 0.153320 0.288281 0.153320 0.287500 0.154297 0.286719 0.154297 0.285938 0.155273 0.284375 0.155273 0.283594 0.156250 0.282813 0.156250 0.282031 0.157227 0.281250 0.157227 0.280469 0.158203 0.279687 0.158203 0.276562 0.162109 0.276562 0.163086 0.273438 0.166992 0.273438 0.167969 0.272656 0.168945 0.272656 0.169922 0.271875 0.170898 0.271875 0.171875 0.271094 0.172852 0.271094 0.174805 0.270313 0.175781 0.270313 0.177734 0.269531 0.178711 0.269531 0.180664 0.268750 0.181641 0.268750 0.183594 0.267969 0.184570 0.267969 0.185547 0.267188 0.186523 0.267188 0.201172 0.267969 0.202148 0.267969 0.204102 0.268750 0.205078 0.268750 0.207031 0.269531 0.208008 0.269531 0.208984 0.270313 0.209961 0.270313 0.210938 0.271094 0.211914 0.271094 0.212891 0.271875 0.213867 0.271875 0.214844 0.277344 0.221680 0.278125 0.221680 0.279687 0.223633 0.289844 0.223633 0.292187 0.220703 0.292187 0.219727 0.292969 0.218750 0.292969 0.216797 0.293750 0.215820 0.293750 0.213867 0.294531 0.212891 0.294531 0.208008 0.295312 0.207031 0.295312 0.193359 0.294531 0.192383 0.294531 0.190430 0.293750 0.189453 0.293750 0.183594 0.294531 0.182617 0.294531 0.181641 0.299219 0.175781 0.300781 0.175781 0.301563 0.174805 0.309375 0.174805 0.310156 0.173828 0.310937 0.173828 0.311719 0.172852 0.311719 0.171875 0.312500 0.170898 0.312500 0.169922 0.314844 0.166992 0.314844 0.158203 0.314063 0.157227 0.313281 0.157227 0.311719 0.155273 0.310937 0.155273 0.309375 0.153320 0.308594 0.153320 0.307031 0.151367
7 0.710938 0.782227 0.710156 0.783203 0.709375 0.783203 0.706250 0.787109 0.705469 0.787109 0.704688 0.788086 0.704688 0.789062 0.703906 0.790039 0.703125 0.790039 0.702344 0.791016 0.702344 0.792969 0.701562 0.793945 0.701562 0.794922 0.700781 0.795898 0.700781 0.797852 0.699219 0.799805 0.699219 0.828125 0.700781 0.830078 0.700781 0.831055 0.701562 0.832031 0.701562 0.833008 0.702344 0.833984 0.702344 0.834961 0.706250 0.839844 0.707031 0.839844 0.707812 0.840820 0.707812 0.841797 0.708594 0.842773 0.709375 0.842773 0.710156 0.843750 0.710938 0.843750 0.714063 0.847656 0.714844 0.847656 0.715625 0.848633 0.717969 0.848633 0.718750 0.849609 0.724219 0.849609 0.725000 0.850586 0.730469 0.850586 0.731250 0.849609 0.732812 0.849609 0.734375 0.847656 0.735156 0.847656 0.735938 0.846680 0.736719 0.846680 0.736719 0.823242 0.735938 0.823242 0.734375 0.821289 0.732812 0.821289 0.732031 0.820312 0.729688 0.820312 0.728906 0.819336 0.728125 0.819336 0.727344 0.818359 0.726562 0.818359 0.725000 0.816406 0.725000 0.813477 0.724219 0.812500 0.724219 0.807617 0.725000 0.806641 0.725781 0.806641 0.726562 0.805664 0.726562 0.804688 0.727344 0.803711 0.727344 0.802734 0.728125 0.801758 0.728125 0.798828 0.728906 0.797852 0.728906 0.795898 0.728125 0.794922 0.728125 0.791992 0.727344 0.791016 0.727344 0.787109 0.726562 0.786133 0.726562 0.785156 0.724219 0.782227
10 0.148438 0.395508 0.145313 0.399414 0.145313 0.400391 0.144531 0.401367 0.144531 0.402344 0.142969 0.404297 0.142969 0.405273 0.140625 0.408203 0.140625 0.409180 0.139844 0.410156 0.139844 0.412109 0.140625 0.413086 0.140625 0.416992 0.145313 0.422852 0.146094 0.422852 0.148438 0.425781 0.148438 0.426758 0.149219 0.427734 0.149219 0.428711 0.150000 0.429688 0.150000 0.436523 0.150781 0.437500 0.150781 0.438477 0.149219 0.440430 0.146094 0.440430 0.145313 0.441406 0.143750 0.441406 0.142969 0.442383 0.142187 0.442383 0.139844 0.445312 0.139844 0.446289 0.138281 0.448242 0.138281 0.450195 0.137500 0.451172 0.137500 0.457031 0.138281 0.458008 0.138281 0.458984 0.139844 0.460938 0.139844 0.461914 0.140625 0.462891 0.141406 0.462891 0.142969 0.464844 0.143750 0.464844 0.144531 0.465820 0.146094 0.465820 0.146875 0.466797 0.147656 0.466797 0.148438 0.467773 0.158594 0.467773 0.159375 0.466797 0.160938 0.466797 0.161719 0.465820 0.162500 0.465820 0.164844 0.462891 0.165625 0.462891 0.166406 0.461914 0.167187 0.461914 0.167969 0.460938 0.168750 0.460938 0.170313 0.458984 0.171094 0.458984 0.174219 0.455078 0.174219 0.454102 0.175000 0.453125 0.175000 0.452148 0.176563 0.450195 0.176563 0.447266 0.177344 0.446289 0.177344 0.444336 0.178125 0.443359 0.178125 0.442383 0.178906 0.441406 0.178906 0.416992 0.178125 0.416016 0.178125 0.415039 0.177344 0.414062 0.177344 0.413086 0.176563 0.412109 0.176563 0.411133 0.175781 0.410156 0.175781 0.409180 0.175000 0.408203 0.175000 0.407227 0.174219 0.406250 0.174219 0.405273 0.171094 0.401367 0.171094 0.400391 0.168750 0.397461 0.167187 0.397461 0.166406 0.396484 0.165625 0.396484 0.164844 0.395508
0 0.215625 0.844727 0.215625 0.845703 0.214062 0.847656 0.213281 0.847656 0.212500 0.848633 0.212500 0.850586 0.210938 0.852539 0.210938 0.856445 0.210156 0.857422 0.210156 0.858398 0.209375 0.859375 0.209375 0.862305 0.207813 0.864258 0.207813 0.867188 0.206250 0.869141 0.206250 0.870117 0.205469 0.871094 0.205469 0.872070 0.204687 0.873047 0.204687 0.906250 0.205469 0.906250 0.208594 0.910156 0.209375 0.910156 0.210938 0.912109 0.211719 0.912109 0.212500 0.913086 0.212500 0.914062 0.223438 0.914062 0.224219 0.913086 0.225781 0.913086 0.226562 0.912109 0.228125 0.912109 0.228906 0.911133 0.229687 0.911133 0.232031 0.908203 0.232813 0.908203 0.232813 0.907227 0.233594 0.906250 0.233594 0.905273 0.235156 0.903320 0.235156 0.902344 0.235937 0.901367 0.235937 0.899414 0.236719 0.898438 0.236719 0.897461 0.237500 0.896484 0.237500 0.892578 0.238281 0.891602 0.238281 0.886719 0.237500 0.885742 0.237500 0.882812 0.236719 0.881836 0.236719 0.875000 0.235937 0.874023 0.235937 0.870117 0.235156 0.869141 0.235156 0.862305 0.234375 0.861328 0.234375 0.859375 0.233594 0.858398 0.233594 0.850586 0.230469 0.846680 0.229687 0.846680 0.228125 0.844727
7 0.647656 0.480469 0.646875 0.481445 0.644531 0.481445 0.643750 0.482422 0.642969 0.482422 0.640625 0.485352 0.640625 0.508789 0.642969 0.511719 0.642969 0.512695 0.644531 0.514648 0.644531 0.515625 0.648438 0.520508 0.649219 0.520508 0.650000 0.521484 0.650781 0.521484 0.652344 0.523438 0.653906 0.523438 0.655469 0.525391 0.657031 0.525391 0.657813 0.526367 0.658594 0.526367 0.659375 0.527344 0.672656 0.527344 0.673438 0.526367 0.674219 0.526367 0.675000 0.525391 0.676562 0.525391 0.678125 0.523438 0.678906 0.523438 0.679688 0.522461 0.681250 0.522461 0.682813 0.520508 0.683594 0.520508 0.686719 0.516602 0.687500 0.516602 0.689063 0.514648 0.689063 0.513672 0.690625 0.511719 0.690625 0.498047 0.689063 0.496094 0.689063 0.495117 0.688281 0.495117 0.686719 0.493164 0.685937 0.493164 0.685156 0.492188 0.679688 0.492188 0.678906 0.493164 0.676562 0.493164 0.675781 0.494141 0.674219 0.494141 0.673438 0.495117 0.672656 0.495117 0.671094 0.497070 0.667188 0.497070 0.666406 0.498047 0.665625 0.498047 0.664844 0.497070 0.663281 0.497070 0.661719 0.495117 0.661719 0.494141 0.660156 0.492188 0.660156 0.491211 0.658594 0.489258 0.658594 0.488281 0.657813 0.487305 0.657813 0.485352 0.655469 0.482422 0.653906 0.482422 0.653125 0.481445 0.650000 0.481445 0.649219 0.480469
10 0.629687 0.144531 0.628906 0.145508 0.627344 0.145508 0.626563 0.146484 0.624219 0.146484 0.622656 0.148438 0.621875 0.148438 0.619531 0.151367 0.618750 0.151367 0.617969 0.152344 0.617969 0.153320 0.617188 0.154297 0.617188 0.155273 0.616406 0.156250 0.616406 0.157227 0.614844 0.159180 0.614844 0.160156 0.614062 0.161133 0.614062 0.162109 0.612500 0.164062 0.612500 0.166016 0.611719 0.166992 0.611719 0.168945 0.610938 0.169922 0.610938 0.183594 0.613281 0.186523 0.614062 0.186523 0.614844 0.187500 0.617188 0.187500 0.617969 0.188477 0.618750 0.188477 0.619531 0.189453 0.621094 0.189453 0.621875 0.190430 0.622656 0.190430 0.623437 0.189453 0.625781 0.189453 0.627344 0.187500 0.628125 0.187500 0.629687 0.185547 0.629687 0.184570 0.638281 0.173828 0.642188 0.173828 0.642969 0.174805 0.643750 0.174805 0.646094 0.177734 0.646094 0.179688 0.646875 0.180664 0.646875 0.183594 0.647656 0.184570 0.647656 0.186523 0.648438 0.187500 0.648438 0.188477 0.649219 0.189453 0.649219 0.190430 0.650781 0.192383 0.650781 0.194336 0.651563 0.195312 0.652344 0.195312 0.654687 0.198242 0.656250 0.198242 0.657031 0.199219 0.661719 0.199219 0.662500 0.198242 0.664844 0.198242 0.665625 0.197266 0.665625 0.166992 0.664844 0.166016 0.664844 0.164062 0.664062 0.163086 0.664062 0.162109 0.661719 0.159180 0.661719 0.158203 0.660156 0.156250 0.660156 0.155273 0.657813 0.152344 0.657031 0.152344 0.656250 0.151367 0.655469 0.151367 0.654687 0.150391 0.653906 0.150391 0.653125 0.149414 0.652344 0.149414 0.650000 0.146484 0.647656 0.146484 0.646875 0.145508 0.646094 0.145508 0.645312 0.146484 0.644531 0.146484 0.643750 0.145508 0.642969 0.145508 0.642188 0.144531
10 0.732812 0.119141 0.732031 0.120117 0.729688 0.120117 0.728125 0.122070 0.727344 0.122070 0.723437 0.126953 0.723437 0.127930 0.722656 0.128906 0.722656 0.132812 0.721875 0.133789 0.721875 0.136719 0.721094 0.137695 0.721094 0.154297 0.724219 0.158203 0.724219 0.159180 0.728906 0.165039 0.729688 0.165039 0.734375 0.170898 0.735156 0.170898 0.736719 0.172852 0.737500 0.172852 0.740625 0.176758 0.741406 0.176758 0.743750 0.179688 0.754687 0.179688 0.755469 0.178711 0.756250 0.178711 0.757031 0.177734 0.757812 0.177734 0.760156 0.174805 0.760938 0.174805 0.767188 0.166992 0.767188 0.165039 0.767969 0.164062 0.767969 0.163086 0.768750 0.162109 0.768750 0.139648 0.767188 0.137695 0.766406 0.137695 0.764844 0.135742 0.763281 0.135742 0.762500 0.134766 0.759375 0.134766 0.758594 0.133789 0.751563 0.133789 0.750000 0.131836 0.747656 0.131836 0.746875 0.130859 0.746094 0.130859 0.745313 0.129883 0.743750 0.129883 0.742188 0.127930 0.742188 0.126953 0.741406 0.125977 0.741406 0.125000 0.740625 0.124023 0.740625 0.123047 0.739844 0.122070 0.739062 0.122070 0.737500 0.120117 0.735938 0.120117 0.735156 0.119141
0 0.819531 0.920898 0.818750 0.921875 0.817969 0.921875 0.816406 0.923828 0.815625 0.923828 0.812500 0.927734 0.811719 0.927734 0.811719 0.928711 0.810156 0.930664 0.810156 0.931641 0.809375 0.932617 0.809375 0.933594 0.807813 0.935547 0.807813 0.936523 0.807031 0.937500 0.807031 0.938477 0.805469 0.940430 0.805469 0.962891 0.806250 0.963867 0.806250 0.965820 0.807031 0.966797 0.807031 0.969727 0.807813 0.970703 0.807813 0.972656 0.808594 0.973633 0.808594 0.974609 0.809375 0.975586 0.809375 0.976562 0.813281 0.981445 0.814063 0.981445 0.815625 0.983398 0.830469 0.983398 0.831250 0.982422 0.832031 0.982422 0.832812 0.981445 0.832812 0.979492 0.833594 0.978516 0.833594 0.976562 0.832812 0.975586 0.833594 0.974609 0.833594 0.972656 0.832812 0.971680 0.832812 0.969727 0.832031 0.968750 0.832031 0.967773 0.831250 0.966797 0.831250 0.964844 0.830469 0.963867 0.830469 0.960938 0.829688 0.959961 0.829688 0.946289 0.830469 0.945312 0.830469 0.943359 0.837500 0.934570 0.838281 0.934570 0.840625 0.931641 0.840625 0.923828 0.838281 0.920898
8 0.846094 0.402344 0.844531 0.404297 0.843750 0.404297 0.841406 0.407227 0.840625 0.407227 0.832812 0.416992 0.832812 0.417969 0.832031 0.418945 0.832031 0.442383 0.832812 0.443359 0.832812 0.445312 0.833594 0.446289 0.833594 0.447266 0.834375 0.448242 0.834375 0.450195 0.835156 0.451172 0.835156 0.452148 0.837500 0.455078 0.837500 0.456055 0.842969 0.462891 0.843750 0.462891 0.845313 0.464844 0.846094 0.464844 0.847656 0.466797 0.848437 0.466797 0.849219 0.467773 0.864062 0.467773 0.866406 0.464844 0.866406 0.463867 0.867188 0.462891 0.867188 0.461914 0.867969 0.460938 0.867969 0.458008 0.867188 0.457031 0.867188 0.456055 0.865625 0.454102 0.864844 0.454102 0.859375 0.447266 0.859375 0.446289 0.858594 0.445312 0.858594 0.444336 0.857812 0.443359 0.857812 0.442383 0.857031 0.441406 0.857031 0.440430 0.856250 0.439453 0.856250 0.438477 0.855469 0.437500 0.855469 0.426758 0.857031 0.424805 0.857812 0.424805 0.858594 0.423828 0.859375 0.423828 0.860938 0.421875 0.861719 0.421875 0.864062 0.418945 0.864062 0.417969 0.864844 0.416992 0.864844 0.416016 0.865625 0.415039 0.865625 0.408203 0.864844 0.407227 0.864844 0.406250 0.863281 0.404297 0.862500 0.404297 0.860938 0.402344
10 0.714844 0.576172 0.714063 0.577148 0.712500 0.577148 0.711719 0.578125 0.710156 0.578125 0.709375 0.579102 0.707812 0.579102 0.700000 0.588867 0.700000 0.589844 0.697656 0.592773 0.697656 0.593750 0.695312 0.596680 0.695312 0.620117 0.696875 0.622070 0.696875 0.624023 0.700000 0.627930 0.700781 0.627930 0.701562 0.628906 0.703125 0.628906 0.703906 0.629883 0.710156 0.629883 0.710938 0.628906 0.711719 0.628906 0.716406 0.623047 0.716406 0.622070 0.717187 0.621094 0.717187 0.620117 0.717969 0.619141 0.717969 0.618164 0.718750 0.617188 0.718750 0.616211 0.719531 0.615234 0.719531 0.614258 0.724219 0.608398 0.725000 0.608398 0.725781 0.607422 0.726562 0.607422 0.727344 0.608398 0.728906 0.608398 0.729688 0.609375 0.730469 0.609375 0.733594 0.613281 0.733594 0.614258 0.736719 0.618164 0.736719 0.619141 0.737500 0.619141 0.738281 0.620117 0.739062 0.620117 0.739844 0.621094 0.742188 0.621094 0.742969 0.622070 0.746875 0.622070 0.747656 0.621094 0.750000 0.621094 0.750781 0.620117 0.751563 0.620117 0.753125 0.618164 0.753125 0.617188 0.755469 0.614258 0.755469 0.602539 0.754687 0.601562 0.754687 0.600586 0.753906 0.599609 0.753906 0.598633 0.753125 0.597656 0.753125 0.595703 0.749219 0.590820 0.749219 0.589844 0.744531 0.583984 0.743750 0.583984 0.742188 0.582031 0.741406 0.582031 0.740625 0.581055 0.739844 0.581055 0.739062 0.580078 0.738281 0.580078 0.737500 0.579102 0.736719 0.579102 0.735938 0.578125 0.735156 0.578125 0.734375 0.577148 0.733594 0.577148 0.732812 0.576172
3 0.900781 0.570312 0.900000 0.571289 0.900000 0.572266 0.899219 0.573242 0.899219 0.575195 0.898438 0.576172 0.898438 0.578125 0.897656 0.579102 0.897656 0.582031 0.896875 0.583008 0.896875 0.584961 0.896094 0.585938 0.895312 0.585938 0.895312 0.586914 0.893750 0.588867 0.892969 0.588867 0.889062 0.593750 0.888281 0.593750 0.886719 0.595703 0.885938 0.595703 0.885156 0.596680 0.884375 0.596680 0.882812 0.598633 0.882031 0.598633 0.880469 0.600586 0.878906 0.600586 0.878125 0.601562 0.877344 0.601562 0.876563 0.602539 0.875781 0.602539 0.872656 0.606445 0.872656 0.607422 0.871875 0.608398 0.871875 0.615234 0.873437 0.617188 0.873437 0.618164 0.875000 0.620117 0.900781 0.620117 0.902344 0.618164 0.903125 0.618164 0.903906 0.617188 0.904687 0.617188 0.906250 0.615234 0.907031 0.615234 0.909375 0.612305 0.910156 0.612305 0.912500 0.609375 0.914062 0.609375 0.917188 0.605469 0.917188 0.604492 0.917969 0.603516 0.917969 0.602539 0.920312 0.599609 0.920312 0.598633 0.921875 0.596680 0.921875 0.595703 0.923438 0.593750 0.923438 0.587891 0.922656 0.586914 0.922656 0.581055 0.921875 0.580078 0.921875 0.579102 0.921094 0.578125 0.921094 0.576172 0.920312 0.575195 0.920312 0.574219 0.919531 0.573242 0.919531 0.572266 0.918750 0.571289 0.918750 0.570312
5 0.820312 0.487305 0.818750 0.489258 0.817187 0.489258 0.813281 0.494141 0.812500 0.494141 0.809375 0.498047 0.808594 0.498047 0.807031 0.500000 0.806250 0.500000 0.805469 0.500977 0.804688 0.500977 0.803125 0.502930 0.801562 0.502930 0.800781 0.503906 0.796094 0.503906 0.795312 0.502930 0.794531 0.502930 0.793750 0.501953 0.792969 0.501953 0.791406 0.500000 0.790625 0.500000 0.789844 0.499023 0.788281 0.499023 0.787500 0.498047 0.782813 0.498047 0.780469 0.500977 0.780469 0.517578 0.781250 0.517578 0.782031 0.518555 0.782031 0.519531 0.782813 0.520508 0.782813 0.521484 0.785156 0.524414 0.785937 0.524414 0.788281 0.527344 0.789062 0.527344 0.790625 0.529297 0.791406 0.529297 0.792969 0.531250 0.793750 0.531250 0.795312 0.533203 0.817969 0.533203 0.818750 0.532227 0.820312 0.532227 0.821094 0.531250 0.823438 0.531250 0.824219 0.530273 0.825000 0.530273 0.826562 0.528320 0.827344 0.528320 0.828125 0.527344 0.828906 0.527344 0.830469 0.525391 0.831250 0.525391 0.834375 0.521484 0.834375 0.520508 0.836719 0.517578 0.836719 0.494141 0.835938 0.493164 0.835938 0.492188 0.833594 0.489258 0.832812 0.489258 0.831250 0.487305
10 0.536719 0.702148 0.535937 0.703125 0.534375 0.703125 0.533594 0.704102 0.532813 0.704102 0.531250 0.706055 0.530469 0.706055 0.527344 0.709961 0.526563 0.709961 0.526563 0.710938 0.525781 0.711914 0.525781 0.712891 0.525000 0.713867 0.525000 0.714844 0.523438 0.716797 0.523438 0.717773 0.522656 0.718750 0.522656 0.738281 0.524219 0.740234 0.525000 0.740234 0.525781 0.741211 0.526563 0.741211 0.527344 0.742188 0.531250 0.742188 0.532031 0.741211 0.535937 0.741211 0.536719 0.740234 0.537500 0.740234 0.539062 0.738281 0.539844 0.738281 0.541406 0.736328 0.541406 0.735352 0.542969 0.733398 0.543750 0.733398 0.544531 0.732422 0.548438 0.732422 0.549219 0.733398 0.550000 0.733398 0.551562 0.735352 0.551562 0.736328 0.552344 0.737305 0.552344 0.738281 0.553125 0.739258 0.553125 0.740234 0.553906 0.741211 0.553906 0.742188 0.554688 0.743164 0.554688 0.745117 0.555469 0.746094 0.555469 0.747070 0.556250 0.748047 0.556250 0.749023 0.557813 0.750977 0.557813 0.751953 0.560156 0.754883 0.560937 0.754883 0.562500 0.756836 0.562500 0.757812 0.563281 0.758789 0.564063 0.758789 0.565625 0.760742 0.567969 0.760742 0.568750 0.761719 0.571094 0.761719 0.571875 0.760742 0.573438 0.760742 0.575000 0.758789 0.575781 0.758789 0.575781 0.728516 0.572656 0.724609 0.572656 0.723633 0.564063 0.712891 0.562500 0.712891 0.560937 0.710938 0.560937 0.709961 0.560156 0.708984 0.558594 0.708984 0.557031 0.707031 0.555469 0.707031 0.554688 0.706055 0.553906 0.706055 0.553125 0.705078 0.552344 0.705078 0.551562 0.704102 0.549219 0.704102 0.548438 0.703125 0.546094 0.703125 0.545312 0.702148
0 0.598437 0.103516 0.597656 0.104492 0.596094 0.104492 0.595313 0.105469 0.593750 0.105469 0.592969 0.106445 0.592187 0.106445 0.591406 0.107422 0.589844 0.107422 0.588281 0.109375 0.587500 0.109375 0.586719 0.110352 0.585938 0.110352 0.581250 0.116211 0.580469 0.116211 0.580469 0.136719 0.582031 0.138672 0.582031 0.139648 0.584375 0.142578 0.585156 0.142578 0.585938 0.143555 0.586719 0.143555 0.587500 0.144531 0.598437 0.144531 0.599219 0.143555 0.601562 0.143555 0.602344 0.142578 0.605469 0.142578 0.606250 0.143555 0.607031 0.143555 0.607812 0.144531 0.608594 0.144531 0.610156 0.146484 0.610156 0.147461 0.610938 0.148438 0.610938 0.153320 0.610156 0.154297 0.610156 0.162109 0.610938 0.163086 0.610938 0.167969 0.611719 0.168945 0.611719 0.169922 0.612500 0.170898 0.612500 0.172852 0.613281 0.173828 0.613281 0.175781 0.615625 0.178711 0.623437 0.178711 0.626563 0.174805 0.626563 0.173828 0.628125 0.171875 0.628125 0.170898 0.628906 0.169922 0.628906 0.168945 0.629687 0.167969 0.629687 0.166992 0.631250 0.165039 0.631250 0.163086 0.632031 0.162109 0.632031 0.161133 0.632812 0.160156 0.632812 0.158203 0.633594 0.157227 0.633594 0.156250 0.634375 0.155273 0.634375 0.132812 0.633594 0.131836 0.633594 0.129883 0.632812 0.128906 0.632812 0.126953 0.632031 0.125977 0.632031 0.125000 0.631250 0.124023 0.631250 0.123047 0.629687 0.121094 0.629687 0.120117 0.628125 0.118164 0.628125 0.117188 0.626563 0.115234 0.625781 0.115234 0.621094 0.109375 0.620313 0.109375 0.617969 0.106445 0.616406 0.106445 0.614062 0.103516
0 0.480469 0.093750 0.479687 0.094727 0.478906 0.094727 0.478125 0.095703 0.477344 0.095703 0.475781 0.097656 0.475000 0.097656 0.470313 0.103516 0.470313 0.104492 0.467969 0.107422 0.467969 0.108398 0.465625 0.111328 0.465625 0.113281 0.464844 0.114258 0.464844 0.116211 0.464062 0.117188 0.464062 0.120117 0.463281 0.121094 0.463281 0.125977 0.462500 0.126953 0.462500 0.127930 0.463281 0.128906 0.463281 0.130859 0.488281 0.130859 0.489844 0.128906 0.491406 0.128906 0.492188 0.127930 0.496094 0.127930 0.496875 0.126953 0.500781 0.126953 0.501563 0.125977 0.503125 0.125977 0.503906 0.125000 0.504687 0.125000 0.507031 0.122070 0.507031 0.121094 0.507812 0.120117 0.507812 0.119141 0.508594 0.118164 0.508594 0.112305 0.509375 0.111328 0.509375 0.103516 0.506250 0.099609 0.505469 0.099609 0.503125 0.096680 0.502344 0.096680 0.501563 0.095703 0.500781 0.095703 0.499219 0.093750
8 0.782813 0.293945 0.781250 0.295898 0.780469 0.295898 0.779687 0.296875 0.778906 0.296875 0.778125 0.297852 0.777344 0.297852 0.770312 0.306641 0.770312 0.307617 0.769531 0.308594 0.769531 0.309570 0.768750 0.310547 0.768750 0.311523 0.767969 0.312500 0.767969 0.313477 0.767188 0.314453 0.767188 0.333984 0.768750 0.335938 0.768750 0.336914 0.770312 0.338867 0.784375 0.338867 0.786719 0.335938 0.786719 0.334961 0.787500 0.333984 0.787500 0.333008 0.789844 0.330078 0.789844 0.329102 0.793750 0.324219 0.801562 0.324219 0.807031 0.331055 0.807031 0.332031 0.809375 0.334961 0.810156 0.334961 0.811719 0.336914 0.812500 0.336914 0.813281 0.337891 0.814063 0.337891 0.814844 0.338867 0.825000 0.338867 0.826562 0.336914 0.827344 0.336914 0.827344 0.325195 0.825781 0.323242 0.825781 0.321289 0.825000 0.320312 0.825000 0.319336 0.824219 0.318359 0.824219 0.317383 0.823438 0.316406 0.823438 0.315430 0.822656 0.314453 0.822656 0.313477 0.821875 0.312500 0.821875 0.311523 0.820312 0.309570 0.820312 0.308594 0.818750 0.306641 0.817969 0.306641 0.814844 0.302734 0.814063 0.302734 0.811719 0.299805 0.810937 0.299805 0.810156 0.298828 0.809375 0.298828 0.808594 0.297852 0.807813 0.297852 0.807031 0.296875 0.806250 0.296875 0.805469 0.295898 0.803906 0.295898 0.803125 0.294922 0.802344 0.294922 0.801562 0.293945
3 0.096094 0.096680 0.095312 0.097656 0.093750 0.097656 0.092969 0.098633 0.090625 0.098633 0.089844 0.099609 0.087500 0.099609 0.085156 0.102539 0.084375 0.102539 0.084375 0.128906 0.085156 0.128906 0.085938 0.129883 0.094531 0.129883 0.095312 0.128906 0.096094 0.129883 0.100781 0.129883 0.101562 0.130859 0.102344 0.130859 0.103125 0.131836 0.103906 0.131836 0.104688 0.132812 0.104688 0.135742 0.103906 0.136719 0.103906 0.138672 0.103125 0.139648 0.103125 0.141602 0.102344 0.142578 0.102344 0.150391 0.103125 0.151367 0.103125 0.152344 0.103906 0.153320 0.103906 0.154297 0.105469 0.156250 0.105469 0.157227 0.106250 0.157227 0.107031 0.158203 0.108594 0.158203 0.109375 0.159180 0.114844 0.159180 0.116406 0.157227 0.117188 0.157227 0.119531 0.154297 0.120313 0.154297 0.120313 0.153320 0.121875 0.151367 0.121875 0.150391 0.122656 0.149414 0.122656 0.148438 0.124219 0.146484 0.124219 0.121094 0.122656 0.119141 0.122656 0.117188 0.121094 0.115234 0.121094 0.114258 0.117969 0.110352 0.117969 0.109375 0.114844 0.105469 0.114062 0.105469 0.112500 0.103516 0.111719 0.103516 0.110937 0.102539 0.110156 0.102539 0.108594 0.100586 0.107813 0.100586 0.107031 0.099609 0.106250 0.099609 0.105469 0.098633 0.103906 0.098633 0.103125 0.097656 0.097656 0.097656 0.096875 0.096680
2 0.396094 0.039062 0.394531 0.041016 0.393750 0.041016 0.392969 0.041992 0.392188 0.041992 0.388281 0.046875 0.388281 0.047852 0.386719 0.049805 0.386719 0.050781 0.384375 0.053711 0.384375 0.054688 0.382812 0.056641 0.382812 0.072266 0.383594 0.072266 0.384375 0.073242 0.384375 0.074219 0.385156 0.074219 0.385937 0.075195 0.386719 0.075195 0.387500 0.076172 0.388281 0.075195 0.389062 0.075195 0.392188 0.071289 0.392969 0.071289 0.393750 0.070312 0.394531 0.070312 0.395313 0.069336 0.397656 0.069336 0.398438 0.068359 0.399219 0.069336 0.402344 0.069336 0.403125 0.070312 0.403906 0.070312 0.404687 0.069336 0.406250 0.069336 0.407031 0.068359 0.407813 0.068359 0.408594 0.069336 0.409375 0.069336 0.410156 0.070312 0.410938 0.070312 0.412500 0.072266 0.412500 0.074219 0.413281 0.075195 0.413281 0.077148 0.414062 0.078125 0.414062 0.082031 0.414844 0.083008 0.414844 0.088867 0.415625 0.089844 0.415625 0.091797 0.421875 0.091797 0.421875 0.090820 0.422656 0.089844 0.423438 0.089844 0.424219 0.088867 0.425000 0.088867 0.425781 0.087891 0.426563 0.087891 0.427344 0.086914 0.428125 0.086914 0.429688 0.084961 0.431250 0.084961 0.433594 0.082031 0.434375 0.082031 0.435156 0.081055 0.435156 0.080078 0.435937 0.079102 0.435937 0.078125 0.436719 0.077148 0.436719 0.061523 0.435937 0.060547 0.435937 0.059570 0.435156 0.058594 0.435156 0.057617 0.433594 0.055664 0.433594 0.054688 0.428906 0.048828 0.428125 0.048828 0.427344 0.047852 0.427344 0.046875 0.425781 0.044922 0.425000 0.044922 0.424219 0.043945 0.423438 0.043945 0.421094 0.041016 0.419531 0.041016 0.418750 0.040039 0.417187 0.040039 0.416406 0.039062
10 0.707031 0.510742 0.706250 0.511719 0.703906 0.511719 0.703125 0.512695 0.702344 0.512695 0.701562 0.513672 0.700781 0.513672 0.698438 0.516602 0.697656 0.516602 0.696094 0.518555 0.695312 0.518555 0.694531 0.519531 0.694531 0.539062 0.695312 0.540039 0.696094 0.540039 0.696875 0.541016 0.697656 0.541016 0.698438 0.541992 0.699219 0.541016 0.700781 0.541016 0.701562 0.541992 0.703125 0.541992 0.703906 0.541016 0.704688 0.541016 0.705469 0.541992 0.708594 0.541992 0.709375 0.542969 0.710938 0.542969 0.713281 0.545898 0.713281 0.546875 0.714844 0.548828 0.714844 0.550781 0.714063 0.551758 0.714063 0.552734 0.714844 0.553711 0.714063 0.554688 0.714063 0.558594 0.714844 0.559570 0.714844 0.560547 0.714063 0.561523 0.714063 0.563477 0.714844 0.564453 0.714844 0.569336 0.715625 0.570312 0.715625 0.571289 0.716406 0.572266 0.716406 0.573242 0.717969 0.575195 0.728906 0.575195 0.729688 0.574219 0.731250 0.574219 0.733594 0.571289 0.734375 0.571289 0.740625 0.563477 0.740625 0.562500 0.741406 0.561523 0.741406 0.536133 0.739062 0.533203 0.739062 0.532227 0.736719 0.529297 0.736719 0.528320 0.731250 0.521484 0.730469 0.521484 0.726562 0.516602 0.725000 0.516602 0.724219 0.515625 0.723437 0.515625 0.722656 0.514648 0.720313 0.514648 0.719531 0.513672 0.718750 0.513672 0.717969 0.512695 0.715625 0.512695 0.714844 0.511719 0.714063 0.511719 0.713281 0.510742
10 0.808594 0.339844 0.807813 0.340820 0.807813 0.342773 0.807031 0.343750 0.807031 0.348633 0.804688 0.351562 0.803906 0.351562 0.801562 0.354492 0.800781 0.354492 0.800000 0.355469 0.799219 0.355469 0.798438 0.356445 0.796094 0.356445 0.795312 0.355469 0.792188 0.355469 0.791406 0.354492 0.790625 0.354492 0.788281 0.351562 0.785937 0.351562 0.785156 0.352539 0.783594 0.352539 0.782813 0.353516 0.782031 0.353516 0.781250 0.354492 0.780469 0.354492 0.777344 0.358398 0.776563 0.358398 0.774219 0.361328 0.773438 0.361328 0.771875 0.363281 0.771875 0.375000 0.772656 0.375977 0.772656 0.376953 0.773438 0.377930 0.773438 0.378906 0.778906 0.385742 0.778906 0.386719 0.779687 0.386719 0.780469 0.387695 0.781250 0.387695 0.782031 0.386719 0.792969 0.386719 0.793750 0.387695 0.795312 0.387695 0.796094 0.388672 0.796875 0.388672 0.800000 0.392578 0.810156 0.392578 0.810937 0.391602 0.811719 0.391602 0.812500 0.390625 0.813281 0.390625 0.814063 0.389648 0.814844 0.389648 0.816406 0.387695 0.817187 0.387695 0.824219 0.378906 0.824219 0.377930 0.825781 0.375977 0.825781 0.375000 0.826562 0.374023 0.826562 0.373047 0.827344 0.372070 0.827344 0.371094 0.828906 0.369141 0.828906 0.367188 0.829688 0.366211 0.829688 0.364258 0.830469 0.363281 0.830469 0.352539 0.829688 0.351562 0.829688 0.346680 0.828906 0.345703 0.828906 0.344727 0.828125 0.343750 0.828125 0.342773 0.827344 0.341797 0.827344 0.339844
12 0.182812 0.014648 0.181250 0.016602 0.180469 0.016602 0.179688 0.017578 0.178906 0.017578 0.178125 0.018555 0.177344 0.018555 0.176563 0.019531 0.175781 0.019531 0.175000 0.020508 0.174219 0.020508 0.173437 0.021484 0.172656 0.021484 0.167187 0.028320 0.167187 0.030273 0.165625 0.032227 0.165625 0.033203 0.164844 0.034180 0.164844 0.035156 0.164062 0.036133 0.164062 0.045898 0.164844 0.046875 0.164844 0.050781 0.165625 0.051758 0.164844 0.052734 0.164844 0.053711 0.165625 0.054688 0.165625 0.057617 0.166406 0.058594 0.166406 0.060547 0.167187 0.061523 0.167187 0.062500 0.167969 0.063477 0.167969 0.064453 0.170313 0.067383 0.170313 0.068359 0.171094 0.068359 0.171875 0.069336 0.171875 0.070312 0.175000 0.074219 0.175781 0.074219 0.177344 0.076172 0.181250 0.076172 0.182031 0.077148 0.182812 0.077148 0.183594 0.078125 0.189844 0.078125 0.190625 0.077148 0.192188 0.077148 0.192969 0.076172 0.193750 0.076172 0.196094 0.073242 0.196094 0.071289 0.195312 0.070312 0.194531 0.070312 0.193750 0.069336 0.192969 0.069336 0.190625 0.066406 0.190625 0.065430 0.191406 0.064453 0.191406 0.062500 0.190625 0.061523 0.190625 0.058594 0.189844 0.057617 0.189844 0.054688 0.189062 0.053711 0.189062 0.052734 0.189844 0.051758 0.189844 0.049805 0.192188 0.046875 0.192969 0.046875 0.193750 0.045898 0.195312 0.045898 0.196094 0.046875 0.200000 0.046875 0.200781 0.047852 0.214062 0.047852 0.214844 0.046875 0.214844 0.024414 0.214062 0.024414 0.213281 0.023438 0.212500 0.023438 0.210938 0.021484 0.210156 0.021484 0.209375 0.020508 0.208594 0.020508 0.207813 0.019531 0.207031 0.019531 0.205469 0.017578 0.203125 0.017578 0.202344 0.016602 0.200781 0.016602 0.200000 0.015625 0.199219 0.015625 0.198437 0.014648
1 0.389062 0.293945 0.388281 0.294922 0.387500 0.294922 0.386719 0.295898 0.385156 0.295898 0.384375 0.296875 0.383594 0.296875 0.382812 0.297852 0.381250 0.297852 0.380469 0.298828 0.378906 0.298828 0.378125 0.299805 0.377344 0.299805 0.375781 0.301758 0.374219 0.301758 0.371875 0.304688 0.371094 0.304688 0.368750 0.307617 0.368750 0.308594 0.364844 0.313477 0.364844 0.314453 0.363281 0.316406 0.363281 0.344727 0.364063 0.344727 0.364844 0.345703 0.366406 0.345703 0.367188 0.346680 0.367969 0.346680 0.368750 0.347656 0.373437 0.347656 0.374219 0.348633 0.375000 0.348633 0.376563 0.346680 0.377344 0.346680 0.378125 0.345703 0.379688 0.345703 0.380469 0.344727 0.382031 0.344727 0.382812 0.343750 0.384375 0.343750 0.385156 0.342773 0.386719 0.342773 0.389062 0.339844 0.389062 0.337891 0.389844 0.336914 0.389844 0.333008 0.390625 0.332031 0.390625 0.331055 0.394531 0.326172 0.395313 0.326172 0.396094 0.325195 0.400781 0.325195 0.401562 0.324219 0.408594 0.324219 0.409375 0.323242 0.410156 0.323242 0.410938 0.322266 0.411719 0.322266 0.413281 0.320312 0.414062 0.320312 0.414062 0.303711 0.410156 0.298828 0.409375 0.298828 0.407813 0.296875 0.405469 0.296875 0.404687 0.295898 0.403906 0.295898 0.403125 0.294922 0.400781 0.294922 0.400000 0.293945 0.392188 0.293945 0.391406 0.294922 0.389844 0.294922
12 0.334375 0.007812 0.333594 0.008789 0.332813 0.008789 0.331250 0.010742 0.330469 0.010742 0.328906 0.012695 0.328906 0.013672 0.327344 0.015625 0.327344 0.017578 0.325000 0.020508 0.325000 0.053711 0.325781 0.054688 0.325781 0.055664 0.326562 0.056641 0.326562 0.058594 0.328125 0.060547 0.328125 0.062500 0.328906 0.063477 0.328906 0.064453 0.330469 0.066406 0.331250 0.066406 0.332031 0.067383 0.332031 0.068359 0.335938 0.073242 0.336719 0.073242 0.339062 0.076172 0.339844 0.076172 0.341406 0.078125 0.342187 0.078125 0.342969 0.079102 0.343750 0.079102 0.344531 0.080078 0.345313 0.080078 0.346094 0.081055 0.346875 0.081055 0.347656 0.082031 0.349219 0.082031 0.350000 0.083008 0.350781 0.083008 0.351562 0.083984 0.361719 0.083984 0.362500 0.083008 0.365625 0.083008 0.366406 0.082031 0.367188 0.082031 0.367969 0.081055 0.369531 0.081055 0.372656 0.077148 0.373437 0.077148 0.374219 0.076172 0.374219 0.044922 0.373437 0.043945 0.373437 0.042969 0.372656 0.041992 0.371875 0.041992 0.371094 0.041016 0.367969 0.041016 0.367188 0.041992 0.366406 0.041992 0.365625 0.042969 0.361719 0.042969 0.360938 0.043945 0.353906 0.043945 0.353125 0.042969 0.349219 0.042969 0.346875 0.040039 0.346875 0.039062 0.346094 0.038086 0.346094 0.036133 0.345313 0.035156 0.346094 0.034180 0.346094 0.024414 0.346875 0.023438 0.346094 0.022461 0.346094 0.019531 0.345313 0.018555 0.345313 0.017578 0.344531 0.016602 0.344531 0.015625 0.343750 0.014648 0.343750 0.012695 0.341406 0.009766 0.340625 0.009766 0.339844 0.008789 0.339062 0.008789 0.338281 0.007812
3 0.285938 0.657227 0.282813 0.661133 0.282813 0.663086 0.282031 0.664062 0.282031 0.665039 0.281250 0.666016 0.281250 0.681641 0.282813 0.683594 0.282813 0.684570 0.284375 0.686523 0.285156 0.686523 0.286719 0.688477 0.286719 0.689453 0.289844 0.693359 0.290625 0.693359 0.292187 0.695312 0.294531 0.695312 0.295312 0.696289 0.296094 0.696289 0.296875 0.697266 0.318750 0.697266 0.319531 0.696289 0.320312 0.696289 0.322656 0.693359 0.323437 0.693359 0.324219 0.692383 0.325000 0.692383 0.325781 0.691406 0.325781 0.690430 0.326562 0.689453 0.326562 0.688477 0.327344 0.687500 0.328125 0.687500 0.328906 0.686523 0.328906 0.685547 0.330469 0.683594 0.330469 0.663086 0.326562 0.658203 0.324219 0.658203 0.323437 0.657227 0.321094 0.657227 0.319531 0.659180 0.318750 0.659180 0.318750 0.660156 0.317188 0.662109 0.317188 0.663086 0.314844 0.666016 0.313281 0.666016 0.312500 0.665039 0.310156 0.665039 0.308594 0.663086 0.307812 0.663086 0.307031 0.662109 0.306250 0.662109 0.305469 0.661133 0.304688 0.661133 0.303906 0.660156 0.303125 0.660156 0.300781 0.657227
8 0.544531 0.161133 0.544531 0.162109 0.543750 0.163086 0.542969 0.163086 0.542188 0.164062 0.542188 0.165039 0.541406 0.166016 0.541406 0.166992 0.540625 0.167969 0.540625 0.168945 0.539844 0.169922 0.539844 0.170898 0.539062 0.171875 0.539062 0.173828 0.538281 0.174805 0.538281 0.186523 0.539062 0.187500 0.539062 0.189453 0.539844 0.190430 0.539844 0.194336 0.541406 0.196289 0.541406 0.197266 0.542188 0.198242 0.542188 0.199219 0.542969 0.200195 0.542969 0.201172 0.543750 0.202148 0.543750 0.203125 0.546875 0.207031 0.546875 0.208008 0.549219 0.210938 0.549219 0.211914 0.550781 0.213867 0.551562 0.213867 0.553906 0.216797 0.554688 0.216797 0.556250 0.218750 0.557031 0.218750 0.559375 0.221680 0.583594 0.221680 0.584375 0.220703 0.584375 0.219727 0.585156 0.218750 0.585156 0.215820 0.584375 0.214844 0.584375 0.211914 0.582031 0.208984 0.582031 0.208008 0.578125 0.203125 0.577344 0.203125 0.576562 0.202148 0.575781 0.202148 0.572656 0.198242 0.571875 0.198242 0.569531 0.195312 0.569531 0.194336 0.568750 0.193359 0.568750 0.191406 0.567969 0.190430 0.567969 0.187500 0.567187 0.186523 0.567187 0.172852 0.566406 0.171875 0.566406 0.169922 0.564844 0.167969 0.564844 0.166992 0.560156 0.161133
2 0.148438 0.266602 0.146094 0.269531 0.146094 0.270508 0.144531 0.272461 0.144531 0.289062 0.145313 0.290039 0.145313 0.291016 0.146094 0.291992 0.146094 0.293945 0.148438 0.296875 0.148438 0.297852 0.155469 0.306641 0.156250 0.306641 0.157812 0.308594 0.158594 0.308594 0.159375 0.309570 0.160156 0.309570 0.161719 0.311523 0.186719 0.311523 0.187500 0.310547 0.188281 0.310547 0.194531 0.302734 0.195312 0.302734 0.195312 0.301758 0.197656 0.298828 0.197656 0.297852 0.198437 0.296875 0.198437 0.285156 0.193750 0.279297 0.192969 0.279297 0.192188 0.278320 0.189062 0.278320 0.188281 0.277344 0.185156 0.277344 0.184375 0.278320 0.182812 0.278320 0.181250 0.280273 0.180469 0.280273 0.178906 0.282227 0.178125 0.282227 0.177344 0.283203 0.176563 0.283203 0.175781 0.284180 0.175000 0.284180 0.174219 0.285156 0.173437 0.285156 0.172656 0.286133 0.171875 0.286133 0.171094 0.287109 0.168750 0.287109 0.161719 0.278320 0.161719 0.275391 0.160938 0.274414 0.160938 0.272461 0.158594 0.269531 0.157031 0.269531 0.156250 0.268555 0.155469 0.268555 0.154688 0.267578 0.153906 0.267578 0.153125 0.266602
2 0.175781 0.116211 0.175000 0.117188 0.174219 0.117188 0.173437 0.118164 0.171875 0.118164 0.171094 0.119141 0.170313 0.119141 0.169531 0.120117 0.167969 0.120117 0.166406 0.122070 0.165625 0.122070 0.160938 0.127930 0.160938 0.128906 0.159375 0.130859 0.159375 0.133789 0.158594 0.134766 0.158594 0.136719 0.157812 0.137695 0.157812 0.156250 0.161719 0.161133 0.162500 0.161133 0.163281 0.162109 0.164062 0.162109 0.164844 0.163086 0.166406 0.163086 0.167187 0.164062 0.173437 0.164062 0.174219 0.163086 0.175000 0.163086 0.176563 0.161133 0.176563 0.160156 0.178906 0.157227 0.178906 0.155273 0.179688 0.154297 0.179688 0.153320 0.180469 0.152344 0.180469 0.150391 0.182031 0.148438 0.182031 0.147461 0.182812 0.146484 0.182812 0.145508 0.185156 0.142578 0.188281 0.142578 0.189062 0.143555 0.193750 0.143555 0.194531 0.144531 0.195312 0.144531 0.196094 0.145508 0.196875 0.145508 0.197656 0.146484 0.204687 0.146484 0.205469 0.145508 0.207031 0.145508 0.207813 0.144531 0.209375 0.144531 0.209375 0.128906 0.206250 0.125000 0.205469 0.125000 0.203125 0.122070 0.202344 0.122070 0.201563 0.121094 0.200781 0.121094 0.200000 0.120117 0.196094 0.120117 0.195312 0.119141 0.194531 0.119141 0.193750 0.118164 0.192188 0.118164 0.190625 0.116211
7 0.789844 0.948242 0.789062 0.949219 0.787500 0.949219 0.785937 0.951172 0.784375 0.951172 0.781250 0.955078 0.780469 0.955078 0.776563 0.959961 0.776563 0.960938 0.775000 0.962891 0.775000 0.963867 0.773438 0.965820 0.773438 0.966797 0.772656 0.967773 0.772656 0.968750 0.771875 0.969727 0.771875 0.977539 0.772656 0.978516 0.772656 0.981445 0.773438 0.982422 0.788281 0.982422 0.789062 0.981445 0.789062 0.980469 0.789844 0.979492 0.789844 0.978516 0.790625 0.977539 0.790625 0.976562 0.791406 0.975586 0.791406 0.974609 0.792188 0.973633 0.792969 0.973633 0.795312 0.970703 0.796094 0.971680 0.798438 0.971680 0.800000 0.973633 0.800781 0.973633 0.802344 0.975586 0.803125 0.975586 0.804688 0.977539 0.806250 0.977539 0.807031 0.978516 0.809375 0.978516 0.810156 0.977539 0.810937 0.977539 0.811719 0.978516 0.813281 0.978516 0.814063 0.977539 0.815625 0.977539 0.816406 0.976562 0.816406 0.959961 0.812500 0.955078 0.811719 0.955078 0.809375 0.952148 0.808594 0.952148 0.807813 0.951172 0.807031 0.951172 0.805469 0.949219 0.804688 0.949219 0.803906 0.948242